0	0	0	0	0	0	0	0	0	0	0	0	0	0	0	0	0	0	0	0	0	0	0	0	0	0	0	0	0	0	0	0	0	0	0	0	0	0	0	0	0	0	0	0	0	0	0	0	0	0	0	0	0	0	0	0	0	0	0	0	0	0	0	0	0	0	0	0	0	0	0	0	0	0	0	0	0	0	0	0	0	0	0	0	0	0	0	0	0	0	0	0	0	0	0	0	0	0	0	0	0	12	12	12	12	12	12	12	12	12	12	12	12	12	12	12	12	12	12	12	12	12	12	12	12	12	12	12	12	12	12	12	12	12	12	12	12	12	12	12	12	12	12	12	12	12	12	12	12	12	12	12	12	12	12	12	12	12	12	12	12	12	12	12	12	12	12	12	12	12	12	12	12	12	12	12	12	12	12	12	12	12	12	12	12	12	12	12	12	12	12	12	12	12	12	12	12	12	12	12	12	24	24	24	24	24	24	24	24	24	24	24	24	24	24	24	24	24	24	24	24	24	24	24	24	24	24	24	24	24	24	24	24	24	24	24	24	24	24	24	24	24	24	24	24	24	24	24	24	24	24	24	24	24	24	24	24	24	24	24	24	24	24	24	24	24	24	24	24	24	24	24	24	24	24	24	24	24	24	24	24	24	24	24	24	24	24	24	24	24	24	24	24	24	24	24	24	24	24	24	24	48	48	48	48	48	48	48	48	48	48	48	48	48	48	48	48	48	48	48	48	48	48	48	48	48	48	48	48	48	48	48	48	48	48	48	48	48	48	48	48	48	48	48	48	48	48	48	48	48	48	48	48	48	48	48	48	48	48	48	48	48	48	48	48	48	48	48	48	48	48	48	48	48	48	48	48	48	48	48	48	48	48	48	48	48	48	48	48	48	48	48	48	48	48	48	48	48	48	48	48	72	72	72	72	72	72	72	72	72	72	72	72	72	72	72	72	72	72	72	72	72	72	72	72	72	72	72	72	72	72	72	72	72	72	72	72	72	72	72	72	72	72	72	72	72	72	72	72	72	72	72	72	72	72	72	72	72	72	72	72	72	72	72	72	72	72	72	72	72	72	72	72	72	72	72	72	72	72	72	72	72	72	72	72	72	72	72	72	72	72	72	72	72	72	72	72	72	72	72	72	96	96	96	96	96	96	96	96	96	96	96	96	96	96	96	96	96	96	96	96	96	96	96	96	96	96	96	96	96	96	96	96	96	96	96	96	96	96	96	96	96	96	96	96	96	96	96	96	96	96	96	96	96	96	96	96	96	96	96	96	96	96	96	96	96	96	96	96	96	96	96	96	96	96	96	96	96	96	96	96	96	96	96	96	96	96	96	96	96	96	96	96	96	96	96	96	96	96	96	96	120	120	120	120	120	120	120	120	120	120	120	120	120	120	120	120	120	120	120	120	120	120	120	120	120	120	120	120	120	120	120	120	120	120	120	120	120	120	120	120	120	120	120	120	120	120	120	120	120	120	120	120	120	120	120	120	120	120	120	120	120	120	120	120	120	120	120	120	120	120	120	120	120	120	120	120	120	120	120	120	120	120	120	120	120	120	120	120	120	120	120	120	120	120	120	120	120	120	120	120	144	144	144	144	144	144	144	144	144	144	144	144	144	144	144	144	144	144	144	144	144	144	144	144	144	144	144	144	144	144	144	144	144	144	144	144	144	144	144	144	144	144	144	144	144	144	144	144	144	144	144	144	144	144	144	144	144	144	144	144	144	144	144	144	144	144	144	144	144	144	144	144	144	144	144	144	144	144	144	144	144	144	144	144	144	144	144	144	144	144	144	144	144	144	144	144	144	144	144	144
0	0	0	0	0	0	0	0	0	0	0	0	0	0	0	0	0	0	0	0	0	0	0	0	0	0	0	0	0	0	0	0	0	0	0	0	0	0	0	0	0	0	0	0	0	0	0	0	0	0	0	0	0	0	0	0	0	0	0	0	0	0	0	0	0	0	0	0	0	0	0	0	0	0	0	0	0	0	0	0	0	0	0	0	0	0	0	0	0	0	0	0	0	0	0	0	0	0	0	0	0	100	100	100	100	100	100	100	100	100	100	100	100	100	100	100	100	100	100	100	100	100	100	100	100	100	100	100	100	100	100	100	100	100	100	100	100	100	100	100	100	100	100	100	100	100	100	100	100	100	100	100	100	100	100	100	100	100	100	100	100	100	100	100	100	100	100	100	100	100	100	100	100	100	100	100	100	100	100	100	100	100	100	100	100	100	100	100	100	100	100	100	100	100	100	100	100	100	100	100	100	100	100	100	100	100	100	100	100	100	100	100	100	100	100	100	100	100	100	100	100	100	100	100	100	100	100	100	100	100	100	100	100	100	100	100	100	100	100	100	100	100	100	100	100	100	100	100	100	100	100	100	100	100	100	100	100	100	100	100	100	100	100	100	100	100	100	100	100	100	100	100	100	100	100	100	100	100	100	100	100	100	100	100	100	100	100	100	100	100	100	100	100	100	100	100	100	100	100	100	100	100	100	100	100	100	100	100	100	100	100	100	100	100	100	100	100	100	100	100	100	100	100	100	100	100	100	100	100	100	100	100	100	100	100	100	100	100	100	100	100	100	100	100	100	100	100	100	100	100	100	100	100	100	100	100	100	100	100	100	100	100	100	100	100	100	100	100	100	100	100	100	100	100	100	100	100	100	100	100	100	100	100	100	100	100	100	100	100	100	100	100	100	100	100	100	100	100	100	100	100	100	100	100	100	100	100	100	100	100	100	100	100	100	100	100	100	100	100	100	100	100	100	100	100	100	100	100	100	100	100	100	100	100	100	100	100	100	100	100	100	100	100	100	100	100	100	100	100	100	100	100	100	100	100	100	100	100	100	100	100	100	100	100	100	100	100	100	100	100	100	100	100	100	100	100	100	100	100	100	100	100	100	100	100	100	100	100	100	100	100	100	100	100	100	100	100	100	100	100	100	100	100	100	100	100	100	100	100	100	100	100	100	100	100	100	100	100	100	100	100	100	100	100	100	100	100	100	100	100	100	100	100	100	100	100	100	100	100	100	100	100	100	100	100	100	100	100	100	100	100	100	100	100	100	100	100	100	100	100	100	100	100	100	100	100	100	100	100	100	100	100	100	100	100	100	100	100	100	100	100	100	100	100	100	100	100	100	100	100	100	100	100	100	100	100	100	100	100	100	100	100	100	100	100	100	100	100	100	100	100	100	100	100	100	100	100	100	100	100	100	100	100	100	100	100	100	100	100	100	100	100	100	100	100	100	100	100	100	100	100	100	100	100	100	100	100	100	100	100	100	100	100	100	100	100	100	100	100	100	100	100	100	100	100	100	100	100	100	100	100	100	100	100	100	100	100	100	100	100	100	100	100	100	100	100	100	100	100	100	100	100	100	100	100	100	100	100	100	100	100	100	100	100	100	100	100	100	100	100	100	100	100	100	100	100	100	100	100	100	100	100	100	100	100	100	100	100	100	100	100	100	100	100	100	100	100	100	100	100	100	100	100	100	100	100	100	100	100	100	100	100	100	100	100	100	100	100	100	100	100	100	100	100	100	100	100	100	100	100	100	100	100	100	100	100	100	100	100	100	100	100	100	100	100	100	100	100	100	100	100	100	100	100	100	100	100	100	100	100	100
1	0	0	0	0	0	0	0	0	0	0	0	0	0	0	0	0	0	0	0	0	0	0	0	0	0	0	0	0	0	0	0	0	0	0	0	0	0	0	0	0	0	0	0	0	0	0	0	0	0	0	0	0	0	0	0	0	0	0	0	0	0	0	0	0	0	0	0	0	0	0	0	0	0	0	0	0	0	0	0	0	0	0	0	0	0	0	0	0	0	0	0	0	0	0	0	0	0	0	0	0	12	0	44	1	0	1	114	26	24	0	0	4	0	5	0	0	0	0	0	0	7	39	53	0	0	0	0	0	0	0	25	8	0	0	0	0	0	24	61	0	0	44	0	9	0	0	5	0	72	5	0	24	7	0	46	0	16	0	0	0	69	36	0	7	0	66	207	6	14	0	0	0	18	19	0	0	0	1	1	0	0	0	0	0	1	4	0	0	0	0	0	0	0	20	0	0	0	0	16	0	10	0	13	95	88	0	0	0	0	0	3	35	0	25	0	1	0	0	6	0	0	23	0	34	6	29	5	51	0	0	0	52	0	14	0	0	0	3	0	0	1	9	0	5	0	58	0	17	2	0	12	28	102	38	27	0	27	0	0	86	114	57	5	2	131	55	0	2	1	11	0	0	35	0	0	6	1	5	2	223	131	0	0	0	0	25	33	0	3	52	1	0	0	0	38	0	123	0	26	6	13	178	128	38	64	7	23	0	0	9	5	0	0	0	80	0	1	2	0	40	0	12	67	0	55	10	7	34	214	4	183	49	2	48	0	0	0	0	1	23	0	0	9	16	0	2	4	0	2	0	0	178	0	166	0	0	0	17	6	3	143	38	0	1	0	0	20	17	19	8	181	27	0	0	3	9	0	1	78	109	82	0	46	54	11	1	13	8	236	32	1	64	30	9	62	80	121	41	67	37	7	0	57	52	100	4	1	84	72	0	18	208	0	0	213	1	56	145	69	0	98	0	0	41	3	0	25	25	0	95	1	126	32	0	45	87	4	0	47	1	5	56	10	163	38	2	70	134	33	5	129	33	91	286	0	130	68	24	64	6	10	0	75	0	7	23	0	58	88	0	0	0	3	1	14	1	7	78	0	9	0	334	356	100	197	154	86	112	95	0	15	29	14	238	50	6	8	0	187	28	64	0	108	0	164	86	0	130	4	32	14	84	39	85	0	50	40	0	0	12	49	69	11	24	18	0	0	5	0	81	35	0	55	64	8	90	0	89	12	88	51	70	99	58	0	69	1	170	0	30	101	21	100	1	117	20	241	42	2	126	0	223	4	62	23	40	8	37	78	5	14	10	0	0	213	126	172	2	241	0	64	106	133	62	4	0	43	0	51	125	0	376	0	15	59	36	115	0	35	6	158	0	0	80	166	341	2	53	3	23	60	92	0	57	158	86	0	7	3	0	141	17	69	120	8	55	226	7	50	77	220	156	1	126	50	209	3	62	48	1	118	106	141	24	372	42	118	6	0	33	7	2	11	185	80	0	65	142	163	111	55	4	167	29	12	93	85	99	51	26	16	39	34	99	74	76	150	49	0	106	160	21	2	77	34	79	195	19	82	31	22	2	97	137	29	8	26	1	0	100	1	28	0	84	62	152	45	147	40	62	70	154	18	185	94	5	94	162	42	174	105	0	4	41	17	59	9	10	142	12	5	45	6	0	23	186	198	21	0	162	51	0	29	137	46	38	0	15	105	52	69	4	43	118	55	183	71	30	45	62	60	71	34	5	0	51	49	46	0	113	53	210	28	141	179	59	95	22	2	61	87	155	116	72	10	0	120	251	118	84	38	48	29	114	23	169	20	11	40	30
2	0	0	0	0	0	0	0	0	0	0	0	0	0	0	0	0	0	9	0	0	0	0	0	0	0	0	0	0	0	0	0	0	0	0	0	0	0	0	0	0	0	0	0	0	0	0	0	0	0	0	0	0	0	0	0	0	0	0	0	2	0	0	0	0	0	0	0	0	0	0	0	0	0	0	0	0	0	0	0	0	0	0	0	0	0	0	0	0	0	0	0	0	0	0	0	0	0	0	0	0	8	0	0	0	5	0	1	0	0	0	0	0	1	0	0	0	0	69	0	0	33	0	0	0	0	0	40	3	81	0	0	20	0	10	30	0	2	0	3	0	0	0	63	0	6	3	12	0	0	0	0	0	238	0	48	0	0	22	0	0	112	0	0	0	0	0	15	0	1	0	0	17	0	0	1	13	0	11	0	2	1	23	1	53	0	0	4	0	0	0	0	0	0	0	0	7	0	0	0	37	176	0	1	0	0	19	1	0	22	0	0	0	37	22	0	45	154	3	0	1	0	48	57	0	0	21	13	0	9	0	30	0	10	42	0	37	12	10	0	40	1	15	0	11	0	3	0	0	57	11	3	0	0	180	0	36	0	0	0	3	31	19	5	22	49	13	39	1	0	0	2	18	71	2	8	0	0	0	0	0	11	62	19	0	1	14	56	0	64	0	0	11	20	22	0	3	5	86	31	2	114	87	77	7	0	22	31	1	5	3	8	2	0	2	100	55	11	1	1	0	1	92	1	10	10	0	48	10	15	9	118	1	200	97	2	40	31	37	150	0	9	0	48	1	97	53	1	46	37	3	97	33	5	46	32	225	1	1	0	3	10	0	0	0	0	0	44	34	0	110	79	29	70	6	90	178	0	31	33	29	2	0	0	0	4	0	2	16	1	0	22	0	23	0	114	27	247	29	63	0	0	6	1	310	108	9	9	4	119	1	90	41	0	302	112	53	3	444	60	7	50	14	13	70	44	18	118	24	2	146	64	102	0	38	8	128	0	0	92	130	163	40	342	181	7	101	0	57	56	8	88	1	31	228	0	180	27	102	3	16	10	94	62	160	47	55	20	0	88	27	0	94	64	22	2	57	59	189	19	0	52	6	17	186	93	158	47	0	34	33	5	41	71	42	128	0	0	1	23	42	15	2	141	0	172	36	77	35	93	175	123	223	302	53	11	118	168	197	9	31	32	76	7	62	87	0	0	28	7	117	185	160	23	122	0	249	91	126	6	47	159	29	175	83	4	0	112	22	15	156	130	94	105	1	22	150	11	45	26	157	0	131	2	25	104	76	5	332	22	0	0	0	0	47	60	148	181	0	21	6	173	70	69	292	148	67	77	113	193	222	114	205	0	20	1	68	256	0	116	0	381	55	0	19	72	250	48	12	62	0	80	43	0	103	73	161	0	123	0	6	104	140	25	243	138	47	31	35	64	14	73	122	17	27	141	56	81	132	176	112	6	89	290	72	84	4	8	162	0	94	9	158	6	233	86	32	149	207	147	53	117	0	59	206	173	124	5	0	193	74	153	58	55	84	261	183	40	90	15	6	320	140	0	92	325	80	86	41	108	30	209	0	141	90	52	46	2	9	9	19	0	0	43	108	142	212	106	187	210	19	49	11	23	107	80	55	35	10	99	74	130	26	358	80	24	255	282	106	74	84	340	77	0	0	24	67	194	39	39	77	11	0	162	40	48	116	0	0	76	98	56	95	88	37	68	29	71	88	72	46	37	101	100	104	2	96	214	226	0	163	13	104	70	150	28	69	290	37	0	206	167	215	24	132	1	82	103	129	76	68	135	24	3	260	50	24	36	88	159	1
3	0	0	0	0	0	0	0	0	0	0	0	0	0	0	0	0	0	0	0	0	0	0	0	0	0	0	0	0	0	0	0	0	20	0	0	0	0	0	0	0	0	0	0	0	0	0	0	0	0	0	0	0	0	0	0	0	0	0	0	0	0	0	0	0	0	0	0	0	0	0	0	0	0	0	0	0	0	0	0	0	0	0	0	0	0	0	0	0	0	0	0	0	0	0	0	0	0	0	0	0	0	0	0	0	0	0	0	0	0	0	0	0	0	0	0	0	0	0	0	0	0	0	0	0	0	0	0	0	0	0	0	0	0	0	0	0	0	0	0	0	0	0	0	0	0	0	0	0	0	0	0	0	62	0	0	0	0	0	0	0	0	0	0	0	0	0	0	0	0	0	0	0	0	0	0	0	0	0	0	0	0	0	0	0	0	0	0	0	0	0	0	0	0	0	0	0	0	0	0	0	0	0	0	0	0	0	0	0	0	0	0	0	0	0	0	0	0	0	0	0	0	0	0	0	0	0	0	0	0	0	0	0	0	0	0	0	0	0	0	0	0	9	0	0	0	0	0	0	0	0	0	0	0	19	0	0	0	0	0	0	0	0	0	31	0	0	0	0	0	0	0	0	0	0	0	0	0	0	0	0	0	7	5	0	0	0	3	0	0	0	0	0	0	0	0	0	0	0	0	0	0	20	166	1	0	0	0	0	0	0	0	0	0	0	55	0	0	0	0	0	0	89	3	0	13	0	0	0	201	0	161	8	0	32	0	78	0	0	0	0	0	0	5	0	0	1	0	75	0	0	14	143	0	36	0	0	0	0	0	0	21	0	0	0	0	0	0	0	0	0	49	0	30	0	0	0	0	0	21	226	0	0	0	0	0	0	0	2	0	0	0	0	0	0	6	101	99	0	66	0	0	0	0	83	110	0	0	0	21	0	97	42	0	22	114	256	0	113	0	0	6	0	0	0	48	0	231	256	0	37	0	156	0	0	0	114	0	0	119	40	11	95	5	342	0	11	0	45	150	17	19	0	46	94	0	23	34	176	0	182	0	39	117	24	0	113	0	1	107	0	0	0	0	0	0	0	0	24	0	0	0	40	23	138	11	139	0	0	165	0	9	31	0	59	92	0	0	0	66	96	142	0	35	0	42	16	128	34	146	382	0	160	169	135	0	92	117	77	0	95	19	101	0	0	153	0	0	40	0	274	135	0	0	0	0	32	47	82	0	76	87	192	47	110	2	63	0	44	0	59	231	20	27	0	296	66	61	119	51	117	0	77	0	128	58	0	0	17	0	0	0	17	0	107	40	36	105	0	85	0	130	47	52	122	0	0	12	0	165	60	0	157	0	138	140	51	16	0	31	0	194	18	0	34	90	60	47	196	66	0	79	141	0	240	278	187	0	138	0	0	126	28	55	107	186	73	28	0	28	249	63	92	0	253	111	180	48	5	136	74	55	74	22	29	40	164	92	167	0	4	0	63	0	38	54	0	91	133	128	155	116	0	18	60	73	104	161	101	0	155	126	141	181	46	128	147	63	73	0	395	76	83	0	25	171	13	46	0	141	64	36	0	40	40	105	42	0	0	0	124	0	0	210	75	82	230	29	127	68	142	113	44	136	45	182	0	61	187	131	37	196	4	163	19	45	85	47	31	7	0	214	197	0	0	103	28	37	73	38	207	219	0	80	163	88	68	0	0	84	62	70	178	136	290	112	77	190	60	217	174	78	32	75	91	0	98	52	92	0	93	186	215	128	102	30	117	167	43	0	75	169	77	284	115	0	0	97	108	138	111	99	55	0	126	185	60	80	149	84	0
4	0	0	0	0	0	0	0	0	0	0	0	0	0	0	0	0	0	0	0	0	0	0	0	0	0	0	0	0	0	0	0	0	0	0	0	0	0	0	0	0	0	0	0	0	0	0	0	0	0	0	0	0	0	0	0	0	0	0	0	0	0	0	0	0	0	0	0	0	0	3	0	0	0	0	0	0	0	0	0	0	0	0	0	0	0	0	0	0	0	0	0	0	0	0	18	0	0	0	0	0	0	0	0	0	0	0	0	0	0	0	0	0	0	0	0	0	0	0	0	0	0	0	0	0	0	0	0	0	0	0	0	0	0	0	0	0	0	0	0	0	0	0	0	0	0	0	0	0	0	0	0	0	0	0	0	0	0	0	0	0	0	0	0	0	0	0	0	0	7	0	0	0	0	0	0	0	0	0	2	0	0	0	0	0	0	0	0	0	0	0	0	0	0	0	0	0	0	0	0	0	0	0	0	0	0	0	0	0	0	0	0	0	0	0	0	0	0	0	0	0	0	0	0	0	0	1	0	0	0	7	0	0	0	0	109	0	0	0	0	0	0	0	1	0	35	0	0	0	0	0	0	0	0	17	0	0	0	0	0	0	12	0	0	0	0	0	0	0	0	0	0	0	0	0	0	0	0	0	0	0	98	50	1	0	0	0	0	0	82	0	0	0	0	0	0	0	0	5	0	0	0	4	62	16	0	0	0	0	0	0	3	0	0	5	12	0	0	0	0	0	0	0	0	0	0	0	0	0	22	0	92	0	0	23	0	0	41	0	0	32	0	0	0	34	0	0	0	34	0	0	0	192	0	102	12	124	0	0	0	0	26	0	0	0	0	0	0	0	0	0	88	7	35	0	0	10	0	0	27	17	0	0	0	1	0	0	0	2	0	0	0	0	0	0	57	127	7	0	94	0	4	0	0	38	1	0	0	0	59	0	193	182	0	0	70	6	0	78	0	0	79	0	0	0	0	0	167	63	0	59	0	54	0	0	0	22	0	1	127	122	15	19	41	47	0	0	0	34	81	5	22	0	24	0	0	33	25	12	2	19	0	16	139	21	39	110	0	0	7	0	0	0	0	0	0	0	0	41	0	0	0	27	135	76	95	88	0	0	125	2	0	3	0	146	18	0	0	0	120	80	28	0	127	0	54	68	13	41	52	103	0	0	0	160	0	71	75	31	0	17	126	495	0	0	160	0	0	52	0	23	62	0	0	0	0	63	0	111	0	95	178	20	40	194	0	38	1	86	0	126	23	76	78	0	9	21	164	98	52	174	0	108	0	10	26	0	0	160	0	0	47	0	0	79	120	68	31	0	78	0	72	23	70	16	0	197	65	0	102	113	0	42	0	116	12	1	181	0	39	0	0	0	0	132	148	69	24	173	0	0	37	254	1	15	65	45	0	151	1	0	333	104	44	26	39	303	36	0	92	74	56	23	3	94	9	6	44	194	93	26	71	146	68	104	42	91	9	16	0	46	0	303	0	102	178	6	52	22	88	107	133	0	63	62	0	28	135	0	0	0	108	57	236	55	83	284	44	0	0	71	42	103	0	205	129	116	50	0	24	9	175	0	29	64	101	201	0	0	0	29	0	0	3	129	78	0	66	89	5	36	1	64	0	9	0	0	0	0	97	169	22	64	0	32	20	2	47	119	267	62	44	72	0	0	17	51	173	73	20	136	66	0	0	148	33	9	0	0	174	1	13	208	14	147	0	0	108	0	131	0	1	128	0	9	0	15	120	28	0	166	87	61	73	125	163	2	93	0	0	66	205	130	3	44	60	0	26	3	87	35	18	4	0	108	2	61	15	49	38	7
5	0	0	0	0	0	0	0	0	0	0	0	0	33	0	0	0	0	0	0	0	0	0	0	0	0	0	0	0	0	0	0	0	0	0	0	0	0	0	0	0	0	0	0	0	0	0	0	0	0	0	0	0	0	0	0	0	0	0	0	0	0	0	0	0	0	0	0	0	0	0	0	0	0	0	0	0	0	0	0	76	0	0	0	0	0	0	0	0	0	0	0	0	0	0	0	0	0	0	0	0	0	0	0	0	0	0	0	0	0	9	0	0	0	0	0	0	0	0	0	0	0	0	0	0	0	0	0	0	0	0	0	0	0	0	0	0	0	0	0	0	0	0	0	0	0	0	0	0	0	0	0	0	0	0	4	0	0	0	0	0	0	0	0	0	0	0	0	0	0	0	0	0	0	0	0	0	0	0	0	0	0	0	0	0	0	0	0	0	0	0	0	0	0	0	7	0	0	0	0	0	0	0	0	0	0	34	0	0	0	0	0	0	0	0	0	2	0	0	8	0	0	0	107	0	0	4	0	0	0	0	0	0	0	0	0	0	0	0	0	0	0	0	0	0	0	0	0	0	0	4	0	0	0	0	0	0	17	0	0	0	84	0	0	0	40	0	0	0	0	0	0	0	0	1	0	0	0	0	0	0	0	56	35	0	0	0	1	0	0	0	0	0	0	0	0	0	0	0	0	0	0	93	112	39	0	0	0	0	0	0	0	0	0	0	65	19	0	0	0	0	0	6	0	0	0	0	0	1	0	0	93	2	0	36	0	1	0	123	0	4	0	0	6	8	0	0	0	5	0	0	0	431	0	364	0	54	0	0	0	0	28	0	0	0	0	0	0	0	0	22	146	0	56	0	0	0	0	0	187	92	0	4	0	0	0	0	0	0	0	0	0	0	0	0	57	112	96	0	130	0	0	0	0	172	138	0	0	0	21	0	124	160	0	0	19	39	0	29	15	0	52	0	0	21	0	0	150	90	0	85	0	357	0	47	0	54	0	0	118	17	0	11	62	86	0	11	0	205	39	0	378	14	55	21	0	0	164	55	76	84	0	49	114	80	0	75	0	0	345	0	0	0	0	32	19	0	0	184	0	0	0	113	44	126	62	195	0	0	127	0	0	11	158	48	73	3	0	0	199	86	206	0	66	0	64	82	46	111	36	12	50	96	18	51	0	69	58	173	0	7	111	78	27	0	74	0	0	0	0	45	2	1	0	0	0	188	96	48	0	135	47	2	104	21	0	84	0	31	0	8	29	3	161	10	16	38	162	137	431	48	0	86	1	74	23	0	0	23	5	0	0	10	0	31	74	22	91	3	39	0	185	19	60	87	1	113	31	0	95	113	0	113	0	219	0	6	70	0	25	0	140	0	0	112	32	17	6	100	0	0	28	174	0	26	17	11	1	266	0	0	0	5	72	68	102	120	50	0	105	49	177	60	2	29	15	61	32	38	163	46	49	174	224	222	126	72	30	41	0	51	12	226	0	83	75	28	40	138	139	84	99	0	210	336	15	160	109	24	0	3	19	135	66	77	75	34	90	12	0	97	12	80	0	61	39	58	151	0	191	28	79	2	180	67	11	149	0	0	0	11	1	0	70	72	228	0	64	79	73	92	121	214	0	87	1	1	0	62	74	27	90	59	72	78	30	27	104	125	106	52	17	52	0	8	45	116	64	133	71	104	103	0	0	20	71	3	0	0	87	2	59	98	44	162	2	45	241	0	53	0	9	57	0	46	0	30	62	88	0	65	47	78	31	53	20	42	162	0	2	120	60	108	67	40	0	0	169	0	134	127	217	26	0	66	31	35	32	185	117	0
6	0	0	0	0	0	0	0	0	0	0	0	0	0	0	0	0	0	7	0	0	0	0	0	0	36	0	0	0	0	0	0	0	0	0	0	0	0	0	0	0	0	0	0	0	0	0	0	0	0	0	0	0	0	0	0	0	0	0	0	0	0	0	0	0	0	0	0	0	0	0	0	0	0	0	3	0	0	0	0	0	0	0	0	0	0	0	0	0	0	0	0	0	0	0	0	0	0	0	0	0	0	0	84	0	0	0	5	0	0	0	0	0	0	0	0	0	0	0	0	0	12	0	0	0	0	0	0	0	0	0	0	0	0	0	13	0	0	0	0	0	45	0	2	0	0	0	15	0	0	0	0	12	8	0	0	0	0	0	0	29	0	0	0	0	0	0	0	0	8	0	0	0	0	0	0	0	0	0	20	5	0	0	0	0	0	0	0	0	0	0	0	0	0	0	0	0	0	0	0	0	7	0	0	0	0	0	0	2	0	0	6	0	0	0	0	76	18	0	0	0	0	60	5	0	0	45	0	0	0	0	0	0	0	0	0	0	1	3	0	0	0	0	0	15	0	3	0	21	0	0	0	0	0	0	9	0	0	0	0	0	130	0	0	0	60	0	7	0	0	4	4	202	0	27	13	0	0	0	5	1	66	77	32	0	0	37	117	0	0	0	0	21	0	0	0	4	0	67	0	0	0	38	40	7	1	0	30	1	10	0	1	0	0	3	74	13	14	0	0	0	0	165	5	0	62	6	1	6	0	0	51	113	0	228	0	0	25	2	0	2	7	0	0	0	0	0	0	86	0	1	0	14	0	83	36	114	0	14	0	0	59	0	0	0	8	0	0	0	0	81	85	0	172	0	0	1	0	27	62	150	3	0	0	0	0	6	5	3	0	0	0	0	0	10	37	229	168	0	56	0	0	0	0	4	5	7	0	0	65	0	14	16	7	2	324	83	0	44	18	6	35	26	0	18	0	0	181	59	0	106	0	242	0	44	0	55	18	14	75	166	34	7	28	125	0	1	1	21	10	174	90	6	69	0	0	117	248	111	18	28	0	313	208	6	32	102	0	0	195	0	0	0	0	0	0	36	58	171	0	0	0	331	106	142	23	90	0	0	46	1	11	111	0	86	337	0	0	0	70	177	59	0	114	0	182	200	133	85	167	66	0	192	15	101	0	11	171	139	0	71	150	129	0	15	232	33	0	103	0	64	340	0	0	47	6	128	0	111	0	209	163	84	17	40	0	170	27	23	2	69	11	44	107	7	11	14	120	32	108	14	19	24	3	68	49	0	0	119	2	0	26	0	0	266	33	54	117	4	45	0	119	100	97	27	0	2	10	3	63	25	0	20	0	95	46	91	36	0	47	5	154	0	0	64	98	127	6	54	75	0	151	275	0	92	55	50	0	37	13	0	85	174	66	16	61	79	113	0	71	131	82	66	0	29	147	11	76	84	66	91	138	95	69	129	74	195	55	61	0	272	20	88	95	110	142	37	53	69	6	293	24	0	83	116	30	160	75	57	0	175	76	77	30	57	119	76	41	0	0	105	50	76	39	61	83	163	10	0	30	75	74	0	62	98	75	202	0	0	0	27	0	0	125	38	199	194	29	183	112	14	162	192	7	72	165	0	143	72	32	95	9	5	16	35	76	54	91	80	6	99	52	93	0	12	95	58	158	109	62	38	83	0	36	89	22	218	0	0	210	75	41	16	49	75	95	189	44	2	192	335	66	85	68	101	0	38	186	145	2	4	115	20	33	127	147	25	223	28	0	153	29	122	26	95	0	0	292	147	159	148	61	239	0	185	180	130	79	59	58	0
7	0	0	0	0	0	0	0	0	0	0	0	0	0	0	0	0	0	0	0	0	0	0	0	0	0	0	0	0	0	0	0	0	0	0	0	0	0	0	0	0	0	0	0	0	0	0	0	0	0	0	0	0	0	0	0	0	0	0	0	0	0	0	0	0	0	0	0	0	0	0	0	0	0	0	0	0	0	0	0	0	0	0	0	0	0	0	0	0	0	0	0	0	0	0	0	0	0	0	0	0	0	0	23	0	0	0	11	0	29	0	0	0	11	0	0	0	0	0	0	0	24	0	0	0	0	0	0	0	0	0	0	11	1	0	0	0	0	0	0	0	0	0	0	0	0	2	0	0	0	0	0	0	19	0	0	0	16	0	0	0	16	0	0	0	0	0	0	0	0	0	0	0	0	0	0	0	0	0	0	0	0	0	0	0	0	0	0	0	0	0	0	0	0	8	0	0	0	0	0	0	92	0	0	10	0	0	0	0	0	7	0	0	0	3	0	0	36	0	0	0	0	0	0	39	0	1	66	0	0	0	0	0	3	0	0	0	0	0	0	0	0	102	2	0	0	0	0	0	0	0	0	0	206	6	0	0	4	0	0	0	187	71	4	2	157	0	0	0	0	0	0	0	0	0	0	8	0	0	0	0	80	99	33	0	0	30	61	0	0	36	0	19	0	22	0	6	0	0	0	39	60	96	69	104	0	0	0	0	0	0	0	0	0	0	117	0	12	0	0	0	0	15	61	10	0	7	37	7	76	0	167	20	4	69	0	50	6	40	0	45	0	0	14	2	0	192	55	48	0	0	0	29	0	71	6	54	0	0	0	2	23	8	0	2	0	0	0	14	7	1	32	13	123	0	0	20	0	17	95	126	0	0	5	0	0	0	3	0	5	8	41	0	0	0	107	103	94	0	80	16	1	0	0	97	69	0	0	0	83	0	34	46	0	51	32	106	0	5	72	4	32	2	0	0	76	0	64	61	0	77	0	9	0	0	0	88	30	0	157	40	15	48	56	27	0	4	1	45	78	132	51	0	176	63	0	52	159	84	34	159	0	198	179	93	0	407	61	1	293	0	0	11	0	18	0	78	0	82	9	50	14	49	43	177	45	88	1	0	156	0	17	73	48	77	8	1	6	0	68	128	277	1	90	0	66	186	163	85	212	40	43	17	95	32	0	19	70	91	1	23	227	69	0	2	91	0	0	29	0	141	119	14	0	7	0	10	20	225	0	192	132	67	38	85	0	69	15	40	2	167	132	104	56	3	26	85	179	5	29	48	5	67	95	78	29	0	0	122	13	0	8	117	0	35	233	68	4	0	243	0	108	61	225	71	0	76	107	0	11	20	0	79	3	157	108	88	43	0	107	0	49	117	0	335	14	177	42	236	167	0	429	56	0	64	123	193	0	225	9	0	28	142	42	80	61	48	228	0	85	115	70	57	23	134	83	115	39	146	18	106	132	55	27	68	144	88	47	55	0	48	0	44	0	103	14	203	115	19	63	206	178	0	53	18	119	322	138	116	18	68	7	158	119	79	303	86	48	25	0	95	22	38	0	291	126	56	223	8	78	166	108	0	159	73	31	16	0	16	4	115	0	0	144	26	6	8	8	36	100	166	55	54	45	62	54	20	30	29	214	117	32	6	188	120	18	46	49	59	132	0	22	125	0	0	219	27	157	90	143	91	99	0	246	133	64	81	0	0	117	116	173	134	127	172	107	26	75	78	32	105	77	66	95	103	0	63	214	55	0	109	118	179	101	64	72	228	263	119	0	32	186	35	181	12	14	0	245	55	230	110	48	15	0	76	81	101	182	31	243	10
8	0	0	0	0	0	0	0	85	0	0	0	0	0	0	0	0	0	0	0	0	0	0	0	0	0	0	0	0	0	0	0	0	0	0	0	0	0	0	0	0	0	0	0	0	0	0	0	0	0	0	0	0	0	0	0	0	0	0	0	0	0	0	0	0	0	0	0	0	0	0	0	0	0	0	0	0	0	0	0	0	0	0	0	0	0	0	0	0	0	0	0	0	0	0	0	0	0	0	0	0	0	0	0	0	0	3	0	0	0	0	0	0	0	0	0	0	0	0	0	0	0	0	0	0	0	0	0	0	0	0	0	0	0	0	0	3	0	0	0	0	0	61	0	0	3	0	0	0	0	0	0	0	0	0	0	0	0	0	0	24	58	4	0	0	0	0	0	0	0	0	0	0	0	0	12	0	0	33	0	0	7	0	0	0	0	0	0	0	2	0	0	0	2	39	0	0	0	0	0	45	0	0	17	0	2	29	0	0	0	0	5	3	0	15	0	0	108	0	0	0	0	33	44	0	0	8	25	0	0	0	2	0	0	0	0	0	1	0	1	0	9	0	0	0	0	0	0	0	25	0	0	0	28	146	0	0	1	0	0	0	143	80	0	18	20	0	1	0	0	0	0	0	0	0	0	0	0	0	0	0	0	357	2	0	0	52	43	0	0	0	0	0	0	0	0	0	0	32	0	6	0	133	19	13	0	0	10	0	0	0	1	0	0	1	92	0	0	0	0	0	0	249	0	0	0	0	225	4	28	0	60	10	4	113	0	45	20	22	0	26	1	0	17	32	0	2	0	40	0	0	8	52	0	40	0	123	0	0	0	0	87	9	0	0	0	0	0	0	50	3	8	7	101	20	0	0	0	104	89	42	0	0	1	17	10	0	17	6	0	1	88	0	26	0	88	88	60	0	9	0	0	0	0	124	112	0	3	14	55	5	145	22	0	152	177	121	1	256	121	0	92	0	1	0	52	0	108	230	0	19	0	101	0	0	0	44	0	0	160	68	28	58	17	40	0	65	0	46	45	7	19	6	7	134	7	207	7	49	34	69	13	62	204	10	0	46	0	0	118	1	0	0	0	17	0	188	6	27	0	0	0	33	111	291	114	113	0	0	47	0	0	166	186	143	40	0	0	0	236	149	44	1	53	1	47	31	66	193	69	42	17	342	78	111	1	10	47	168	0	63	87	121	0	46	64	2	0	300	0	34	77	4	0	17	0	153	131	9	0	134	28	10	19	44	0	378	0	50	22	35	54	84	99	0	205	163	169	40	22	60	0	18	6	139	95	0	31	95	0	0	13	6	0	50	438	19	100	3	96	0	7	219	90	58	0	66	329	9	93	48	0	36	25	81	260	136	155	0	27	0	158	0	0	36	138	134	44	207	57	0	162	329	0	21	54	20	0	65	0	0	87	6	72	56	84	57	61	44	16	80	48	49	0	38	224	40	85	92	39	28	13	115	29	32	65	90	167	14	0	134	0	106	0	82	105	40	100	141	16	83	108	54	78	99	83	157	8	5	1	90	65	62	38	87	171	9	30	76	0	77	123	39	0	227	244	158	98	16	79	226	27	0	48	89	74	85	0	0	0	122	0	0	30	109	164	42	74	68	178	116	24	55	180	110	99	119	75	59	15	39	49	68	24	151	25	31	48	76	144	22	41	108	0	0	130	112	125	132	212	115	38	0	25	20	49	69	0	0	272	126	100	29	57	144	39	99	194	235	58	59	42	120	97	32	0	96	216	40	0	32	100	151	40	25	82	110	102	159	0	175	24	88	14	28	0	16	68	129	80	31	76	17	0	197	75	88	111	157	140	0
9	0	0	0	0	0	0	0	0	0	0	0	0	0	0	0	0	0	0	0	0	0	0	0	0	0	0	0	0	0	0	0	0	0	0	0	0	0	0	0	0	0	0	0	0	0	0	0	0	0	0	0	0	0	0	0	0	0	0	0	0	0	0	0	0	0	0	0	0	0	0	0	0	0	0	0	0	0	0	0	0	0	0	0	0	0	0	0	0	0	0	0	0	0	0	0	0	0	0	0	0	0	0	0	0	0	0	0	0	0	0	0	0	0	0	0	0	0	0	0	0	0	0	0	0	0	0	0	0	0	0	0	0	0	0	0	0	0	0	0	0	0	0	0	0	0	0	0	0	0	0	0	0	26	0	0	0	0	0	0	0	0	0	0	0	11	0	0	0	0	0	0	0	0	0	0	0	0	0	0	0	0	0	0	0	0	0	0	0	0	0	0	0	0	0	0	0	0	0	0	0	0	0	0	0	0	0	0	0	10	0	0	0	0	0	0	0	0	0	0	0	0	0	0	0	0	0	0	0	0	0	0	0	0	0	0	0	0	0	0	0	0	0	0	0	0	0	1	0	0	0	0	0	0	0	0	0	0	0	0	0	0	0	0	0	0	0	0	0	0	0	0	0	0	0	0	0	0	0	0	0	0	0	0	0	0	0	0	0	0	0	0	0	0	0	0	14	0	0	0	0	0	0	0	0	0	0	0	0	0	0	0	0	0	0	0	0	0	0	0	0	0	0	0	0	0	0	0	0	0	0	0	0	0	0	0	0	0	0	0	0	0	0	0	0	0	0	0	0	0	0	0	0	0	5	0	0	0	0	0	0	0	0	0	0	0	0	0	0	0	0	0	0	0	0	0	0	0	3	0	0	0	0	0	0	0	0	0	0	0	0	0	0	0	0	130	0	18	0	0	0	0	0	0	39	17	0	0	0	42	0	0	0	0	0	68	0	0	0	0	0	0	0	0	0	0	0	0	0	0	42	0	88	0	0	0	0	0	0	0	0	0	0	0	76	0	0	0	0	0	0	0	0	207	0	0	0	0	47	0	0	0	0	0	0	0	111	0	0	0	0	0	0	0	0	0	0	0	0	0	0	0	0	73	0	60	0	0	0	0	0	0	6	0	44	0	0	0	0	0	0	0	0	0	0	0	278	0	55	0	0	0	0	48	6	0	0	98	0	0	81	2	101	0	0	0	0	0	0	0	157	4	0	0	0	0	0	0	0	0	0	189	64	0	1	0	1	0	0	0	0	156	36	0	0	2	0	24	0	4	0	0	0	0	0	31	0	0	58	0	0	0	0	0	0	7	9	0	0	0	0	0	155	0	131	0	0	0	0	0	88	0	17	0	0	0	125	47	0	0	0	68	0	0	99	0	36	0	0	262	0	0	0	0	87	121	158	0	0	0	0	0	0	15	116	0	0	63	0	0	51	22	78	0	135	165	246	0	0	113	0	0	0	2	8	0	6	0	0	0	0	0	0	0	56	1	0	11	0	37	0	4	0	0	0	0	0	0	0	0	53	4	0	0	101	4	3	48	0	0	84	12	13	0	0	23	24	184	0	0	49	0	0	9	12	163	0	0	0	0	91	0	0	0	12	0	63	1	63	359	0	105	2	72	49	55	0	96	26	15	12	161	0	1	1	6	282	108	9	27	0	0	36	0	0	0	3	24	1	0	4	0	0	153	59	0	3	0	0	0	313	52	0	0	0	53	48	47	101	5	77	49	73	118	14	0	48	36	165	0	103	9	174	6	44	0	53	0	280	0	389	0	64	44	0	0	0	0	10	37	3	0	101	0	0	41	54	8	0	24	0
10	0	0	0	0	0	0	0	0	0	0	0	0	0	0	0	0	0	0	0	0	0	0	0	0	0	0	0	0	0	0	0	0	0	0	0	0	0	0	0	0	0	0	0	0	0	0	0	0	0	0	0	0	0	0	0	0	0	0	0	0	0	0	0	0	0	0	0	0	0	0	0	0	0	0	0	0	0	0	0	0	0	0	0	0	0	0	0	0	0	0	0	0	0	0	0	0	0	0	0	0	0	0	0	0	0	0	0	0	0	0	0	0	0	0	0	0	0	0	0	0	0	0	0	0	0	0	0	0	0	0	0	0	0	0	0	0	0	0	0	0	0	0	0	0	0	0	0	0	0	0	0	0	0	0	0	0	0	0	0	0	0	0	0	0	0	0	0	0	0	0	0	0	0	0	0	0	0	0	0	0	0	0	0	0	0	0	0	0	0	0	0	0	0	0	0	0	0	0	0	0	0	0	0	0	0	0	0	0	0	0	0	0	0	0	0	0	0	0	0	0	0	0	0	0	0	0	0	0	0	0	0	0	0	0	0	0	0	0	0	0	0	0	0	0	0	0	0	0	0	0	0	0	0	0	0	0	0	0	0	0	27	0	0	0	0	0	0	0	0	0	0	106	0	0	0	0	0	0	0	0	0	0	0	0	0	0	0	0	0	95	0	0	0	0	0	0	0	0	0	0	0	0	71	0	6	0	0	0	0	0	0	0	0	0	0	0	0	0	0	0	0	0	0	0	0	0	0	0	0	0	0	0	0	14	0	0	0	0	0	0	0	0	0	0	0	0	0	0	0	0	0	0	0	156	0	0	0	0	0	0	0	0	0	0	0	0	0	0	0	0	2	0	0	0	0	0	0	0	0	0	0	0	0	0	0	0	0	0	0	0	0	0	0	0	0	0	0	0	0	0	0	0	0	39	35	0	0	0	0	0	0	0	0	0	0	0	0	34	0	0	0	0	0	0	0	0	10	0	0	0	0	0	0	0	0	73	0	0	8	0	0	10	0	12	0	0	0	0	0	0	0	0	48	0	0	0	0	0	0	0	0	0	0	0	1	101	0	0	0	0	0	0	0	0	0	0	0	0	0	0	0	0	44	0	8	25	0	0	0	0	0	62	0	2	115	0	0	0	0	0	12	0	0	0	31	99	0	26	0	0	0	0	69	0	0	0	13	0	0	64	1	134	0	0	0	0	0	0	0	12	168	0	0	0	0	2	0	0	0	0	173	24	0	3	0	0	0	0	0	0	71	75	0	0	0	0	3	0	0	0	0	29	0	0	0	0	0	75	0	0	0	0	0	59	45	4	28	0	0	0	0	43	0	0	0	0	0	0	0	90	11	5	0	0	0	29	0	0	0	0	127	0	0	128	0	59	0	0	71	0	0	6	0	230	13	70	0	0	0	0	0	0	256	34	0	0	125	0	0	64	3	148	0	23	85	93	0	0	89	0	0	0	97	0	0	81	0	0	0	0	0	0	0	58	1	0	2	0	1	0	4	0	0	0	0	0	0	0	0	131	0	9	0	0	105	0	75	0	0	70	3	8	0	0	106	22	89	1	0	294	0	0	48	0	314	0	0	0	0	100	0	0	0	21	0	188	2	1	52	0	14	14	80	49	103	1	132	241	76	0	21	0	0	0	3	121	20	0	59	0	0	9	0	0	0	0	7	0	0	0	5	0	10	86	0	127	0	0	34	101	0	0	0	0	65	97	0	14	8	118	29	99	57	108	0	71	93	91	0	64	4	43	38	54	0	94	1	234	0	193	0	0	39	8	0	0	0	40	16	0	0	74	0	0	193	1	31	0	0	0
11	0	0	0	0	0	0	0	0	0	0	0	0	0	0	0	0	0	0	10	0	0	0	0	0	0	0	0	0	0	0	0	0	0	0	0	0	0	0	0	0	0	0	0	0	0	0	0	0	0	0	0	0	0	0	0	0	0	0	0	0	0	0	0	0	0	0	0	0	0	0	0	0	0	0	12	0	0	0	0	0	0	0	0	0	0	0	0	0	0	0	0	0	0	0	0	0	0	0	0	0	0	0	0	0	0	8	0	0	0	4	0	0	0	0	0	0	0	0	0	61	0	21	0	0	0	0	0	0	0	0	0	0	0	0	2	0	0	0	0	0	0	0	0	0	0	0	0	0	0	0	0	0	0	9	0	0	0	0	0	0	0	0	0	0	0	0	0	0	0	0	0	0	5	0	3	0	0	0	0	0	0	0	0	0	19	0	0	0	0	2	0	0	0	0	0	0	0	0	0	0	0	0	0	0	0	0	0	0	6	0	0	0	7	2	0	0	0	0	1	0	0	0	0	0	0	0	0	3	0	0	0	0	0	0	0	0	0	0	0	0	0	19	0	0	0	0	0	0	0	0	0	0	0	0	0	0	0	0	0	0	0	0	0	0	0	12	0	0	0	0	0	0	0	0	0	0	0	0	0	0	0	0	0	0	0	0	0	0	0	0	0	0	0	0	0	15	0	0	0	0	1	0	0	0	0	0	0	0	3	0	0	0	1	0	0	0	0	0	0	0	0	0	0	6	8	0	0	0	0	0	0	0	0	0	0	10	0	0	0	0	0	0	33	0	2	0	0	0	0	0	0	0	0	0	0	0	0	0	0	0	0	0	0	0	0	0	2	0	0	0	0	0	0	0	0	52	4	1	0	3	0	0	0	0	0	0	0	0	0	0	0	0	15	0	0	0	0	0	0	0	0	0	0	0	0	0	0	5	0	0	0	0	5	0	0	0	0	0	3	0	0	5	0	3	0	0	0	0	0	0	0	0	0	0	0	0	0	0	5	0	0	0	0	0	1	0	0	0	0	0	0	0	50	0	0	0	0	0	0	0	0	0	4	10	0	0	0	0	0	0	0	0	0	0	0	0	0	0	0	0	0	0	35	0	0	0	0	0	0	0	0	83	0	0	0	0	13	0	0	0	0	0	0	0	0	181	0	0	0	0	0	0	61	0	0	0	23	0	0	84	0	33	1	0	0	0	2	0	0	0	109	0	0	0	0	28	0	0	0	0	46	99	0	0	0	0	0	0	0	0	0	23	0	0	0	0	0	0	14	0	0	0	0	0	0	0	0	0	0	7	0	0	0	0	0	0	0	0	0	15	0	27	0	0	0	0	3	0	0	0	0	0	0	0	0	123	0	14	0	0	103	0	0	52	5	0	0	0	43	0	0	0	0	34	0	91	0	0	0	0	0	0	0	169	0	0	48	0	0	12	0	0	0	0	59	91	0	0	128	0	0	0	0	0	0	0	0	0	0	0	0	0	0	19	0	0	0	0	0	0	0	0	0	0	0	0	0	0	0	105	2	0	0	0	0	0	0	0	0	10	0	0	0	0	1	14	0	0	0	100	0	0	8	0	172	0	0	0	0	319	0	0	0	0	0	34	0	0	86	0	182	0	51	67	53	0	49	65	220	0	0	9	0	0	0	69	76	0	12	0	0	0	0	0	0	0	0	0	0	5	0	0	316	16	0	128	0	0	0	184	0	0	0	0	78	105	0	65	0	219	142	115	48	47	0	180	0	0	0	0	20	0	14	13	0	11	0	80	1	0	0	0	188	0	0	4	0	71	0	0	0	132	0	0	82	0	101	39	0	0
12	0	0	0	0	0	0	0	0	0	0	0	0	0	0	0	0	0	0	0	0	0	0	0	0	0	0	0	0	0	0	0	0	0	0	0	0	0	56	0	0	0	0	0	0	0	0	0	0	0	0	0	0	0	0	0	0	0	0	0	0	0	0	0	0	0	0	0	0	0	0	0	0	0	0	0	0	0	0	0	0	0	0	0	0	0	0	0	0	0	0	0	0	0	0	0	0	0	0	0	0	0	0	0	0	0	0	0	0	0	0	0	0	0	0	0	0	0	0	0	0	0	0	0	0	0	0	0	0	0	0	0	0	0	0	0	0	0	0	0	0	0	0	0	0	0	25	0	0	0	0	0	0	0	0	15	0	0	0	0	0	0	0	0	0	0	4	0	0	0	0	0	0	0	0	0	0	0	0	0	0	6	0	0	0	0	0	0	0	0	0	0	0	0	0	0	0	0	0	0	0	0	0	0	0	0	0	0	0	0	0	0	0	0	33	0	0	0	0	0	0	0	0	0	0	0	0	0	0	0	0	0	0	0	0	0	0	0	0	0	0	0	0	0	0	0	0	0	0	0	0	0	0	0	0	0	0	0	0	0	0	0	0	0	0	0	0	0	0	0	0	0	1	0	0	0	0	0	0	0	0	0	0	0	0	0	0	0	0	0	0	0	0	0	0	0	0	0	0	0	0	0	0	0	0	0	0	0	0	1	0	0	0	0	0	0	0	0	0	0	1	0	0	0	0	4	0	0	0	0	0	2	0	0	0	0	1	0	0	1	0	0	0	0	0	0	0	0	0	0	0	0	6	0	27	0	0	0	0	0	0	0	0	2	0	0	0	5	0	0	0	0	0	0	0	0	0	0	0	0	0	0	0	0	0	0	0	0	0	0	0	0	0	0	0	11	0	0	0	0	0	0	0	22	0	0	0	0	0	0	0	0	0	0	0	0	0	0	0	0	0	0	0	0	0	0	0	0	0	99	0	0	0	3	0	0	0	0	0	0	0	0	0	0	0	0	0	0	0	0	0	0	0	96	0	0	0	0	0	0	0	1	0	0	0	0	11	0	0	0	0	0	0	0	0	0	0	0	0	0	0	0	0	214	0	92	0	0	0	0	0	0	26	0	0	0	0	0	0	0	0	0	0	0	0	0	0	0	0	0	0	0	0	33	0	0	0	0	0	0	115	0	72	0	0	0	0	0	0	14	0	2	0	0	0	0	0	0	7	0	0	40	37	0	0	0	0	0	0	0	0	3	76	0	0	0	0	0	0	0	0	0	0	0	2	0	0	32	0	0	0	0	0	0	0	0	0	9	0	0	0	0	47	0	0	0	0	0	0	0	0	0	0	0	0	0	9	4	0	0	15	138	0	0	87	0	43	0	0	10	0	0	0	0	187	0	63	0	0	0	0	0	0	4	71	0	0	84	0	86	96	0	0	0	0	39	193	0	0	100	0	0	0	0	0	0	17	0	0	0	3	0	0	0	63	0	0	0	0	0	0	2	0	0	0	0	0	0	0	0	51	0	0	0	0	0	0	1	0	0	0	0	0	0	0	0	0	8	0	0	56	0	0	0	0	203	0	0	0	0	135	5	7	0	0	0	30	0	0	159	0	79	0	30	83	81	0	38	152	133	2	7	0	0	16	0	101	13	0	247	0	0	1	0	0	0	0	0	0	0	0	0	0	88	63	0	16	0	0	0	110	0	0	0	0	126	54	27	104	0	126	54	8	97	48	0	135	0	0	0	0	56	43	0	52	0	141	0	176	0	0	0	7	59	0	0	0	0	47	0	17	0	43	0	0	143	0	114	0	0	0
13	0	0	0	0	0	0	0	0	0	0	0	0	0	0	0	0	0	0	0	0	0	0	0	0	0	0	0	0	0	0	0	0	0	0	0	0	0	0	0	0	0	0	0	0	0	0	0	0	0	0	0	0	0	0	0	0	0	0	0	0	0	0	0	0	0	0	0	0	0	0	0	0	0	0	0	0	0	0	0	0	0	0	0	0	0	0	0	0	0	0	0	0	0	0	0	0	0	0	0	0	0	0	0	0	5	0	0	0	0	0	0	0	0	0	0	0	0	0	0	0	0	0	0	0	0	0	0	0	0	0	0	0	0	0	0	0	0	0	0	0	0	0	0	0	0	0	0	0	0	0	0	0	0	0	0	0	0	0	16	0	0	0	0	0	0	0	0	0	0	0	0	0	0	0	0	0	0	0	0	0	0	0	0	0	30	0	0	0	0	0	0	0	0	0	0	0	0	0	0	0	0	0	0	0	0	0	0	0	0	0	0	0	0	0	0	0	0	0	0	0	0	0	0	0	0	0	0	0	0	0	0	0	0	0	0	0	0	0	0	0	0	0	0	0	1	0	0	0	0	0	0	0	0	0	0	0	0	0	0	0	0	0	0	0	0	0	0	0	0	0	0	0	0	0	0	0	0	0	0	0	0	0	0	0	0	0	0	0	0	0	0	0	0	0	0	0	0	0	0	0	0	0	0	0	0	0	0	0	0	0	0	0	0	25	0	0	0	0	0	0	0	0	0	0	0	0	0	0	0	0	0	0	0	0	0	0	2	0	0	0	0	0	0	0	0	0	0	0	0	0	0	0	0	0	0	0	0	0	0	0	0	0	0	0	0	0	0	0	0	0	0	0	0	0	0	0	0	0	0	0	0	0	0	0	0	0	0	0	0	0	0	0	0	0	0	0	0	0	0	0	0	0	0	0	0	0	0	0	0	0	0	0	0	0	0	0	0	21	0	0	0	136	0	0	0	0	0	0	0	0	0	0	0	0	0	0	0	0	0	0	0	0	0	0	0	0	0	0	0	0	0	0	51	0	0	0	0	0	0	0	0	0	0	0	0	0	0	0	0	0	0	0	0	0	0	0	0	0	0	0	0	0	0	0	0	0	0	0	0	0	0	0	0	0	0	0	0	0	0	0	0	0	0	0	0	0	0	0	0	0	0	0	39	0	0	0	0	0	0	44	0	0	0	0	0	0	0	0	0	0	0	3	0	0	0	0	0	0	0	0	9	60	0	0	0	0	0	0	0	0	0	44	0	0	0	0	0	0	0	0	0	0	0	0	0	0	0	0	0	1	0	0	0	0	0	0	0	0	0	0	0	0	0	0	0	0	0	0	0	0	10	0	0	0	0	111	0	0	0	0	65	0	0	90	0	0	0	0	135	0	0	0	0	35	0	0	0	0	0	0	0	0	0	0	0	0	1	0	0	8	0	0	0	0	10	0	0	0	0	0	0	0	0	0	0	0	0	0	0	0	0	0	0	0	0	0	0	0	0	0	0	0	0	0	0	0	0	0	0	118	0	0	0	0	0	0	0	0	0	0	0	0	0	0	0	0	0	0	0	0	0	0	0	0	104	0	0	0	0	26	0	0	0	0	0	58	0	0	73	0	109	0	85	8	118	0	12	141	0	0	0	0	0	0	0	243	0	0	0	0	0	0	0	0	0	0	0	0	0	0	0	0	94	0	0	242	0	0	0	135	0	0	0	0	210	284	0	179	0	71	77	0	90	7	0	16	0	0	0	0	0	0	0	0	0	0	0	62	0	0	0	0	5	0	0	0	0	68	0	0	0	33	0	0	55	0	7	0	0	0
14	0	0	0	0	0	37	0	0	0	0	0	0	0	0	0	0	0	0	0	0	0	0	0	23	0	0	0	0	0	0	0	0	0	0	0	0	0	0	0	0	0	0	0	0	0	56	0	0	0	0	0	0	0	0	0	0	0	0	0	0	0	0	0	0	0	0	5	0	0	0	0	0	0	0	0	0	0	0	0	0	0	0	0	0	0	0	33	0	0	0	0	0	0	0	0	0	0	0	0	0	0	0	0	0	0	0	0	0	17	0	0	0	0	0	0	0	0	0	0	45	0	0	0	0	0	0	0	0	0	0	0	0	0	0	0	0	0	0	0	0	0	0	0	0	0	0	0	0	0	0	0	0	0	0	0	0	0	0	0	0	0	0	0	0	0	0	0	0	0	0	0	0	7	0	0	0	0	0	0	0	0	0	0	0	6	0	0	0	0	0	0	0	0	0	0	0	0	0	0	0	0	0	0	0	0	1	0	0	0	0	0	0	0	0	0	0	0	0	11	0	0	0	0	0	0	0	0	0	0	0	0	0	0	0	0	0	0	0	77	0	0	0	0	0	2	0	0	0	0	0	0	0	0	0	0	0	0	0	0	0	10	0	0	0	0	0	0	0	0	0	0	26	1	0	0	0	0	0	0	0	0	0	0	0	0	0	0	0	0	9	0	0	0	0	0	0	6	0	0	0	0	0	0	0	0	0	0	0	14	0	0	0	0	0	0	0	0	0	0	19	0	0	0	0	0	0	0	1	0	0	0	33	0	2	0	37	11	0	1	0	0	0	0	0	0	0	2	0	0	0	0	0	0	27	0	0	1	0	0	0	34	0	0	0	66	0	0	0	0	0	7	9	0	0	0	14	5	0	0	1	0	0	0	0	0	0	0	0	0	0	0	0	0	0	0	0	0	0	0	0	0	0	0	0	0	0	0	0	8	0	0	0	0	0	0	0	0	0	0	0	0	95	0	0	0	0	0	0	0	0	0	0	0	0	0	0	0	0	0	0	7	0	0	40	0	14	0	0	0	0	0	0	83	0	0	0	0	0	0	0	0	0	0	14	0	28	0	0	0	0	0	0	0	0	0	0	0	0	3	0	0	0	23	0	5	0	95	0	0	0	0	41	0	0	0	0	24	0	0	3	21	0	0	0	1	6	0	0	0	0	0	0	75	0	0	0	68	0	0	385	20	8	0	0	0	0	0	0	0	0	107	0	0	0	0	30	0	0	0	0	21	29	0	0	0	0	0	0	0	0	0	68	0	0	0	0	0	0	0	0	0	0	0	0	0	0	0	0	0	0	0	0	0	0	0	2	0	0	0	0	0	128	6	1	0	0	58	0	0	8	1	0	160	0	0	79	0	0	27	0	208	0	0	25	0	26	0	0	57	16	0	0	0	29	0	22	0	3	0	0	0	1	212	144	0	0	16	0	0	23	0	4	0	0	91	38	2	0	87	0	0	0	0	0	0	118	0	0	0	0	0	0	0	44	1	0	0	0	0	0	0	0	0	0	0	0	0	0	0	131	2	0	0	0	0	2	108	0	0	0	0	0	0	0	6	35	0	2	0	7	0	11	0	0	8	0	0	0	2	76	0	0	0	6	0	114	0	0	167	0	27	73	140	95	112	0	45	56	189	0	30	0	0	129	0	44	71	0	19	0	0	0	0	0	0	0	0	0	0	0	0	0	106	0	0	21	0	0	0	70	0	0	0	0	104	96	0	86	102	97	112	119	86	80	0	62	0	0	0	0	117	63	19	77	0	47	0	37	0	137	2	63	28	0	0	0	0	104	0	4	0	55	0	0	257	0	53	0	0	0
15	0	0	0	0	0	0	0	0	0	0	0	0	0	0	0	0	0	0	0	0	0	0	0	0	0	0	0	0	0	0	0	0	0	0	0	0	0	0	0	0	0	0	0	0	0	0	0	0	0	0	0	0	0	0	0	0	0	0	0	0	0	0	0	0	0	0	0	0	0	0	0	0	0	0	0	0	0	0	0	0	0	0	0	0	0	0	0	0	0	0	0	0	0	0	0	0	0	0	0	0	0	8	0	0	0	0	0	0	0	0	0	0	0	0	0	0	0	0	0	0	0	0	0	1	0	0	0	0	0	0	0	0	0	0	0	0	0	0	0	0	0	0	0	0	0	0	0	0	0	0	0	0	0	0	0	0	0	0	0	0	0	0	0	0	0	0	0	0	0	0	0	0	0	0	0	0	0	0	0	0	0	0	0	0	0	0	0	0	0	0	0	0	0	0	0	0	0	0	0	0	0	0	0	0	0	0	0	0	0	0	0	0	0	0	0	0	0	0	0	0	0	0	0	0	0	0	0	0	0	0	0	0	0	0	0	0	0	0	0	0	0	0	0	0	0	0	0	0	0	0	0	0	0	0	0	0	0	0	0	0	0	0	0	0	0	0	0	0	0	0	0	0	0	0	0	0	0	0	0	0	0	0	0	0	0	0	0	0	0	0	0	0	0	0	0	0	0	0	0	0	0	0	0	0	0	0	0	0	0	0	0	0	0	0	0	0	0	0	0	0	0	0	0	0	0	0	0	0	0	0	0	0	0	0	0	0	0	0	0	0	0	0	0	0	0	0	0	0	0	0	0	0	0	0	0	0	0	0	0	0	0	0	0	0	0	0	0	0	0	0	0	0	0	0	0	0	0	0	0	0	0	0	0	0	0	0	0	0	0	0	0	0	0	0	0	0	0	0	0	0	0	0	0	0	0	0	0	0	0	0	0	0	0	0	0	0	0	0	0	0	0	0	0	0	0	0	0	0	0	0	0	0	3	0	0	0	0	0	0	0	0	0	0	0	0	0	0	0	0	0	0	0	5	0	0	0	0	0	0	0	0	0	0	0	0	0	0	0	0	0	0	0	0	0	18	0	0	0	0	0	0	0	0	0	0	0	0	0	0	0	0	28	0	0	0	0	0	0	0	0	0	0	0	0	0	22	0	0	0	0	3	0	49	0	0	0	0	0	0	52	0	6	0	0	0	0	0	0	0	0	0	0	0	0	0	0	0	0	0	0	148	179	0	0	0	0	0	0	0	0	0	137	0	0	0	0	0	0	0	0	0	0	0	0	0	0	0	0	0	0	0	0	0	0	0	0	0	0	0	0	0	15	0	0	0	0	0	0	0	0	0	0	0	0	0	25	0	0	0	0	86	0	0	98	0	16	0	0	69	74	0	0	0	13	0	66	0	0	0	0	0	0	0	2	0	0	3	0	1	60	0	0	0	0	67	29	0	0	0	0	0	0	5	0	0	0	0	0	0	0	0	1	0	70	0	0	0	0	0	0	0	0	0	0	0	0	0	0	0	153	2	0	0	0	0	0	0	0	0	0	0	0	0	0	0	4	0	0	0	63	0	0	0	0	156	0	0	0	0	0	0	0	0	0	0	85	0	0	224	0	117	0	65	27	168	0	123	36	12	0	0	0	0	0	0	244	0	0	3	0	0	0	0	0	0	0	0	0	0	0	0	0	21	0	0	222	0	0	0	80	0	0	0	0	46	89	0	13	0	209	84	1	161	1	0	34	0	0	0	0	0	0	0	0	0	76	0	71	0	0	0	0	39	0	0	0	0	84	0	0	0	78	0	0	141	0	13	0	0	0
16	0	0	0	0	0	0	0	0	0	0	0	0	0	0	0	0	0	0	0	0	0	0	0	0	0	0	0	0	0	0	0	0	0	0	0	0	0	0	0	0	0	0	0	0	0	0	0	0	0	0	0	0	0	0	0	0	0	0	0	0	0	0	0	0	0	0	0	0	0	0	0	0	0	0	0	0	0	0	0	0	0	0	0	0	0	0	0	0	0	0	0	0	0	0	0	0	0	0	0	0	10	0	0	0	0	0	0	0	0	0	46	0	0	0	0	0	0	0	0	0	0	0	0	0	0	0	0	3	0	0	0	0	0	0	0	0	0	0	0	0	4	0	0	0	0	0	0	0	0	0	0	0	0	0	0	0	0	0	0	0	0	6	0	0	0	4	0	0	8	0	0	0	0	0	0	0	0	0	0	0	0	0	0	3	0	0	0	0	0	0	0	0	0	0	0	0	1	0	0	0	0	0	0	0	0	0	0	0	0	0	0	0	0	0	0	0	0	0	0	0	0	0	0	0	0	0	0	0	0	0	0	13	0	0	0	0	0	0	0	0	0	0	0	0	0	0	0	0	0	0	4	0	0	0	0	0	0	0	1	0	1	0	0	0	0	0	0	0	0	0	0	0	0	3	0	0	0	0	0	0	0	0	0	9	0	0	0	0	0	0	0	0	0	0	0	0	0	0	0	0	0	0	0	0	0	0	4	0	43	0	3	0	0	0	0	0	0	0	0	0	0	0	0	0	0	1	0	0	0	6	0	0	0	0	0	0	0	0	93	0	0	0	0	43	0	0	0	0	17	1	0	0	0	0	0	0	0	0	0	0	0	0	0	0	0	0	0	0	0	0	0	0	0	0	0	0	0	0	0	0	0	0	0	0	0	0	0	0	5	0	0	0	0	0	0	0	0	0	0	0	0	0	0	0	0	0	0	0	0	0	0	0	0	0	0	0	0	0	0	0	0	0	0	0	22	0	0	0	0	0	0	0	0	0	0	0	0	0	0	0	11	0	0	0	0	0	0	0	0	0	0	0	71	0	0	0	0	0	0	0	4	0	0	0	0	15	0	0	0	0	0	0	0	0	60	0	0	0	53	0	0	0	6	0	6	0	0	0	0	0	0	0	0	0	0	0	0	0	0	0	0	0	0	0	0	26	0	0	0	0	0	0	73	0	0	0	0	0	0	21	0	38	0	0	0	0	0	0	0	0	71	0	0	0	0	0	0	0	0	0	48	68	0	0	0	0	0	0	0	0	0	140	0	0	0	0	0	0	0	0	0	0	0	0	0	0	0	0	0	0	0	0	0	0	0	0	0	0	0	0	0	7	0	0	0	0	0	0	0	0	0	0	0	0	0	28	0	0	0	0	39	0	0	217	0	0	0	0	166	0	0	0	0	183	0	12	0	0	3	0	0	0	0	133	0	0	49	3	0	229	0	0	0	0	140	55	0	0	82	0	0	0	0	0	0	0	0	0	0	0	0	0	0	85	0	0	0	0	0	0	0	0	0	0	0	0	0	0	0	106	0	0	0	0	0	0	57	0	0	0	0	0	0	0	0	3	0	0	0	120	0	0	0	0	131	0	0	0	0	27	0	0	0	0	0	40	0	0	9	0	62	0	252	65	25	0	64	90	66	0	0	0	0	0	0	43	0	0	0	0	0	0	0	0	0	0	0	0	0	0	0	0	161	109	0	88	0	0	0	129	0	0	0	0	29	49	0	215	0	102	81	8	192	73	0	100	0	0	0	0	0	0	0	9	0	107	0	162	0	0	0	0	127	0	0	0	0	49	0	0	0	176	0	0	7	0	174	0	0	0
17	0	0	0	0	0	0	0	0	0	0	0	0	0	0	0	0	0	0	0	0	0	0	0	0	0	0	0	0	0	0	0	0	0	0	0	0	0	0	0	0	0	0	0	0	0	0	2	0	0	0	0	0	0	0	0	0	0	0	0	0	0	0	0	0	0	0	0	0	0	0	0	0	0	0	0	0	0	0	0	0	0	0	0	0	0	0	0	0	0	0	0	0	0	0	0	0	0	0	0	0	0	0	0	0	0	0	0	0	0	0	0	0	0	0	0	0	0	0	0	0	0	0	0	0	0	0	0	0	0	0	0	0	0	0	0	0	0	0	0	0	0	0	0	0	0	0	0	122	0	0	0	0	0	0	0	0	0	0	0	0	0	0	0	0	0	0	0	0	0	0	0	0	0	0	0	0	0	0	0	0	0	0	0	0	0	0	0	0	0	0	0	0	0	0	0	0	0	0	0	0	0	0	0	0	0	0	0	0	0	0	0	0	0	0	0	0	0	0	0	0	0	0	0	0	0	0	0	0	0	0	0	0	0	0	0	0	0	0	0	0	0	0	0	0	0	0	0	0	0	0	0	0	0	0	0	0	0	0	0	0	0	0	0	0	0	64	0	0	0	0	0	0	0	0	0	0	0	0	0	0	0	0	0	0	0	2	0	0	0	0	0	0	0	0	0	0	0	0	0	0	0	0	0	0	0	0	0	0	57	0	0	0	0	0	0	0	0	0	0	0	13	0	0	0	0	0	0	0	0	0	0	0	0	0	0	0	0	0	0	0	0	0	0	0	0	0	0	0	0	0	1	0	0	0	0	0	0	0	0	0	0	0	0	0	0	0	0	0	0	0	0	0	0	0	0	0	0	0	0	0	0	0	0	0	0	0	0	0	0	0	0	0	0	0	0	0	0	0	0	0	0	0	0	0	0	0	0	0	0	0	0	0	0	0	0	0	0	0	0	0	0	0	0	0	0	0	0	0	0	0	0	0	0	0	0	0	0	0	0	0	0	0	0	0	0	0	0	12	0	0	0	0	26	0	0	0	0	0	0	0	0	0	0	0	0	0	0	0	0	0	0	0	0	0	0	0	0	0	0	0	0	0	157	0	2	0	0	0	0	0	0	0	0	0	0	0	0	0	0	0	0	0	0	0	0	7	0	0	0	0	0	0	56	0	0	0	0	0	0	25	0	0	0	0	0	0	0	0	0	0	0	0	0	0	0	0	6	0	0	0	81	12	0	0	0	0	0	0	0	0	0	24	0	0	0	0	0	0	0	0	0	0	0	0	0	0	0	0	0	0	0	0	0	0	0	0	0	0	0	0	0	0	0	0	0	0	0	0	0	0	0	0	0	0	0	83	10	0	0	0	34	0	0	128	0	0	0	0	12	0	0	0	0	24	0	9	0	0	0	0	0	0	4	54	0	0	0	0	0	75	0	0	0	0	138	0	0	0	0	0	0	0	0	0	0	0	0	0	0	0	0	0	0	0	0	0	0	0	0	0	0	0	0	0	0	0	0	0	0	23	59	0	0	82	0	0	0	0	0	0	0	50	0	0	10	0	0	0	0	3	0	0	0	0	167	0	0	0	0	10	0	0	0	160	0	25	3	0	39	0	37	0	43	126	24	0	17	241	5	0	0	0	0	0	0	60	0	0	22	0	0	0	0	0	0	4	0	0	0	0	0	0	103	0	0	141	0	0	0	6	0	0	0	0	116	60	0	115	0	57	91	0	76	20	0	119	0	0	0	0	0	0	0	19	0	49	0	82	0	33	0	0	0	0	0	0	0	39	0	0	0	130	0	0	102	0	0	0	0	0
18	0	0	0	0	0	0	0	0	0	0	0	0	0	0	0	0	0	0	0	0	0	0	0	0	0	0	0	0	0	0	0	0	0	0	0	0	0	0	0	0	0	0	0	0	0	0	0	0	0	0	0	0	0	0	0	0	0	0	0	0	0	0	0	0	0	0	0	0	0	0	0	0	0	0	0	0	0	0	0	0	0	0	0	0	0	0	0	0	0	0	0	0	0	0	0	0	0	0	0	0	0	0	0	0	0	0	0	0	0	0	0	0	0	0	0	0	0	0	0	0	0	0	0	0	0	0	0	0	0	0	4	0	0	0	0	0	0	0	0	0	0	0	0	0	0	0	0	0	0	0	0	0	0	0	0	0	0	0	0	0	0	0	0	0	0	0	0	0	0	0	0	0	0	0	0	0	0	0	0	0	0	0	0	0	0	0	0	0	0	0	0	0	0	0	0	0	0	0	0	0	0	0	0	0	0	0	0	0	0	0	0	0	0	0	0	0	0	0	0	0	0	0	0	0	0	0	0	0	0	0	0	0	0	0	0	0	0	0	0	0	0	0	0	0	11	0	0	0	0	0	0	2	0	0	0	0	0	0	0	0	0	0	0	0	0	0	0	0	0	0	0	0	0	0	0	0	0	0	0	0	0	0	0	0	0	0	0	0	0	0	0	0	0	0	0	0	0	0	0	0	0	0	0	0	0	0	0	0	0	0	0	0	0	0	0	0	0	0	0	0	0	0	0	0	0	44	0	0	0	0	0	0	0	0	0	0	0	0	0	0	0	0	0	34	0	0	0	0	0	0	0	0	0	0	0	0	0	0	0	0	0	0	0	0	0	0	0	0	0	0	0	8	0	0	0	0	0	0	0	0	0	0	0	0	0	0	0	0	0	0	0	0	0	0	0	0	0	0	0	0	0	0	0	0	0	0	13	1	0	0	0	0	0	0	0	0	0	0	0	0	0	0	0	0	0	0	0	0	0	0	0	0	0	0	0	0	0	0	0	0	0	0	0	0	0	0	0	0	0	0	0	0	0	0	0	0	0	0	0	0	0	0	0	0	0	0	0	0	0	0	0	0	0	0	0	0	1	0	0	0	0	0	52	0	8	0	24	0	0	0	1	0	0	0	0	0	1	0	0	0	0	0	0	0	0	37	0	0	0	0	0	0	87	0	0	0	1	0	0	160	0	0	0	0	0	0	0	0	0	0	0	0	0	0	0	0	0	0	0	0	234	50	0	0	0	47	0	0	0	0	0	97	0	0	0	0	0	0	0	0	0	0	0	0	0	0	0	0	0	0	0	0	0	0	0	0	0	0	0	0	0	99	0	0	0	0	0	0	0	0	0	0	0	0	0	107	0	0	0	0	14	0	0	64	0	11	0	0	80	0	0	0	0	346	0	14	0	0	0	0	0	0	22	0	0	0	0	0	0	19	34	0	0	0	29	1	0	0	0	0	0	0	0	0	0	0	0	0	0	0	0	0	0	63	0	0	0	0	0	0	0	0	0	0	2	0	0	0	0	54	37	0	0	0	0	0	0	0	0	0	0	0	0	0	0	0	0	0	0	34	0	0	0	0	181	0	0	0	0	127	0	0	0	0	0	127	0	0	89	0	171	19	39	221	251	0	155	57	0	0	0	0	0	0	0	85	0	0	81	0	0	58	0	0	0	0	0	0	0	0	0	0	81	0	0	9	0	0	0	174	0	0	0	0	14	105	0	130	0	25	274	37	78	35	0	145	0	0	0	26	0	0	0	37	0	220	1	73	0	0	0	0	87	0	0	0	0	24	0	0	0	75	0	0	34	0	72	0	0	0
19	0	0	0	0	0	0	0	0	0	0	0	0	0	0	0	0	0	0	0	0	0	0	0	0	0	0	0	0	0	0	0	12	0	0	0	0	0	0	0	0	0	0	0	0	0	45	0	0	0	0	0	0	0	0	0	0	0	0	0	0	0	0	0	0	0	0	0	0	0	0	0	0	0	0	0	0	0	0	0	0	0	0	0	0	0	0	0	0	0	0	0	0	0	0	0	0	0	0	0	0	0	0	0	0	0	0	0	0	0	0	0	0	0	0	0	0	0	0	0	0	0	0	0	0	0	0	0	0	0	0	1	0	0	0	0	0	0	0	0	0	0	0	0	0	0	0	0	0	0	0	0	0	0	0	0	0	0	0	0	0	0	0	0	0	0	0	0	0	0	0	0	0	0	0	0	0	0	0	0	0	0	0	4	0	0	0	0	0	0	0	0	0	0	0	2	0	0	0	0	11	0	0	0	0	0	0	0	0	5	0	0	0	0	0	1	0	0	0	0	0	0	0	0	0	0	0	0	0	0	0	0	0	0	0	0	0	0	0	0	0	0	0	0	0	0	0	0	0	1	1	0	8	1	0	0	0	0	0	0	0	0	0	0	0	0	0	0	0	0	0	0	0	0	0	0	0	0	0	0	0	0	23	0	0	0	0	0	0	0	0	0	0	0	0	0	0	7	0	0	0	0	0	0	0	0	0	0	0	0	0	0	0	0	0	0	0	0	0	0	0	0	0	0	0	0	0	1	0	0	0	0	0	0	0	0	0	0	0	0	0	0	0	5	0	0	0	0	0	0	0	0	0	0	0	0	0	0	0	0	0	0	0	0	0	0	0	0	0	0	0	0	0	0	0	1	0	0	0	0	0	0	0	0	22	0	0	0	0	0	0	0	0	0	0	0	0	0	0	0	0	0	0	0	0	0	0	0	0	0	0	0	0	0	0	0	0	0	0	0	0	0	0	0	0	0	0	0	0	0	0	0	0	0	0	0	5	0	0	0	0	30	0	0	0	1	0	0	0	0	0	0	0	0	0	47	0	0	0	0	0	0	6	0	0	0	0	0	0	0	0	0	0	0	0	0	0	0	0	0	0	0	0	0	0	0	0	0	0	0	0	0	0	0	0	0	0	0	0	0	0	0	0	0	0	0	0	0	0	0	0	0	0	0	0	58	0	0	0	0	0	0	0	0	0	0	0	1	0	0	0	0	0	0	0	0	0	0	0	0	0	0	0	0	0	1	0	0	0	0	0	0	0	0	0	0	0	0	0	0	0	0	0	0	0	0	0	21	0	0	1	0	0	0	0	0	0	0	0	1	2	0	0	0	0	0	0	0	0	0	0	0	0	1	0	0	0	0	0	0	0	0	0	0	0	0	0	0	0	3	0	0	0	0	0	0	0	0	0	0	0	0	0	0	0	0	0	0	0	0	0	0	0	0	0	0	0	0	0	0	0	0	0	0	0	0	0	0	0	8	0	0	0	0	0	0	12	0	0	0	0	0	0	0	0	0	0	0	0	0	7	0	0	0	0	0	0	0	0	0	0	0	0	0	0	0	0	0	0	0	0	0	0	0	0	0	0	0	0	0	0	29	0	0	0	0	65	0	0	0	0	0	0	55	67	0	0	0	27	0	0	0	0	0	0	0	0	0	0	0	0	0	0	0	0	0	0	0	0	0	0	0	0	293	0	0	0	0	0	0	0	0	0	0	0	6	147	0	48	0	6	49	0	101	0	2	184	0	0	0	0	0	0	0	0	0	0	0	13	1	0	0	0	0	0	0	0	0	0	0	0	0	152	0	0	0	0	0	0	0	0
20	0	0	0	0	0	0	0	0	0	0	0	0	0	0	0	0	0	0	0	0	0	0	0	0	0	0	0	0	0	0	0	0	0	0	0	0	0	0	0	0	0	0	0	0	0	0	0	0	0	0	0	0	0	0	0	0	0	0	0	0	0	0	0	0	0	0	0	0	0	0	0	0	0	0	0	0	0	0	0	0	0	0	0	0	0	0	0	0	0	0	0	0	0	0	0	0	0	0	0	0	0	0	0	0	0	0	0	0	0	0	0	0	0	0	0	0	0	0	0	0	0	0	0	0	0	1	0	0	0	0	0	0	0	0	0	0	0	0	0	0	0	0	0	0	0	0	0	0	0	0	0	0	0	0	0	0	0	0	0	0	0	0	0	0	0	0	0	0	0	0	0	0	0	0	0	0	0	0	0	0	0	0	0	0	0	0	0	0	0	0	0	0	0	0	0	0	0	0	0	0	0	0	0	0	0	0	0	0	0	0	0	0	0	0	0	0	0	0	0	0	0	0	0	0	0	0	0	0	0	0	0	0	0	0	0	0	0	0	0	0	0	0	0	0	0	0	0	0	0	0	0	0	0	0	0	0	0	0	0	19	0	0	0	10	0	0	0	0	0	0	0	0	0	0	0	0	0	0	0	0	0	0	11	0	0	0	0	0	0	0	0	0	0	0	0	0	0	0	0	0	0	0	0	0	0	0	0	0	0	0	0	0	0	0	0	0	0	0	0	0	0	0	0	0	0	0	0	0	0	0	0	0	0	0	0	0	0	0	0	0	0	0	0	0	0	0	0	0	0	0	0	0	0	0	0	0	0	0	0	0	0	0	0	0	0	0	0	0	0	0	0	0	0	0	0	0	0	0	0	0	0	29	0	0	0	0	0	0	0	0	0	0	0	0	0	0	0	0	0	0	0	0	0	0	0	0	0	0	0	0	0	0	0	0	0	0	0	0	0	0	0	0	0	0	0	0	0	0	0	0	0	0	0	0	0	0	0	0	0	0	0	0	0	0	0	0	0	0	10	0	0	0	0	0	0	0	0	0	0	0	0	0	0	0	0	0	0	0	0	0	0	0	0	0	0	0	0	0	0	0	0	0	0	0	0	0	0	0	0	0	0	0	0	1	0	0	0	6	0	0	0	0	0	0	0	0	0	0	0	0	0	0	0	0	0	0	0	0	0	0	0	0	0	0	0	0	0	0	0	0	0	0	0	0	0	0	0	0	0	0	0	0	0	0	0	0	0	0	1	0	0	0	0	0	0	0	0	0	0	0	0	0	0	0	0	0	0	0	0	0	0	0	0	0	0	0	0	0	0	0	0	0	0	0	0	0	0	0	0	0	0	0	0	0	0	0	0	0	0	0	0	0	0	0	0	0	0	0	0	0	0	0	0	0	0	0	0	0	0	4	0	0	0	0	0	0	0	0	0	0	0	0	0	0	0	0	0	0	0	0	0	0	0	0	0	0	0	0	0	0	0	0	0	0	0	0	0	0	0	0	0	0	0	0	0	0	0	0	0	0	0	0	0	0	0	0	0	0	0	0	0	0	0	0	0	0	0	0	0	0	4	0	0	0	0	0	0	0	0	0	0	0	0	0	0	31	0	0	0	0	9	0	72	90	0	0	0	4	0	0	0	0	0	0	0	0	0	0	1	0	0	0	0	0	0	0	0	0	0	0	0	0	11	0	0	0	0	0	0	0	0	0	0	0	100	17	0	34	0	0	0	0	0	0	0	250	0	0	0	0	0	0	0	0	0	6	0	12	0	0	0	0	0	0	0	0	0	0	0	0	0	0	0	0	0	0	0	0	9	0
21	0	0	0	0	0	0	0	0	0	0	0	0	0	0	0	0	0	0	0	0	47	0	0	0	0	0	0	0	12	0	0	0	0	0	0	0	0	0	0	0	0	0	0	0	0	0	0	0	0	0	0	0	0	0	0	0	0	0	0	0	0	0	0	0	0	0	0	0	0	0	0	0	0	0	0	0	0	0	0	0	0	0	0	0	0	0	0	0	0	0	0	0	0	0	0	0	0	0	0	0	0	0	0	17	0	0	0	0	0	0	0	0	0	0	0	7	0	0	0	0	0	0	0	0	0	0	0	0	0	0	0	0	0	0	0	0	0	0	19	0	0	18	0	0	0	0	0	0	0	0	0	0	74	0	0	0	0	0	0	0	0	0	3	0	0	0	0	0	0	0	0	0	0	0	0	0	0	0	0	0	0	0	0	0	0	0	20	0	0	0	0	0	0	0	0	0	0	0	0	0	0	0	0	2	0	0	0	0	0	0	0	0	0	23	0	0	0	0	0	0	0	0	0	0	0	0	14	0	0	0	0	0	0	0	0	0	0	0	0	0	0	0	0	0	0	0	3	0	0	0	0	0	0	0	0	0	0	0	0	0	0	0	0	0	0	0	3	0	0	0	0	0	4	0	0	0	0	0	0	0	0	0	0	0	1	0	0	0	0	0	0	0	4	0	0	0	0	0	0	0	0	3	0	0	0	0	0	0	0	0	0	0	0	0	0	0	0	0	0	0	0	0	0	0	0	0	0	0	0	3	1	0	0	4	0	0	0	0	0	0	0	0	0	0	1	0	0	0	0	0	0	0	0	0	0	0	0	0	0	0	0	0	0	0	0	1	0	0	0	0	0	0	0	0	0	0	0	0	0	0	0	0	0	0	0	0	0	0	0	0	0	0	0	0	5	0	0	0	0	0	0	3	0	5	0	0	0	0	16	0	0	0	0	0	0	3	0	0	0	0	3	0	0	0	0	0	0	0	0	0	0	0	0	0	0	0	0	0	0	0	0	0	21	0	0	0	0	0	0	0	0	0	0	0	0	0	0	0	0	0	20	0	0	0	7	0	5	0	0	2	0	0	0	0	0	0	0	0	30	0	4	0	0	0	12	0	0	0	0	0	0	2	0	0	0	1	0	0	0	0	0	0	0	0	0	0	0	0	0	0	0	0	0	0	4	0	0	0	0	0	0	0	0	0	0	0	0	14	0	0	0	0	0	0	0	0	0	0	0	0	0	0	0	0	0	0	0	0	0	0	2	0	0	1	0	0	0	0	0	0	0	0	0	33	0	0	0	0	0	0	0	0	1	0	0	10	0	0	0	0	0	0	4	0	0	0	0	0	0	0	0	0	42	0	0	0	0	0	0	0	2	0	0	2	0	0	0	0	0	0	0	0	0	0	0	0	0	20	0	0	0	0	0	0	0	0	0	0	0	0	0	0	43	13	0	0	5	0	0	0	0	0	0	0	3	0	0	0	0	0	0	0	0	0	0	0	0	0	0	0	0	0	0	0	0	0	0	0	0	0	0	0	0	0	0	0	0	0	0	0	0	0	0	0	0	0	0	7	0	0	0	0	0	0	0	0	0	0	0	0	0	0	0	0	0	87	2	0	0	0	11	0	14	0	0	0	0	0	0	0	0	0	0	0	0	11	0	12	0	0	0	0	0	0	0	0	0	0	7	0	0	0	17	0	0	0	0	0	0	0	0	0	0	0	4	101	0	9	0	6	0	0	29	0	0	41	0	0	0	14	0	0	0	0	0	0	0	68	0	1	0	0	0	0	0	0	0	9	0	0	0	0	0	15	0	0	0	0	0	0
22	0	0	0	0	0	0	0	0	0	0	0	0	0	0	0	0	0	0	0	1	0	0	0	0	78	0	0	0	0	0	0	0	0	0	0	0	0	0	0	0	0	0	0	0	0	0	0	0	0	0	0	0	0	0	0	0	0	0	0	0	0	0	0	0	0	0	0	0	0	0	0	0	0	0	0	0	0	0	0	0	95	0	0	0	0	0	0	0	0	0	0	0	0	0	0	0	0	0	0	0	8	0	0	0	2	0	3	0	0	0	0	0	0	0	0	0	0	0	0	0	0	6	0	0	0	0	0	56	0	0	0	0	0	0	0	0	0	0	0	0	0	0	0	0	0	0	0	0	1	0	0	0	0	0	0	0	0	0	0	0	0	29	0	0	0	0	0	0	0	0	0	0	0	0	0	0	0	0	0	0	0	0	0	0	0	0	0	0	0	29	0	0	0	0	0	50	0	0	0	0	0	0	0	0	0	0	0	0	0	0	0	0	0	0	0	0	0	0	0	2	0	0	0	0	0	0	0	0	0	0	0	0	0	0	0	0	0	0	0	0	0	0	0	0	0	0	0	1	0	0	0	0	0	0	0	0	0	0	0	1	0	0	0	0	0	0	0	0	0	0	0	0	23	0	0	0	0	0	0	0	2	0	0	0	0	18	0	0	0	0	0	0	0	0	0	1	0	0	4	0	0	0	0	1	0	0	0	0	0	26	0	0	0	0	0	10	0	0	0	0	0	0	0	0	4	0	0	0	0	0	0	0	0	0	2	0	0	0	0	0	0	0	0	0	0	0	2	0	1	11	0	0	0	0	0	0	0	0	0	0	0	9	0	0	0	3	0	1	37	0	0	0	0	0	0	0	1	0	0	0	51	0	30	0	0	28	0	0	0	13	0	0	0	0	0	0	0	0	0	0	0	0	0	3	0	0	0	0	0	0	0	0	0	0	0	1	0	0	0	0	0	0	0	2	94	0	0	0	0	0	0	0	0	0	0	3	0	0	0	7	0	0	0	0	0	0	0	1	0	0	0	0	0	0	0	0	19	0	0	0	0	0	0	0	0	0	0	2	0	0	0	0	0	0	0	0	0	0	10	0	0	0	0	0	0	0	6	0	0	0	0	0	9	0	0	0	0	0	0	0	0	32	0	0	0	0	0	0	0	0	0	0	0	0	0	3	0	0	0	0	0	5	0	0	0	0	0	0	0	0	0	0	0	0	0	0	7	0	0	0	0	0	0	0	56	0	0	0	0	0	0	0	0	0	0	0	0	0	0	0	0	0	0	0	0	0	0	0	0	0	0	0	0	0	0	0	0	0	0	0	0	0	0	0	0	0	0	0	1	0	0	0	0	0	0	0	0	0	0	0	0	0	0	0	0	0	0	0	0	0	0	0	0	44	0	0	0	0	0	2	0	0	0	0	0	0	0	0	0	0	0	0	0	0	0	0	0	0	0	0	0	0	0	0	0	0	0	0	0	0	0	15	0	0	0	0	0	0	0	0	0	0	0	0	0	0	0	0	0	0	0	0	0	0	0	0	0	0	0	0	0	0	0	0	0	0	0	0	0	0	0	0	0	0	0	0	0	0	0	0	0	0	0	0	0	149	0	0	9	0	0	0	116	41	1	0	8	0	0	0	0	0	0	0	0	0	0	0	0	0	0	0	0	0	0	0	0	0	0	0	0	0	167	0	0	0	0	0	0	0	0	0	0	0	0	0	0	121	0	0	0	0	104	0	0	4	0	0	0	0	0	0	0	0	0	8	0	35	0	0	0	0	0	0	34	35	0	0	0	0	0	0	0	0	0	0	0	0	0	5
23	0	0	0	0	0	0	0	0	0	0	0	0	0	0	0	0	0	0	0	0	0	0	0	0	0	0	0	0	0	0	0	0	0	0	0	0	0	0	0	0	0	0	0	0	0	0	0	0	0	0	0	0	0	0	0	0	0	0	0	0	0	0	0	0	0	0	0	0	0	0	0	0	0	0	0	0	0	0	0	0	0	0	0	0	0	0	0	0	0	0	0	0	0	0	0	0	0	0	0	0	0	0	0	0	0	0	0	0	0	0	0	0	0	0	0	0	0	0	0	0	0	0	4	0	0	0	0	6	0	0	0	0	0	0	0	0	0	0	0	0	3	0	0	0	0	0	0	0	0	0	0	0	0	0	0	0	0	0	0	0	0	0	0	0	0	0	0	0	0	0	0	0	0	31	0	0	0	0	0	0	0	0	0	0	0	0	0	0	0	0	0	0	0	0	0	0	0	0	0	1	0	3	0	0	0	0	0	0	0	0	0	0	0	0	0	0	0	0	0	0	0	0	0	0	0	0	0	0	0	0	0	0	0	22	0	0	0	0	0	0	0	0	0	0	0	0	0	0	0	0	0	0	0	0	0	0	0	0	0	0	0	0	0	0	0	0	0	0	0	0	0	0	0	0	0	0	0	0	0	0	0	0	0	0	0	0	0	0	0	0	0	0	0	0	0	0	7	0	0	0	0	0	0	0	0	0	0	0	0	0	0	0	0	0	0	0	0	0	0	0	0	0	0	0	0	0	0	0	0	0	0	0	0	0	0	0	0	0	0	0	0	0	0	0	0	0	0	0	0	0	0	0	0	0	0	0	0	0	0	0	0	0	0	0	0	0	0	0	0	0	0	0	0	0	0	0	0	0	0	0	0	0	0	0	0	0	0	0	0	0	0	0	0	0	0	0	0	0	0	0	0	0	0	0	0	0	0	0	0	0	0	0	0	0	0	0	4	0	0	0	0	0	0	0	0	0	0	0	0	0	0	0	0	0	0	0	0	0	0	0	0	3	0	0	0	0	0	0	0	0	0	0	0	0	0	0	0	0	0	0	0	0	0	0	0	0	0	0	0	0	0	0	3	0	0	0	0	0	0	0	0	0	0	0	0	0	0	0	1	0	0	0	0	0	0	0	0	0	0	0	0	0	0	0	0	0	1	0	0	0	0	0	3	0	0	0	0	0	0	38	0	0	0	0	0	0	0	0	0	0	0	0	0	0	0	31	0	0	0	0	9	0	0	0	0	0	0	0	0	0	0	3	4	0	0	0	0	2	0	0	0	0	0	0	0	27	0	0	0	0	0	0	0	0	0	0	0	8	0	0	0	0	0	0	0	0	0	0	0	0	0	0	0	0	0	0	0	0	0	0	25	0	0	0	0	0	0	0	40	0	0	10	0	59	0	0	0	0	0	0	0	0	0	0	0	0	0	0	0	0	0	0	0	0	6	0	0	0	4	0	0	0	0	0	0	0	0	0	0	0	0	0	0	0	0	0	0	0	0	1	0	0	0	0	0	0	0	0	0	25	0	0	0	0	0	0	0	0	0	0	0	0	0	0	0	0	0	0	0	0	0	0	0	0	158	0	0	0	1	0	0	0	0	0	0	11	0	0	3	0	6	0	291	92	11	0	65	51	0	0	0	0	0	0	0	0	0	0	0	0	0	0	0	0	0	0	0	0	0	0	0	0	75	0	0	0	0	0	0	31	0	0	0	0	13	101	0	31	0	207	87	0	67	0	0	70	0	0	0	0	0	0	0	0	0	28	0	116	0	0	0	0	0	0	0	0	0	4	0	0	0	46	0	0	33	0	1	0	0	0
24	0	0	0	0	0	0	0	0	0	0	0	0	0	0	0	0	0	0	39	0	0	0	0	0	0	0	0	0	0	0	0	0	0	0	0	0	0	0	0	0	0	0	0	0	0	0	0	0	0	0	0	0	0	0	4	0	6	0	0	0	0	67	0	0	0	0	0	0	0	0	0	0	0	0	0	0	0	0	0	0	0	0	0	0	0	0	0	0	0	0	0	0	0	0	0	0	0	0	0	0	5	5	0	0	0	0	0	0	0	8	0	0	0	0	0	0	0	1	0	0	0	0	0	0	15	0	0	0	0	47	0	0	0	0	0	0	0	0	0	0	0	0	0	0	0	0	0	0	0	0	0	0	0	52	0	0	0	0	0	0	0	0	0	0	0	0	0	0	0	0	0	0	0	0	10	0	0	0	0	0	0	0	0	0	2	0	0	1	0	0	0	0	4	0	0	0	0	0	0	0	0	0	0	0	0	7	0	0	0	9	0	0	0	0	0	0	0	0	0	0	0	0	0	0	2	0	0	0	0	0	0	0	0	0	9	0	0	0	0	0	0	0	0	0	0	0	0	0	0	0	0	0	0	0	0	0	0	0	0	0	0	0	0	0	0	0	10	0	0	1	0	0	0	0	0	0	0	0	0	0	12	0	0	0	0	0	0	0	0	0	0	3	0	0	0	0	0	0	3	0	0	5	0	0	0	0	4	0	0	0	0	0	0	0	0	0	0	0	0	0	0	0	0	0	2	0	0	5	0	0	0	0	0	0	5	3	0	0	0	0	0	0	0	0	0	0	0	0	0	0	3	0	0	0	0	0	3	0	0	0	0	2	0	0	0	58	1	6	0	1	0	0	0	0	0	0	0	0	0	0	0	0	0	0	0	113	3	0	19	0	0	0	0	0	6	0	0	0	0	0	0	0	6	3	0	0	0	0	0	0	0	0	0	0	0	0	0	0	0	0	0	0	0	5	0	0	0	0	0	0	0	0	0	0	0	0	0	0	0	0	0	0	0	0	0	0	0	0	0	0	0	0	0	0	0	0	0	0	41	0	0	0	0	0	0	0	0	0	0	0	0	0	0	0	1	0	0	0	0	0	0	0	0	0	0	0	2	0	0	0	0	0	1	0	0	0	0	6	0	0	0	0	0	0	0	0	1	0	0	0	77	0	0	0	0	0	0	0	0	0	0	0	0	0	0	0	30	0	0	0	0	0	0	0	0	0	0	0	0	0	0	0	0	0	0	0	0	0	0	0	0	0	0	0	0	0	0	0	0	0	17	0	0	0	0	0	0	0	0	0	0	0	0	0	0	0	0	0	0	0	0	0	0	0	0	0	0	0	0	0	0	0	0	0	4	0	5	0	0	0	0	0	0	0	0	0	0	0	0	2	0	0	0	0	0	0	0	0	0	0	0	5	0	0	0	0	0	1	0	0	0	0	0	0	0	0	0	0	0	0	0	0	0	0	0	0	0	0	0	0	0	0	0	0	0	0	0	0	0	0	0	0	0	0	0	0	0	0	0	1	0	0	0	0	0	0	0	0	7	0	0	0	20	0	0	0	0	0	0	0	0	0	0	0	0	0	0	0	1	0	0	15	0	0	0	58	0	0	0	0	0	0	139	17	14	1	45	14	0	0	0	0	0	0	0	0	0	0	0	0	0	0	0	122	0	0	0	0	0	0	0	0	164	0	0	0	0	0	0	53	0	0	0	0	0	201	0	157	0	70	15	0	105	0	0	83	0	0	0	0	0	0	0	0	0	0	0	66	0	0	0	0	0	0	0	0	0	0	0	0	0	0	0	0	0	0	0	0	0	0
