0	0	0	0	0	0	0	0	0	0	0	0	0	0	0	0	0	0	0	0	0	0	0	0	0	0	0	0	0	0	0	0	0	0	0	0	0	0	0	0	0	0	0	0	0	0	0	0	0	0	0	0	0	0	0	0	0	0	0	0	0	0	0	0	0	0	0	0	0	0	0	0	0	0	0	0	0	0	0	0	0	0	0	0	0	0	0	0	0	0	0	0	0	0	0	0	0	0	0	0	0	12	12	12	12	12	12	12	12	12	12	12	12	12	12	12	12	12	12	12	12	12	12	12	12	12	12	12	12	12	12	12	12	12	12	12	12	12	12	12	12	12	12	12	12	12	12	12	12	12	12	12	12	12	12	12	12	12	12	12	12	12	12	12	12	12	12	12	12	12	12	12	12	12	12	12	12	12	12	12	12	12	12	12	12	12	12	12	12	12	12	12	12	12	12	12	12	12	12	12	12	24	24	24	24	24	24	24	24	24	24	24	24	24	24	24	24	24	24	24	24	24	24	24	24	24	24	24	24	24	24	24	24	24	24	24	24	24	24	24	24	24	24	24	24	24	24	24	24	24	24	24	24	24	24	24	24	24	24	24	24	24	24	24	24	24	24	24	24	24	24	24	24	24	24	24	24	24	24	24	24	24	24	24	24	24	24	24	24	24	24	24	24	24	24	24	24	24	24	24	24	48	48	48	48	48	48	48	48	48	48	48	48	48	48	48	48	48	48	48	48	48	48	48	48	48	48	48	48	48	48	48	48	48	48	48	48	48	48	48	48	48	48	48	48	48	48	48	48	48	48	48	48	48	48	48	48	48	48	48	48	48	48	48	48	48	48	48	48	48	48	48	48	48	48	48	48	48	48	48	48	48	48	48	48	48	48	48	48	48	48	48	48	48	48	48	48	48	48	48	48	72	72	72	72	72	72	72	72	72	72	72	72	72	72	72	72	72	72	72	72	72	72	72	72	72	72	72	72	72	72	72	72	72	72	72	72	72	72	72	72	72	72	72	72	72	72	72	72	72	72	72	72	72	72	72	72	72	72	72	72	72	72	72	72	72	72	72	72	72	72	72	72	72	72	72	72	72	72	72	72	72	72	72	72	72	72	72	72	72	72	72	72	72	72	72	72	72	72	72	72	96	96	96	96	96	96	96	96	96	96	96	96	96	96	96	96	96	96	96	96	96	96	96	96	96	96	96	96	96	96	96	96	96	96	96	96	96	96	96	96	96	96	96	96	96	96	96	96	96	96	96	96	96	96	96	96	96	96	96	96	96	96	96	96	96	96	96	96	96	96	96	96	96	96	96	96	96	96	96	96	96	96	96	96	96	96	96	96	96	96	96	96	96	96	96	96	96	96	96	96	120	120	120	120	120	120	120	120	120	120	120	120	120	120	120	120	120	120	120	120	120	120	120	120	120	120	120	120	120	120	120	120	120	120	120	120	120	120	120	120	120	120	120	120	120	120	120	120	120	120	120	120	120	120	120	120	120	120	120	120	120	120	120	120	120	120	120	120	120	120	120	120	120	120	120	120	120	120	120	120	120	120	120	120	120	120	120	120	120	120	120	120	120	120	120	120	120	120	120	120	144	144	144	144	144	144	144	144	144	144	144	144	144	144	144	144	144	144	144	144	144	144	144	144	144	144	144	144	144	144	144	144	144	144	144	144	144	144	144	144	144	144	144	144	144	144	144	144	144	144	144	144	144	144	144	144	144	144	144	144	144	144	144	144	144	144	144	144	144	144	144	144	144	144	144	144	144	144	144	144	144	144	144	144	144	144	144	144	144	144	144	144	144	144	144	144	144	144	144	144
0	0	0	0	0	0	0	0	0	0	0	0	0	0	0	0	0	0	0	0	0	0	0	0	0	0	0	0	0	0	0	0	0	0	0	0	0	0	0	0	0	0	0	0	0	0	0	0	0	0	0	0	0	0	0	0	0	0	0	0	0	0	0	0	0	0	0	0	0	0	0	0	0	0	0	0	0	0	0	0	0	0	0	0	0	0	0	0	0	0	0	0	0	0	0	0	0	0	0	0	0	100	100	100	100	100	100	100	100	100	100	100	100	100	100	100	100	100	100	100	100	100	100	100	100	100	100	100	100	100	100	100	100	100	100	100	100	100	100	100	100	100	100	100	100	100	100	100	100	100	100	100	100	100	100	100	100	100	100	100	100	100	100	100	100	100	100	100	100	100	100	100	100	100	100	100	100	100	100	100	100	100	100	100	100	100	100	100	100	100	100	100	100	100	100	100	100	100	100	100	100	100	100	100	100	100	100	100	100	100	100	100	100	100	100	100	100	100	100	100	100	100	100	100	100	100	100	100	100	100	100	100	100	100	100	100	100	100	100	100	100	100	100	100	100	100	100	100	100	100	100	100	100	100	100	100	100	100	100	100	100	100	100	100	100	100	100	100	100	100	100	100	100	100	100	100	100	100	100	100	100	100	100	100	100	100	100	100	100	100	100	100	100	100	100	100	100	100	100	100	100	100	100	100	100	100	100	100	100	100	100	100	100	100	100	100	100	100	100	100	100	100	100	100	100	100	100	100	100	100	100	100	100	100	100	100	100	100	100	100	100	100	100	100	100	100	100	100	100	100	100	100	100	100	100	100	100	100	100	100	100	100	100	100	100	100	100	100	100	100	100	100	100	100	100	100	100	100	100	100	100	100	100	100	100	100	100	100	100	100	100	100	100	100	100	100	100	100	100	100	100	100	100	100	100	100	100	100	100	100	100	100	100	100	100	100	100	100	100	100	100	100	100	100	100	100	100	100	100	100	100	100	100	100	100	100	100	100	100	100	100	100	100	100	100	100	100	100	100	100	100	100	100	100	100	100	100	100	100	100	100	100	100	100	100	100	100	100	100	100	100	100	100	100	100	100	100	100	100	100	100	100	100	100	100	100	100	100	100	100	100	100	100	100	100	100	100	100	100	100	100	100	100	100	100	100	100	100	100	100	100	100	100	100	100	100	100	100	100	100	100	100	100	100	100	100	100	100	100	100	100	100	100	100	100	100	100	100	100	100	100	100	100	100	100	100	100	100	100	100	100	100	100	100	100	100	100	100	100	100	100	100	100	100	100	100	100	100	100	100	100	100	100	100	100	100	100	100	100	100	100	100	100	100	100	100	100	100	100	100	100	100	100	100	100	100	100	100	100	100	100	100	100	100	100	100	100	100	100	100	100	100	100	100	100	100	100	100	100	100	100	100	100	100	100	100	100	100	100	100	100	100	100	100	100	100	100	100	100	100	100	100	100	100	100	100	100	100	100	100	100	100	100	100	100	100	100	100	100	100	100	100	100	100	100	100	100	100	100	100	100	100	100	100	100	100	100	100	100	100	100	100	100	100	100	100	100	100	100	100	100	100	100	100	100	100	100	100	100	100	100	100	100	100	100	100	100	100	100	100	100	100	100	100	100	100	100	100	100	100	100	100	100	100	100	100	100	100	100	100	100	100	100	100	100	100	100	100	100	100	100	100	100	100	100	100	100	100	100	100	100	100	100	100	100	100	100	100	100	100	100	100	100	100	100	100	100	100	100	100	100	100	100	100	100	100	100	100	100	100	100	100	100	100	100	100	100	100	100	100	100	100	100	100	100	100	100	100	100	100	100
1	0	0	0	0	0	0	0	0	0	0	0	0	0	0	0	0	0	0	0	0	0	0	0	0	0	0	0	0	0	0	0	0	0	0	0	0	0	0	0	0	0	0	0	0	0	0	0	0	0	0	0	0	0	0	0	0	0	0	0	0	0	0	0	0	0	0	0	0	0	0	0	0	0	0	0	0	0	0	0	0	0	0	0	0	0	0	0	0	0	0	0	0	0	0	0	0	0	0	0	0	143	0	4	0	0	0	0	26	32	82	0	0	64	0	2	0	0	6	34	0	0	31	0	0	0	76	0	11	0	28	0	151	0	0	89	9	3	14	0	4	0	0	0	16	0	0	96	9	0	0	0	1	0	0	0	0	6	61	0	5	0	0	0	0	0	89	0	0	0	0	12	10	0	0	0	126	0	10	52	0	0	0	0	0	39	0	0	0	0	0	0	2	0	0	0	2	18	76	0	0	6	0	0	0	2	4	1	1	5	7	0	0	0	34	10	0	2	0	0	22	7	22	69	0	0	4	0	0	25	0	3	1	6	0	4	0	84	0	0	0	12	0	0	0	0	3	2	50	4	0	45	22	19	3	18	37	19	1	4	0	0	5	45	20	0	0	0	0	24	53	37	2	0	16	0	2	4	20	0	33	2	63	91	5	0	3	0	0	97	0	0	1	45	5	50	0	2	0	19	51	49	0	0	54	39	0	1	118	0	4	3	51	27	32	70	0	3	0	178	11	59	0	0	18	48	136	13	0	49	7	1	2	11	0	57	0	0	1	0	14	74	21	93	1	189	1	0	0	16	0	102	2	1	0	0	20	35	0	134	74	70	28	35	1	2	30	0	1	1	0	0	0	0	0	0	108	65	0	0	5	2	3	0	0	250	0	20	0	72	0	0	13	0	0	9	0	10	157	0	34	173	0	1	59	42	25	37	54	20	0	355	163	30	0	10	66	0	0	24	0	0	0	143	105	7	3	9	67	1	0	1	16	3	45	35	1	66	19	4	100	16	120	49	0	43	19	0	1	0	10	6	6	33	37	10	7	0	37	121	162	13	94	126	0	157	93	8	67	0	165	4	2	7	0	3	46	0	3	2	116	115	0	10	0	73	1	9	0	83	0	12	5	1	3	1	20	25	113	50	158	0	13	153	169	0	96	6	38	16	188	10	4	26	14	2	174	0	0	67	364	164	86	52	23	1	2	7	1	23	84	98	16	84	0	48	13	27	30	295	30	75	0	68	129	8	6	41	27	84	49	32	0	27	0	296	146	122	160	57	190	6	74	114	302	64	19	0	243	0	14	60	74	138	82	134	0	2	1	17	39	9	120	227	68	5	17	41	7	37	102	98	75	158	31	227	45	157	105	0	36	109	41	24	136	118	15	250	14	0	71	45	115	19	23	164	14	60	64	143	229	185	69	94	16	0	5	167	5	0	101	47	123	9	28	48	256	19	62	0	168	160	34	0	13	180	81	44	4	8	239	129	0	43	100	110	198	24	55	11	190	110	41	115	43	45	22	0	64	0	200	1	7	3	34	106	25	0	127	107	45	162	198	106	0	63	0	105	70	60	171	4	45	75	0	14	43	105	110	37	49	43	5	175	47	57	22	0	144	78	350	0	48	49	11	49	52	69	245	99	134	23	12	61	26	256	49	37	32	89	29	169	159	116	104	30	104	74	30	47	27	205	26	71	19	310	37	0	38	65	47	249	40	146	89	66	59	113	103	58	38	64	138	46	0	64	275	52	0	107	262	71	65	87	125	72	20	8	17	102	16	97	335	50	215	20	58	38	41	73	26	38	21	102	136	228	0	129	0	99	67
2	0	0	0	0	0	0	0	0	0	0	0	0	0	0	0	0	0	0	0	0	0	0	0	0	0	0	0	0	0	0	0	0	0	0	0	0	0	0	0	0	0	0	0	0	0	0	0	0	0	0	0	0	0	0	0	0	0	0	0	0	0	0	0	0	0	0	0	0	0	0	0	0	0	0	0	0	0	0	0	0	0	0	0	0	0	0	0	0	0	0	0	0	0	0	0	0	0	0	0	0	0	15	25	0	0	0	0	38	0	0	0	168	0	0	0	7	0	2	0	0	0	3	0	19	0	0	0	0	0	0	6	0	0	10	0	0	0	0	0	8	0	0	0	0	43	0	0	0	3	13	0	0	0	21	19	188	8	0	0	19	0	0	0	0	0	24	0	0	18	0	10	74	0	0	0	1	8	0	0	130	38	0	0	23	41	25	0	0	0	0	0	45	0	29	155	0	9	16	2	40	0	10	67	0	0	90	0	0	0	0	0	10	17	0	28	1	21	2	29	0	6	0	0	14	0	0	124	0	14	0	16	23	5	0	0	0	38	0	19	3	4	99	2	9	1	0	120	0	0	0	0	0	0	0	0	16	4	11	0	3	3	0	99	0	0	0	0	0	0	8	78	13	2	0	12	0	0	0	17	0	0	14	0	54	0	9	19	5	141	0	0	15	28	0	12	0	15	16	4	38	7	0	8	0	0	2	1	40	49	0	43	29	0	39	0	1	0	0	65	48	26	31	64	0	0	152	32	0	180	30	31	0	14	0	4	5	0	7	156	1	177	27	18	18	43	8	46	1	76	0	34	0	0	0	0	3	0	6	48	54	108	0	28	0	57	1	1	0	11	0	6	9	15	2	0	109	0	6	23	1	3	0	70	0	82	60	90	0	0	140	0	19	16	1	255	0	0	36	6	25	108	169	0	42	72	0	70	83	0	11	56	45	14	12	27	59	0	48	1	54	0	3	70	70	2	300	2	95	0	0	0	2	0	241	186	72	16	0	170	197	48	216	258	8	138	2	150	72	0	175	0	168	75	40	3	162	58	143	9	103	159	93	34	3	169	77	31	223	0	136	27	54	10	23	47	128	0	0	3	45	0	0	159	1	144	4	0	35	103	22	24	5	0	341	0	0	122	102	85	52	0	0	128	18	35	124	0	144	0	41	290	88	0	0	11	264	4	0	47	52	66	57	151	34	19	168	11	105	0	23	101	72	26	46	63	137	91	10	91	75	165	80	87	37	10	0	77	15	38	35	88	0	14	52	126	115	101	21	25	174	0	9	6	11	91	202	4	253	0	10	48	82	106	26	82	3	21	72	62	194	30	42	39	102	26	73	63	71	0	99	123	10	27	64	210	15	77	32	49	27	124	17	85	67	142	5	2	93	0	107	39	133	113	76	87	47	49	116	50	63	106	161	70	188	0	5	93	41	46	73	91	30	0	107	8	76	0	115	89	2	69	100	2	75	343	394	138	73	1	106	34	0	49	89	125	201	128	58	26	30	60	12	51	112	48	58	81	22	0	204	37	69	80	149	222	152	6	75	59	82	232	52	55	33	91	3	95	92	141	106	0	72	35	0	211	62	194	0	68	33	51	15	324	12	20	155	0	45	172	94	58	107	21	4	34	66	2	79	104	39	78	3	189	65	88	97	123	0	83	15	66	7	5	24	46	89	47	337	129	194	108	12	8	194	108	78	1	51	54	25	73	207	64	185	29	47	41	169	189	8	120	41	49	151	32	151	88	44	13	16	37	9	19	24	131	164	0	79	114	135	37	94	45	283	0	55	0	96	105	6	99	0	153	116	324	0	24	4	109	218
3	0	0	0	0	0	0	0	0	0	0	0	0	0	0	0	0	0	0	0	0	0	0	0	0	0	0	0	0	0	0	0	0	0	0	0	0	0	0	0	0	0	0	0	0	0	0	0	0	0	0	0	0	0	0	0	0	0	0	0	0	0	0	0	0	0	0	0	0	0	0	0	0	0	0	0	0	0	0	0	0	0	0	0	0	0	0	0	0	0	0	0	0	0	0	0	0	0	0	0	0	25	0	0	0	0	0	0	0	0	0	0	193	12	0	0	0	0	0	0	0	0	0	0	0	0	0	0	0	0	0	0	0	0	0	0	0	0	0	0	0	0	0	0	0	0	0	0	0	0	0	0	0	0	0	0	0	0	0	0	0	0	0	0	0	0	0	0	0	0	3	0	0	0	0	0	0	0	29	0	0	0	0	0	0	0	0	0	0	0	0	0	58	0	0	0	0	0	0	0	0	17	0	0	0	0	0	0	0	0	0	0	0	10	0	0	0	0	0	0	0	0	29	0	0	0	0	0	0	0	0	0	1	0	0	0	0	0	0	0	0	0	0	0	0	0	0	0	0	0	0	0	0	0	0	0	0	0	0	0	0	0	0	0	0	0	0	0	0	0	0	0	0	0	0	0	0	0	3	0	0	0	0	0	0	4	0	0	0	0	0	0	0	0	0	0	0	0	0	0	0	90	0	0	14	0	0	0	40	0	0	6	0	0	229	0	0	0	0	215	0	45	32	0	0	211	4	27	0	73	0	0	0	0	0	101	0	0	0	4	0	80	44	0	0	100	10	0	0	90	0	46	0	0	0	0	0	0	0	356	50	91	0	0	0	7	0	0	0	0	0	0	0	0	0	0	179	0	1	0	17	0	0	66	0	8	0	73	0	0	0	0	0	0	0	79	0	0	202	0	0	95	0	0	48	100	0	81	31	0	0	14	0	0	0	0	140	0	0	0	0	0	0	202	95	0	73	0	59	0	0	0	0	0	39	253	173	38	0	0	75	0	15	77	0	75	0	137	0	0	120	0	15	67	90	0	120	0	0	0	236	26	106	134	0	0	42	56	26	0	133	34	0	0	0	58	174	0	0	0	287	0	0	157	0	34	0	0	11	5	0	5	0	0	81	0	0	0	147	42	68	0	0	101	18	0	49	3	182	0	106	126	91	0	0	0	82	0	0	84	23	37	87	52	47	37	0	0	207	0	132	134	0	67	0	54	246	202	161	271	117	109	0	5	305	0	0	27	22	255	187	201	0	55	0	43	29	147	67	90	282	0	70	0	113	29	28	0	57	0	0	31	172	138	91	126	0	129	110	258	58	0	86	36	151	0	105	41	93	0	102	129	89	209	5	142	0	89	290	20	57	74	227	315	223	112	0	0	100	0	43	24	45	67	46	22	366	215	48	47	174	68	24	108	41	0	0	114	180	94	134	209	50	0	65	214	41	0	206	23	78	30	329	0	37	184	139	40	23	0	200	58	0	52	52	111	70	197	79	84	97	30	20	62	190	216	120	70	124	0	216	45	37	167	174	43	46	0	42	95	117	138	191	48	0	58	0	122	35	109	63	0	290	146	0	138	67	47	0	85	142	43	0	16	31	135	17	0	222	251	59	0	4	82	3	30	75	167	81	202	64	0	0	172	67	128	45	65	0	53	200	36	117	267	131	49	109	91	93	134	193	85	77	0	23	59	49	14	41	181	120	74	84	26	52	93	130	92	82	47	0	44	94	92	24	201	165	18	0	120	129	17	26	150	11	12	0	0	42	35	289	14	41	31	59	0	98	0	20	184	100	103	0	36	82	96	0	30	0	434	259
4	0	0	0	0	0	0	0	0	0	0	0	0	0	0	0	0	0	0	0	0	0	0	0	0	0	0	0	0	0	0	0	0	0	0	0	0	0	0	0	0	0	0	0	0	0	0	0	0	0	0	0	0	0	0	0	0	0	0	0	0	0	0	0	0	0	0	0	0	0	0	0	0	0	0	0	0	0	0	0	0	0	0	0	0	0	0	0	0	0	0	0	0	0	0	0	0	0	0	0	0	0	0	0	0	0	0	0	0	0	0	0	4	0	0	0	0	0	0	0	0	0	0	0	0	0	0	0	0	0	0	0	0	0	1	0	0	0	0	0	0	0	0	0	0	0	0	0	0	0	0	0	0	0	0	0	0	0	0	0	3	0	0	0	0	0	0	0	0	0	0	0	0	0	0	0	0	0	0	0	0	0	0	0	0	0	0	0	0	0	0	0	2	0	0	0	0	0	0	0	0	0	0	0	0	0	6	22	0	0	0	0	0	0	0	0	0	0	0	0	2	0	0	0	0	0	0	0	0	0	0	0	0	0	0	0	0	40	0	0	0	0	0	0	0	0	0	0	0	0	0	0	0	0	0	0	0	0	0	0	0	0	0	0	0	0	1	0	0	0	0	0	0	26	0	0	0	0	0	0	0	0	0	0	0	0	0	0	0	0	0	0	0	0	0	0	0	0	0	0	0	13	0	0	0	0	0	0	11	0	0	0	0	0	0	0	0	0	0	67	19	31	57	0	0	0	22	13	0	29	9	0	0	0	0	0	2	0	5	0	0	39	46	0	0	0	0	0	0	17	0	16	0	0	0	0	0	0	0	84	123	85	0	0	0	2	0	0	0	0	0	0	0	0	0	0	17	0	0	0	0	0	0	91	0	194	0	79	0	0	0	0	1	0	0	98	0	0	46	5	0	81	0	0	185	16	0	49	27	0	0	16	0	0	0	0	113	0	0	0	0	0	0	154	92	0	188	0	34	1	0	0	0	0	7	92	0	221	0	4	101	55	38	0	0	39	1	71	0	0	0	0	23	29	11	11	69	0	0	0	16	25	75	101	0	27	59	0	130	0	51	0	0	0	0	0	114	0	0	0	85	0	0	17	0	11	0	0	11	0	0	105	0	17	0	0	0	0	191	144	0	0	0	84	4	0	115	0	215	0	43	25	74	0	0	0	2	0	0	36	41	75	31	67	0	0	0	0	0	0	120	171	0	96	0	89	9	46	41	72	179	80	0	43	79	0	0	167	13	52	72	22	0	36	0	44	160	152	99	46	132	0	0	0	180	182	0	0	45	0	0	0	41	113	37	0	0	0	5	160	85	0	37	47	22	0	162	148	70	0	189	113	97	132	0	52	0	44	48	0	82	133	115	168	187	44	0	0	58	0	18	93	266	59	65	4	18	253	117	68	10	153	98	24	52	0	0	47	137	0	84	45	39	0	224	13	406	0	59	0	52	59	99	0	160	33	74	147	0	0	44	6	0	32	0	214	144	84	35	97	30	0	168	261	168	35	10	0	57	0	179	9	83	133	44	142	1	0	33	24	35	9	83	92	0	168	0	76	290	26	46	0	97	21	0	3	124	202	0	0	96	63	0	2	11	107	110	0	82	36	41	0	1	91	0	57	34	16	63	0	43	0	0	31	61	21	0	212	0	0	0	63	11	8	102	108	8	78	0	46	14	7	14	9	0	47	17	0	63	68	10	17	44	231	140	55	73	4	63	5	0	104	65	136	0	0	34	3	0	0	0	0	0	286	17	5	1	0	12	38	35	21	90	75	23	0	0	0	103	1	45	15	0	310	3	620	0	261	0	8	16
5	0	0	0	0	0	0	0	0	0	0	0	0	0	0	0	0	0	0	0	0	0	0	0	0	0	0	0	0	0	0	0	0	0	0	0	0	0	0	0	0	123	0	0	0	0	0	0	0	0	0	0	0	0	0	0	0	0	0	0	0	0	0	0	0	0	0	0	0	0	0	0	0	0	0	0	0	0	0	0	0	0	0	0	0	0	0	0	0	0	0	0	0	0	0	0	0	0	0	0	0	37	0	0	0	0	0	41	0	0	0	0	6	0	0	0	50	0	0	0	0	0	1	0	0	0	64	0	0	0	0	15	0	0	0	0	0	0	1	0	0	0	0	14	0	0	0	0	0	0	0	0	0	0	0	0	53	0	0	0	0	11	0	0	0	0	0	0	0	0	0	0	0	0	0	0	0	0	3	0	0	0	0	0	0	0	0	0	5	0	0	0	0	0	0	0	0	0	46	0	0	0	0	0	0	0	0	0	0	0	0	0	0	0	0	0	0	0	0	0	0	0	0	0	0	0	0	0	0	0	0	0	68	0	0	0	3	120	0	0	0	0	35	0	0	0	0	0	0	0	0	0	0	0	0	0	0	0	0	0	5	0	0	23	0	0	0	0	0	0	71	0	0	0	0	0	0	0	0	0	5	0	0	0	0	0	0	0	0	0	0	0	0	3	0	2	0	0	0	0	4	108	0	0	0	0	0	0	7	0	0	160	0	0	14	0	0	0	0	38	1	28	0	0	0	0	18	3	0	126	0	0	0	0	0	104	0	4	1	23	0	64	107	0	0	11	0	0	0	107	0	77	0	0	0	0	0	0	0	184	57	83	0	0	0	15	0	0	0	0	0	0	0	0	0	0	40	1	3	0	9	0	0	10	0	41	0	5	0	0	0	0	6	0	0	93	0	0	57	0	0	80	0	0	16	166	0	50	93	0	0	156	47	66	0	0	32	0	0	0	0	0	0	134	94	0	107	0	99	0	0	0	0	0	5	185	16	288	0	0	67	0	33	16	0	94	1	5	172	0	4	12	10	90	23	1	10	0	15	0	47	48	19	3	0	53	99	166	59	0	43	0	0	0	0	2	109	0	0	0	188	0	0	29	0	87	0	0	0	16	0	4	0	0	2	20	1	100	124	37	27	0	0	61	52	0	58	0	118	0	46	0	119	0	0	0	133	0	0	142	180	62	155	152	0	0	0	0	61	0	76	354	10	46	0	184	74	71	16	82	177	105	0	0	36	0	0	126	11	177	125	11	0	206	0	63	61	317	147	70	68	0	163	0	100	57	28	0	81	0	0	134	33	115	69	4	0	109	0	105	200	6	28	107	35	0	20	87	54	0	116	168	54	84	0	55	0	77	19	0	65	41	29	191	134	136	0	0	72	0	17	76	165	60	63	1	88	28	109	173	58	145	77	179	0	0	0	85	24	0	42	171	31	0	41	148	91	0	194	0	8	76	49	0	58	138	261	7	73	0	85	22	0	56	0	96	117	201	193	29	36	6	150	121	117	73	141	0	75	0	45	43	42	63	125	101	107	0	73	160	135	46	77	110	0	35	0	60	63	68	85	0	81	9	0	45	280	88	0	0	102	211	0	2	23	28	103	0	323	105	124	2	12	117	17	35	104	90	217	21	141	0	0	134	47	130	145	163	0	144	1	57	59	199	40	5	35	67	161	80	34	85	87	0	0	36	138	0	117	51	131	23	29	99	94	104	50	115	45	98	13	61	106	263	0	159	173	79	0	88	52	0	0	121	80	2	0	0	110	213	180	88	254	149	43	0	251	0	24	2	100	112	0	182	0	79	0	59	0	58	0
6	0	0	0	0	0	0	0	0	0	0	0	23	0	0	0	0	0	0	0	0	0	23	0	0	0	0	0	0	0	0	0	0	0	0	0	0	0	0	0	0	0	0	0	0	0	0	0	0	0	0	0	0	0	0	0	0	0	0	0	0	0	0	0	0	100	0	0	0	0	0	0	0	0	0	0	0	0	0	0	0	0	0	0	0	0	0	0	0	0	0	0	0	0	0	0	0	0	18	0	0	68	0	0	0	0	29	0	0	0	0	0	164	0	0	0	0	0	0	0	0	0	57	0	95	0	0	0	0	0	0	1	0	0	0	74	0	10	0	0	0	57	0	0	0	0	0	0	0	0	0	0	0	0	0	0	0	0	0	0	0	0	0	0	0	0	0	0	0	27	0	0	13	0	0	0	0	0	154	0	0	0	0	0	0	0	0	0	0	0	4	0	0	0	0	0	0	0	42	0	23	0	0	0	5	0	31	4	0	0	0	0	3	21	0	55	0	0	0	0	0	0	0	0	0	0	1	0	0	20	0	0	0	0	0	0	0	48	0	0	0	1	11	0	0	0	0	0	0	0	0	0	0	0	0	0	0	0	0	0	0	0	0	39	0	0	0	0	0	16	26	0	0	0	0	0	0	0	22	6	0	0	0	0	0	0	0	0	0	0	0	0	0	0	0	0	0	0	0	0	0	300	0	1	0	0	0	0	234	0	0	18	0	0	2	105	0	0	95	106	5	175	44	17	0	5	247	121	0	163	0	0	4	0	0	48	0	15	5	4	0	47	11	0	0	0	0	0	0	56	0	151	0	0	0	0	0	33	0	49	60	72	0	0	12	10	0	0	0	0	0	0	0	0	0	0	42	0	5	33	2	81	0	84	0	6	0	105	0	0	0	10	2	0	0	82	0	1	75	0	8	244	0	1	159	44	0	182	26	0	0	54	27	0	0	0	45	0	14	0	0	0	0	187	43	0	41	0	61	0	0	0	0	0	23	28	50	71	0	3	39	19	25	7	0	301	42	133	28	0	0	0	18	222	105	0	29	44	97	0	28	5	73	40	2	0	68	22	214	0	120	4	0	0	0	3	85	0	3	0	146	0	0	80	9	109	0	0	88	78	7	4	0	21	170	0	0	87	79	91	105	0	0	84	30	0	120	0	53	0	13	84	103	0	0	13	152	0	0	146	105	80	191	73	183	37	0	0	90	4	81	295	56	118	0	18	72	31	66	153	91	59	0	79	11	0	0	46	8	223	111	59	0	234	0	164	52	86	67	82	193	0	168	0	81	57	128	0	121	0	0	74	82	81	97	28	2	144	25	74	45	0	89	67	64	0	122	253	135	0	156	47	37	69	0	44	0	159	65	139	130	44	84	68	31	171	0	7	126	0	8	87	29	220	87	84	50	114	160	262	156	56	198	191	152	0	0	41	42	0	65	40	86	0	54	129	89	0	132	0	80	164	148	0	155	98	51	182	2	0	61	211	0	90	3	248	81	135	104	214	9	53	31	19	20	89	61	0	42	0	33	12	9	140	59	69	183	0	166	70	130	83	221	90	10	53	0	47	203	48	126	0	95	12	0	22	183	41	0	71	65	61	18	69	122	54	224	0	78	125	198	0	106	110	3	20	129	86	148	92	72	0	37	83	79	117	152	25	0	59	143	96	196	127	99	176	259	105	109	158	33	50	117	28	2	40	36	0	49	88	65	35	161	106	182	64	48	146	94	80	4	116	213	135	0	42	57	28	0	176	56	98	33	65	83	143	4	0	32	20	98	147	20	17	76	0	117	0	9	131	88	30	0	79	26	122	0	106	0	114	138
7	0	0	0	0	0	0	0	0	0	0	0	0	0	0	0	0	0	0	0	0	0	0	0	0	0	0	0	0	0	0	0	0	0	0	0	0	0	0	0	0	0	0	0	0	0	0	0	0	0	0	0	0	0	0	0	0	0	0	0	0	0	0	0	0	0	0	0	0	0	0	0	0	0	0	0	0	0	12	0	0	0	0	0	0	0	0	0	0	0	0	0	0	0	0	0	0	0	0	0	0	16	0	88	0	0	5	0	16	0	0	0	56	0	0	0	0	0	0	0	0	0	18	0	0	0	0	0	0	0	0	0	6	0	0	0	0	0	0	0	0	0	0	0	0	0	0	0	0	0	0	0	0	50	0	0	13	0	43	0	0	0	0	0	0	0	0	0	0	0	0	0	0	0	0	0	0	0	0	0	0	10	0	0	0	0	0	2	21	0	0	0	106	0	0	0	0	0	39	0	1	0	5	0	2	32	5	0	0	0	0	0	0	0	8	0	0	0	0	0	57	0	0	0	0	0	0	15	0	0	0	48	0	0	0	0	0	65	19	0	48	4	1	0	0	0	0	0	0	0	0	0	0	0	0	0	0	51	0	0	0	9	0	81	0	0	0	0	0	0	0	0	0	0	46	0	0	0	0	0	0	5	39	0	0	0	0	0	0	0	0	0	0	71	0	0	0	0	0	151	0	40	0	0	0	5	0	0	149	0	0	23	7	0	182	0	6	0	9	51	0	39	29	0	0	2	335	26	0	42	2	1	2	0	0	33	0	9	15	127	1	61	30	0	0	25	0	0	0	77	0	214	0	0	0	0	22	0	0	49	116	22	0	0	0	5	0	0	0	26	0	0	0	0	0	0	58	0	2	13	0	0	0	236	1	112	0	126	0	0	0	0	11	14	0	103	0	0	45	0	0	69	45	0	28	42	0	101	22	0	0	383	35	1	0	0	67	0	36	0	0	0	0	184	100	0	311	37	37	1	0	0	0	0	106	36	132	26	0	0	13	200	198	14	0	149	0	130	0	6	27	0	65	143	18	2	41	4	32	0	123	15	150	29	137	181	16	5	130	0	66	50	7	18	0	6	28	0	0	0	131	0	0	123	54	54	0	0	22	75	0	216	19	0	50	1	0	16	55	13	183	24	0	15	101	0	30	65	58	0	61	130	36	94	0	0	98	0	27	71	95	121	59	74	94	0	0	0	5	0	61	83	241	97	0	100	69	109	16	46	42	168	0	23	44	0	27	69	28	24	16	60	0	142	0	52	104	52	56	201	70	0	195	25	44	261	37	0	14	0	0	76	145	113	161	153	0	197	4	20	197	0	164	128	46	9	70	142	15	0	97	56	103	65	295	76	0	14	80	18	36	65	50	64	119	145	6	0	95	0	324	107	124	179	107	31	56	15	147	25	150	112	35	102	71	0	0	67	94	6	185	188	98	0	78	5	166	0	110	2	18	8	62	0	27	118	119	88	23	0	86	95	0	91	75	138	47	82	61	58	111	158	53	42	0	48	112	40	252	1	42	198	91	214	227	295	40	3	275	140	314	139	124	81	0	105	7	246	294	237	11	0	53	193	0	36	99	125	0	78	75	66	0	33	152	90	150	0	214	100	145	0	199	20	0	111	294	47	117	185	67	0	0	72	122	169	164	44	0	30	185	71	66	48	204	50	63	45	54	46	167	42	78	152	40	121	59	0	43	167	54	206	225	142	95	71	228	253	281	61	10	74	59	137	168	15	73	125	4	47	93	76	58	38	22	34	24	0	195	178	108	97	23	32	21	61	23	1	71	26	215	69	0	77	99	49	0	85	0	118	103
8	0	0	17	0	0	0	0	0	0	0	0	0	0	0	0	0	0	0	0	0	0	0	0	0	0	0	0	0	0	0	0	0	0	0	0	0	0	0	0	0	0	0	0	0	0	0	0	0	0	0	0	0	0	0	0	0	0	0	0	0	0	0	0	0	0	0	0	0	0	0	0	0	7	0	0	0	0	0	0	0	0	0	0	0	0	0	0	0	0	0	0	0	0	0	0	0	0	0	0	0	33	0	0	0	31	0	10	0	0	0	0	17	9	0	0	0	0	14	0	0	0	0	0	0	0	0	0	0	0	0	0	0	0	0	0	0	0	0	0	0	0	0	0	0	0	0	7	0	0	0	0	0	0	0	0	20	0	0	0	0	0	0	0	0	11	0	0	0	0	0	0	0	0	0	0	0	0	0	0	56	0	0	0	0	0	0	3	0	0	0	0	27	0	0	0	0	0	0	0	0	0	19	0	0	0	64	36	0	0	0	0	52	5	0	0	0	0	0	0	73	0	0	9	0	0	0	0	0	0	0	0	0	0	0	0	4	0	0	0	0	0	0	14	0	1	1	0	0	0	0	0	0	0	0	0	0	47	0	0	0	0	0	0	0	0	0	0	0	0	23	0	0	0	37	25	0	0	10	0	0	0	96	0	9	0	0	15	0	0	0	0	0	4	0	2	0	1	0	0	0	133	0	0	7	0	0	1	147	9	0	26	0	0	275	2	0	18	0	49	2	109	46	0	0	13	75	100	0	38	0	1	71	0	0	10	0	0	0	5	3	110	146	3	14	76	0	4	5	65	0	160	23	0	0	0	1	0	0	146	18	205	0	0	0	2	0	0	0	0	0	0	0	0	0	0	141	0	4	94	0	0	0	92	0	10	0	33	1	0	0	0	4	6	0	195	0	0	99	32	45	315	91	0	110	31	0	86	98	0	0	55	46	0	0	35	91	0	49	10	0	0	1	70	114	0	151	21	88	0	0	0	1	0	92	33	171	57	0	125	54	71	62	124	0	129	15	9	3	0	33	4	13	96	143	0	41	0	0	0	73	132	22	22	0	105	30	63	60	2	34	12	0	51	0	6	115	0	0	0	91	0	0	21	0	173	0	7	70	43	0	48	0	0	123	5	0	104	7	200	88	0	0	115	33	0	65	0	398	0	119	165	115	1	0	0	206	0	0	182	81	39	194	130	155	66	0	21	160	0	75	199	23	124	0	106	46	96	100	114	21	155	0	51	78	107	0	246	118	297	96	67	0	59	0	83	162	317	18	106	246	0	54	19	72	33	177	0	37	0	0	13	91	276	114	141	0	179	41	69	151	0	34	108	78	33	103	67	89	47	229	90	101	64	76	127	0	172	72	23	32	73	63	225	33	264	0	0	103	0	155	168	48	210	116	52	119	217	190	33	112	29	79	87	167	0	0	29	37	72	67	254	57	0	3	21	14	0	95	236	68	97	60	0	36	90	40	177	56	0	231	10	0	89	44	37	23	49	135	154	258	118	102	78	97	26	25	72	39	0	24	105	37	101	102	16	47	0	121	126	54	14	46	17	2	14	1	99	63	103	53	0	13	71	0	69	58	367	59	93	234	69	4	178	132	117	177	0	39	204	54	17	41	195	0	1	19	110	61	202	68	0	0	69	162	48	206	96	7	104	148	345	20	124	30	202	314	108	9	97	110	47	82	77	22	61	45	0	139	165	38	67	57	78	299	9	106	77	111	67	12	54	79	39	41	151	134	136	0	108	126	89	22	94	68	136	133	14	67	139	10	49	2	73	57	50	34	0	24	128	290	46	0	39	50	94	2	23	0	91	35
9	0	0	0	0	0	0	0	0	0	0	0	10	0	0	0	0	0	0	0	0	0	0	0	0	0	0	0	0	0	0	0	0	0	0	0	0	0	0	0	0	0	0	0	0	0	0	0	0	0	0	0	0	0	0	0	0	0	0	0	0	0	0	0	0	0	0	0	0	0	0	0	0	0	0	0	0	0	0	0	0	0	0	0	0	0	0	0	0	0	0	0	0	0	0	0	0	0	0	0	0	0	0	0	0	0	0	0	0	0	0	0	0	0	0	0	0	0	0	0	0	0	0	0	0	0	0	0	0	0	0	0	0	0	0	0	0	0	0	0	0	0	0	0	0	0	0	0	0	0	0	0	0	0	0	0	0	0	0	0	0	0	0	0	0	0	0	0	0	0	0	0	0	0	0	0	0	0	0	0	0	2	0	0	0	0	0	0	0	0	0	0	0	0	0	0	0	0	0	0	0	0	0	0	0	0	0	0	0	0	0	0	0	0	0	0	0	0	0	0	0	0	0	0	0	0	0	0	0	0	0	0	0	0	0	0	0	0	0	0	0	0	0	0	0	0	0	0	0	0	0	0	0	0	0	0	0	0	0	0	0	0	0	0	0	0	0	0	0	0	0	0	0	0	0	0	0	0	0	0	0	0	0	0	0	0	0	0	0	0	0	0	0	0	0	0	0	0	0	0	0	0	0	0	0	0	0	0	0	0	0	0	0	0	0	0	0	0	0	118	0	0	0	0	0	0	188	0	0	0	0	0	0	0	0	0	0	0	0	0	0	0	0	0	0	0	0	0	0	0	0	15	0	0	0	0	0	0	0	149	0	0	0	0	0	0	0	0	0	0	0	0	0	0	0	0	27	0	0	0	0	0	0	0	0	0	0	0	0	0	0	0	0	0	0	0	0	0	14	0	0	0	0	0	0	13	0	0	20	0	0	12	0	0	0	0	0	0	0	0	0	0	0	0	0	0	0	0	68	0	0	0	0	0	0	0	0	0	0	0	0	0	0	0	0	120	0	14	0	0	0	0	0	0	0	0	55	0	0	0	0	0	23	0	0	0	0	0	60	0	42	0	0	0	0	0	0	0	0	0	0	0	0	25	0	0	0	0	0	0	0	0	0	0	0	1	0	0	49	0	2	0	0	40	0	0	127	0	11	0	0	0	0	0	0	0	0	0	0	0	13	40	0	261	0	0	0	0	1	8	0	43	0	72	0	0	124	2	18	0	0	35	0	0	0	0	0	0	0	52	0	1	0	0	0	0	51	19	4	0	188	0	0	0	3	0	0	0	67	0	0	0	92	34	0	59	0	0	0	0	0	0	0	0	93	0	1	86	0	0	125	32	0	0	0	144	0	254	0	0	169	22	2	57	106	0	0	0	31	0	0	0	0	0	0	45	81	0	0	0	105	32	7	0	0	0	0	0	0	0	0	93	0	0	121	2	8	0	0	0	0	63	0	0	0	87	0	0	0	0	69	0	0	15	40	0	40	0	6	9	9	156	8	48	0	0	15	0	0	0	0	0	0	0	0	0	0	0	0	0	74	230	0	14	0	0	0	42	0	74	2	0	96	104	0	76	6	233	0	86	8	2	0	72	166	24	154	0	20	0	126	0	135	13	0	0	130	0	62	153	26	0	0	22	0	5	20	47	0	0	60	95	3	83	6	0	188	249	141	26	320	36	0	0	67	96	17	0	0	0	86	91	33	20	0	0	3	171	7	0	0	175	50	5	37	122	63	1	0	292	20	49	0	68	0	92	0	0	0	46	0	7	0	0	4	0	120	0	0	82	0	1	0	9	10	0	0	43	0	0	50
10	0	0	0	0	0	0	0	0	0	0	0	0	0	0	0	0	0	0	0	0	0	0	0	0	0	0	0	0	0	0	0	0	0	0	0	0	0	0	0	0	0	0	0	0	0	0	0	0	0	0	0	0	0	0	0	0	0	0	0	0	0	0	0	0	0	0	0	0	0	0	0	0	0	0	0	0	0	0	0	0	0	0	0	0	0	0	0	0	0	0	0	0	0	0	0	0	0	0	0	0	0	0	0	0	0	0	0	0	0	0	0	0	0	0	0	0	0	0	0	0	0	0	0	0	0	0	0	0	0	0	0	0	0	0	0	0	0	0	0	0	0	0	0	0	0	0	0	0	0	0	0	0	0	0	0	0	0	0	0	0	0	0	0	0	0	0	0	0	0	0	0	0	0	0	0	0	0	0	0	0	0	0	0	0	0	0	0	0	0	0	0	0	0	0	0	0	0	0	0	0	0	0	0	0	0	0	0	0	0	0	0	0	0	0	0	0	0	0	0	0	0	0	0	0	0	0	0	0	0	0	0	0	0	0	0	0	0	0	0	0	0	0	0	0	0	0	0	0	0	0	0	0	0	0	0	0	0	0	0	0	0	0	0	0	0	0	0	0	0	0	0	0	0	0	0	0	0	0	0	0	0	0	0	0	0	3	0	0	0	0	0	0	1	0	0	0	0	0	0	0	0	0	0	0	0	0	0	3	0	0	0	0	0	0	0	0	0	0	21	0	0	0	0	0	0	0	0	0	0	0	0	0	0	0	0	0	0	0	0	0	0	0	0	0	0	0	0	0	0	0	0	0	0	0	0	0	0	0	109	1	0	0	0	0	0	0	0	0	0	0	0	0	0	0	0	52	0	0	0	0	0	0	0	0	0	0	0	0	0	0	0	0	0	0	0	0	0	0	0	0	0	0	0	0	0	0	0	0	0	0	0	0	0	0	1	0	0	0	0	0	0	0	0	50	0	0	0	79	0	0	0	0	0	0	6	0	0	0	0	21	0	0	0	0	92	0	1	0	0	0	0	0	0	2	0	0	0	0	0	0	0	0	0	0	0	0	0	35	0	6	0	0	0	0	0	0	0	0	0	0	0	0	21	0	0	0	0	0	0	0	0	0	0	0	0	0	0	19	0	0	0	0	22	0	0	0	0	0	0	2	0	0	0	0	0	0	0	0	0	0	36	0	118	49	0	0	0	0	0	1	4	0	85	0	0	176	0	0	0	0	10	0	0	34	0	0	56	0	46	0	0	0	0	0	24	114	48	49	0	5	0	0	0	5	0	0	0	130	0	0	0	12	25	3	21	0	69	0	0	0	0	0	0	71	0	124	3	0	0	32	0	0	4	0	3	0	207	0	0	75	201	12	0	130	0	0	0	0	0	0	10	0	0	0	9	2	0	0	0	48	17	4	0	22	0	0	0	0	0	5	11	0	0	1	8	0	0	20	0	0	41	0	0	20	3	0	42	0	0	55	0	0	0	159	0	0	0	9	0	87	20	9	7	0	0	124	0	2	0	0	0	0	0	0	0	140	0	2	0	1	98	0	37	0	49	0	8	0	0	0	0	34	0	0	38	17	265	0	72	0	11	0	304	93	2	274	0	0	0	15	0	28	22	0	0	89	0	38	22	29	0	0	38	0	101	183	62	0	0	34	0	8	0	27	0	92	145	84	27	68	136	0	0	99	42	42	0	43	0	0	127	176	39	0	1	19	62	110	0	0	20	0	3	26	42	45	4	0	46	70	10	0	0	90	105	0	0	0	100	0	81	0	0	0	0	243	0	0	111	1	0	0	32	67	0	0	51	0	0	78
11	0	0	0	0	0	0	0	0	0	0	0	0	0	0	0	0	0	0	0	8	0	0	0	0	0	0	0	0	0	0	0	0	0	0	0	0	0	0	0	0	0	0	0	0	0	27	0	0	0	0	0	0	0	0	0	0	0	0	0	0	0	0	0	0	0	0	0	0	0	0	0	0	0	0	0	0	0	0	0	0	0	0	0	0	0	0	0	0	0	0	0	0	0	0	0	0	0	0	0	0	0	0	0	0	0	0	0	0	0	0	0	0	0	0	0	0	0	0	0	0	0	0	0	0	0	0	0	0	0	0	0	0	0	0	0	0	0	0	0	0	0	0	6	0	3	0	0	0	0	0	59	0	0	0	0	0	0	0	0	0	0	0	0	0	0	7	0	0	0	0	0	0	0	0	0	0	0	0	0	2	0	0	0	0	0	0	0	0	0	0	0	10	0	0	0	0	0	26	0	0	0	43	0	0	0	0	0	0	0	0	0	0	0	0	1	0	0	0	0	51	0	0	0	3	0	0	0	0	0	0	0	0	0	0	0	5	0	0	0	0	0	0	0	0	0	0	0	0	0	0	22	0	0	0	0	0	0	0	0	0	0	0	0	0	0	0	0	0	0	74	0	0	0	0	0	0	0	0	0	0	0	3	0	0	0	0	0	0	0	0	0	0	0	0	0	0	0	0	18	0	0	0	0	0	0	1	0	0	0	0	0	0	0	0	0	0	0	0	0	0	0	0	0	0	0	0	0	0	0	0	0	0	8	0	0	0	0	0	0	7	0	0	0	0	0	0	0	0	0	0	0	1	0	0	0	0	0	0	0	0	0	0	0	0	0	4	0	0	10	80	0	0	0	0	0	0	0	0	0	0	0	0	0	0	0	2	0	0	0	0	0	0	0	0	0	0	0	0	22	0	1	0	0	0	0	0	0	0	0	0	0	0	0	0	9	0	0	7	0	0	0	0	0	0	0	0	0	0	0	0	0	0	0	0	0	0	0	19	0	0	0	0	0	0	14	0	0	0	0	0	0	0	0	0	0	0	0	0	0	0	0	0	0	0	0	0	0	28	0	0	0	0	0	0	0	0	0	0	0	0	0	0	0	0	0	0	0	0	0	1	0	0	0	0	0	0	0	0	0	0	0	0	0	0	0	0	0	0	0	0	0	0	0	0	0	0	6	0	0	0	0	0	0	0	0	0	10	0	0	0	0	0	46	0	0	35	0	0	0	0	0	1	0	9	7	0	45	0	0	1	0	0	0	6	0	0	0	0	0	0	1	0	6	0	1	0	0	4	0	0	0	0	0	0	40	0	0	0	0	0	0	0	0	16	0	14	0	0	0	35	0	0	0	0	0	0	64	0	0	319	57	0	0	0	0	0	0	0	0	0	0	0	0	0	129	0	0	0	0	30	0	0	0	0	0	0	0	0	0	0	0	0	0	6	0	0	0	0	0	0	0	0	0	0	16	0	0	0	0	112	0	5	0	229	0	0	0	0	1	194	125	0	0	0	0	8	0	0	2	0	29	0	0	0	0	19	0	1	0	0	113	0	182	0	11	0	0	0	0	0	0	167	0	39	201	0	79	0	93	0	0	0	28	35	0	5	0	0	0	3	4	72	0	0	0	0	0	0	21	35	0	0	0	2	0	7	55	0	0	84	0	0	0	0	0	69	26	63	9	152	130	0	0	117	0	104	0	0	0	10	84	57	0	0	0	0	175	4	0	0	293	0	0	178	99	220	0	0	36	16	49	0	0	10	102	0	34	0	136	0	0	20	0	0	0	96	0	0	12	0	7	0	0	95	0	0	14	1	0	218
12	0	0	0	0	0	0	0	0	0	0	0	0	0	0	0	0	0	0	0	0	0	0	0	0	0	0	0	0	0	0	0	0	0	0	0	0	0	0	0	0	0	0	0	0	0	0	0	0	0	0	0	0	0	0	0	0	0	0	0	0	0	0	0	0	0	0	0	0	0	0	0	0	0	0	0	0	0	0	0	0	0	0	0	0	0	0	0	0	0	0	0	0	0	0	0	0	0	0	0	0	0	0	0	22	0	0	0	0	0	0	0	0	0	0	0	0	0	0	0	0	0	0	0	0	0	0	0	0	0	0	0	0	0	0	0	0	0	0	2	0	0	0	0	0	0	0	0	0	0	0	0	0	0	0	0	0	0	0	8	16	0	0	0	0	0	0	0	0	0	0	0	0	0	0	0	0	0	0	0	0	0	0	0	0	0	0	0	0	0	0	0	0	0	0	0	0	0	0	0	0	0	0	0	0	0	0	0	0	0	0	0	0	0	0	0	0	0	0	0	0	0	0	0	0	0	0	0	0	0	14	0	0	0	0	0	0	0	0	0	27	0	0	10	0	0	0	0	0	0	0	0	0	0	0	0	0	0	0	0	1	92	0	0	0	0	0	0	0	0	0	0	0	0	0	0	0	0	0	0	0	0	3	0	0	0	0	0	0	0	0	0	0	0	0	0	4	0	0	2	0	0	0	0	0	0	0	0	0	0	0	0	0	0	0	0	0	1	0	0	0	0	0	0	0	0	0	0	0	0	0	0	0	27	1	0	0	0	0	0	5	0	0	0	0	0	0	0	0	0	0	0	2	0	0	0	0	0	0	0	0	0	0	0	0	0	0	0	0	12	0	0	0	0	0	0	0	0	0	0	0	0	0	0	0	0	0	0	0	0	0	0	0	0	0	0	0	0	0	0	0	0	0	0	0	0	0	0	0	0	0	0	0	0	0	0	12	0	0	0	0	0	0	0	30	0	0	0	0	0	0	0	0	0	0	0	0	0	0	0	0	0	0	0	0	12	0	0	0	0	0	0	0	0	0	0	0	2	0	0	0	0	0	0	0	0	0	0	178	0	0	0	0	0	0	0	0	0	0	0	0	0	0	0	0	0	0	0	0	0	0	0	0	0	0	0	0	0	0	0	0	0	0	0	0	0	0	0	0	0	0	0	0	0	0	0	0	0	0	0	0	0	0	0	0	0	2	0	0	0	0	0	6	0	0	0	172	0	0	0	0	0	0	0	37	0	0	0	0	0	0	0	0	0	0	0	0	0	0	0	59	2	0	0	0	0	0	0	48	0	0	0	0	0	0	14	0	0	0	0	0	0	0	0	49	1	58	28	0	0	0	0	0	0	0	0	0	26	0	0	249	41	0	0	0	0	0	0	0	7	0	0	0	0	0	64	0	0	0	0	94	0	0	0	0	0	0	0	0	0	0	0	0	0	0	0	0	0	0	0	0	0	0	0	0	6	0	0	0	0	0	0	0	0	81	0	7	0	0	0	80	356	0	0	1	21	0	0	0	0	0	0	0	0	2	0	121	0	0	0	2	109	0	163	0	0	0	0	0	0	0	0	62	0	0	15	0	116	0	31	0	0	0	78	48	0	89	0	0	0	22	0	112	0	0	0	0	0	0	174	0	0	0	0	0	0	218	138	1	0	59	0	0	0	0	0	94	55	85	70	68	41	0	0	226	0	188	0	0	0	0	103	67	1	0	0	0	50	1	0	0	474	0	0	58	15	54	0	0	26	90	84	0	0	124	58	0	0	0	44	0	0	0	0	0	0	52	0	0	39	0	0	0	0	114	0	0	30	32	0	25
13	0	0	0	0	0	0	0	0	0	0	0	0	0	0	0	0	0	0	0	0	0	0	0	0	0	0	0	0	0	0	0	0	0	0	0	0	0	0	0	0	0	0	0	0	0	0	0	0	0	0	0	0	0	0	0	0	0	0	0	0	0	0	0	0	0	0	0	0	0	0	0	0	0	0	0	0	0	0	0	0	0	0	0	0	0	0	0	0	0	0	0	0	0	0	0	0	0	0	0	0	0	0	0	0	0	0	0	0	0	0	0	0	0	0	0	0	0	0	0	0	0	0	0	0	0	0	0	0	0	0	0	0	0	0	0	0	0	0	0	0	0	0	0	0	0	0	0	0	0	0	0	0	0	0	0	0	0	0	0	0	0	0	0	0	0	0	0	0	0	0	0	0	0	0	0	2	0	0	0	0	0	0	0	0	0	0	0	0	0	0	0	0	0	0	0	0	0	0	0	0	0	0	0	0	0	0	0	0	0	0	0	0	0	0	30	0	0	0	11	0	0	0	0	0	0	0	0	0	0	0	0	0	0	0	0	0	0	0	0	0	0	0	0	0	0	0	0	0	0	0	0	0	0	0	8	0	0	0	0	0	0	0	0	0	0	0	0	0	0	0	0	0	0	0	0	0	0	0	0	0	0	0	0	0	0	0	0	0	0	0	0	0	0	0	1	0	0	0	0	0	0	0	0	0	0	0	0	0	0	0	0	0	0	0	0	0	0	0	0	0	0	0	0	0	0	0	0	0	0	0	0	0	0	0	0	0	0	0	0	0	0	0	0	0	0	0	0	0	0	0	0	0	0	0	0	0	0	0	0	0	0	0	0	0	0	0	0	0	0	0	0	0	0	0	0	8	0	0	0	0	0	0	0	0	0	0	0	0	0	6	0	0	0	0	0	0	0	0	0	0	0	0	0	0	0	0	0	0	0	0	0	0	0	0	0	0	0	0	0	0	0	0	0	0	0	0	0	0	0	0	0	0	1	0	0	0	0	0	0	0	0	0	0	0	5	0	0	0	0	0	0	0	0	0	0	0	0	0	0	0	0	0	0	0	0	0	0	0	0	0	0	0	0	0	0	0	0	0	0	0	0	0	0	0	0	0	1	0	0	0	0	0	0	0	0	0	0	0	0	0	0	0	0	0	0	0	0	0	0	0	0	0	0	0	0	0	0	0	0	0	0	0	0	0	0	0	0	0	0	0	0	0	0	0	0	0	0	0	0	0	0	0	0	0	0	0	0	0	0	0	0	0	0	0	0	0	0	0	0	0	0	0	0	0	0	0	0	0	0	0	0	0	0	0	96	0	0	0	0	0	0	0	0	86	0	0	0	0	0	0	0	0	0	0	0	0	72	0	0	30	83	0	0	0	0	0	0	0	0	0	0	0	0	0	60	0	0	0	0	1	0	0	0	0	0	0	0	0	0	0	0	0	0	0	0	0	0	0	0	0	0	0	0	0	0	0	0	0	0	13	0	0	0	142	0	0	0	0	0	25	127	0	0	0	0	0	0	0	0	0	0	0	0	0	0	171	0	0	0	0	3	0	0	0	0	0	0	0	0	0	0	75	0	0	32	0	30	0	20	0	0	0	37	23	0	21	0	0	0	0	0	52	0	0	0	0	0	0	51	0	0	0	0	0	0	55	164	0	0	126	0	0	0	0	0	84	0	0	0	0	192	0	0	92	0	257	0	0	0	0	30	54	0	0	0	0	85	0	0	0	127	0	0	216	177	67	0	0	0	36	91	0	0	0	139	0	0	0	0	0	0	0	0	0	0	120	0	0	130	0	0	0	0	44	0	0	0	0	0	173
14	0	0	0	0	0	0	0	0	0	0	0	0	0	0	0	0	0	0	0	0	0	0	0	0	0	0	0	0	0	0	0	0	4	15	0	18	0	0	0	0	0	0	0	13	0	0	0	0	0	0	0	0	0	0	0	0	0	0	0	0	0	0	0	0	0	0	0	0	0	0	0	21	0	7	0	0	0	0	0	0	0	0	0	0	0	0	0	0	0	0	0	0	0	0	21	0	0	0	0	0	0	0	0	0	0	0	0	0	0	0	0	0	0	0	0	0	0	0	0	0	0	0	0	0	1	0	0	0	0	0	0	0	0	0	0	0	0	0	0	0	0	0	0	0	0	0	0	0	0	0	0	0	31	0	69	0	0	0	0	0	0	0	0	0	0	81	0	0	0	0	92	0	0	0	0	0	0	0	0	0	0	0	0	0	0	0	0	0	0	0	0	0	0	0	0	0	0	0	0	0	0	0	0	0	0	10	0	0	0	0	0	0	0	0	23	0	0	0	0	0	0	0	0	0	2	0	0	0	0	3	0	0	0	0	0	2	0	0	0	0	0	0	0	0	0	0	0	0	0	0	0	0	0	0	0	0	0	0	0	0	0	0	1	0	0	0	0	0	0	10	0	0	25	0	0	0	0	0	0	0	0	0	1	0	0	0	0	1	0	0	0	1	0	0	0	0	0	0	31	0	0	0	0	13	0	0	0	0	0	0	0	0	0	0	0	0	0	0	49	0	0	1	0	0	0	0	2	15	0	0	0	0	0	0	0	0	0	61	0	20	9	0	0	0	0	0	0	0	0	0	0	5	0	0	0	0	0	0	126	0	0	0	0	0	0	0	0	0	0	0	0	0	0	0	3	0	0	0	0	0	0	0	0	0	0	2	3	0	0	0	0	0	0	0	0	0	0	0	0	0	0	0	0	0	1	0	1	0	0	0	0	0	0	1	0	0	0	0	0	0	0	2	0	0	0	0	0	109	0	0	0	0	0	0	0	0	12	0	0	0	0	0	0	4	54	0	0	0	0	0	0	0	0	0	0	0	0	0	0	0	0	0	0	0	0	0	0	7	0	0	0	0	0	0	0	0	0	2	5	0	0	0	0	0	0	0	0	2	0	0	0	0	0	0	10	0	0	0	0	0	0	0	45	0	0	0	0	0	0	0	0	74	0	0	0	0	0	0	0	0	139	0	17	0	0	0	0	0	5	0	0	0	0	0	0	10	0	0	0	0	0	0	0	59	0	0	0	0	54	0	0	0	0	0	0	0	2	0	0	63	0	0	0	0	0	0	0	42	0	0	0	0	0	0	28	0	0	0	0	0	0	0	0	188	0	102	0	0	0	46	0	0	0	0	0	0	20	0	0	57	22	0	0	21	0	10	0	0	0	0	0	0	0	0	119	0	0	0	0	22	0	0	0	2	0	0	0	0	0	8	191	0	0	42	0	0	0	0	9	0	0	0	0	0	0	0	0	0	0	8	0	2	0	189	3	6	0	0	17	148	120	31	0	0	0	44	0	1	0	0	0	0	0	0	2	89	0	0	0	0	44	0	217	0	60	0	0	0	0	0	0	32	0	0	111	1	45	0	84	4	0	0	180	174	26	94	0	0	0	66	1	81	0	0	3	65	0	0	170	4	0	0	0	15	5	47	53	0	0	24	0	0	0	16	0	81	30	98	46	68	113	0	0	122	3	190	0	5	0	4	171	187	5	0	0	0	76	8	0	0	72	0	0	64	160	58	0	0	60	6	75	10	0	21	285	0	3	0	108	0	0	0	0	0	0	60	0	0	51	0	0	0	0	127	0	0	58	0	0	134
15	0	0	0	0	0	0	0	0	0	0	0	0	0	0	0	0	0	0	0	0	0	0	0	0	0	0	0	0	0	0	0	0	0	0	0	0	0	57	0	0	0	0	0	0	0	0	0	0	0	0	0	0	0	0	0	0	0	0	0	0	0	0	0	0	0	0	0	0	0	0	0	0	0	0	0	0	0	0	0	0	0	0	0	0	0	0	0	0	0	0	0	0	0	0	0	0	0	0	0	0	0	0	0	0	0	0	0	0	0	0	0	7	3	0	0	0	0	0	0	0	0	0	0	0	0	0	0	0	0	0	0	0	0	0	0	0	0	0	0	0	0	0	0	0	0	0	0	0	0	0	0	0	0	7	0	0	0	0	0	0	0	0	0	0	0	0	0	2	0	0	0	0	0	0	0	0	0	0	0	0	0	0	0	0	0	0	0	0	0	0	0	0	0	0	0	0	0	0	0	0	0	0	0	0	0	0	0	0	39	0	0	0	0	0	0	39	0	0	0	0	0	0	0	0	0	1	0	0	0	0	0	0	0	0	0	0	0	0	0	0	0	0	0	0	0	0	0	0	0	0	0	0	0	0	0	0	0	0	0	0	0	0	0	0	0	0	0	0	0	0	0	0	0	0	0	0	0	0	0	0	0	0	0	0	0	0	0	0	0	0	0	0	0	0	0	0	0	0	0	0	0	0	0	0	0	0	0	0	0	0	0	0	0	0	0	0	0	0	0	0	0	0	0	0	0	0	0	0	0	0	0	0	0	0	0	0	0	0	0	0	0	0	0	0	0	0	0	0	0	0	0	0	1	0	0	0	0	0	81	0	0	0	0	0	0	0	0	0	0	0	0	0	0	0	0	0	0	0	0	0	0	0	0	0	0	0	0	0	0	0	0	0	0	0	0	0	0	0	0	0	0	0	1	0	0	0	0	0	0	0	0	0	0	0	0	0	0	0	0	0	0	0	0	0	0	0	0	0	0	0	0	0	0	0	0	0	0	0	0	0	0	0	0	0	124	0	0	0	0	0	0	0	0	0	0	0	0	21	0	0	0	0	0	0	0	0	0	0	0	0	0	0	0	0	0	0	0	0	0	0	0	0	5	0	0	0	0	0	0	0	0	0	0	0	0	0	0	0	0	0	0	0	5	0	0	0	0	0	0	0	0	0	0	0	0	0	0	0	0	0	0	0	0	0	0	0	0	0	0	0	0	0	0	0	0	0	0	0	0	0	0	0	0	0	0	0	0	0	0	0	0	0	0	0	0	0	0	0	0	0	28	0	0	0	0	0	0	59	0	0	0	0	0	0	127	0	0	0	0	0	0	0	0	138	0	2	0	0	0	0	0	0	0	0	0	0	214	0	0	194	1	0	0	0	0	0	0	0	0	0	0	0	0	0	72	0	0	0	0	75	0	0	0	0	0	0	0	0	0	0	5	0	0	0	0	0	0	0	0	0	0	0	0	3	0	0	0	0	0	35	0	0	0	133	0	0	0	0	0	30	121	0	24	0	0	0	0	0	0	0	0	0	0	0	0	118	0	0	0	0	8	0	46	0	0	0	0	0	0	0	0	157	0	0	40	0	79	0	93	0	0	0	69	147	0	0	0	0	0	46	0	30	0	0	0	0	0	0	204	0	0	0	0	0	0	88	44	0	0	25	0	0	0	0	0	40	13	0	0	2	33	1	0	135	0	31	0	0	0	1	97	59	0	0	0	0	149	1	0	0	68	0	0	115	30	37	0	0	0	2	25	0	0	0	195	0	0	0	190	0	0	0	0	0	0	135	0	0	76	0	0	0	0	120	0	0	28	0	0	50
16	0	0	0	0	0	0	0	0	0	0	0	0	0	0	0	0	0	0	0	0	0	0	0	0	0	0	0	0	0	0	0	0	0	0	0	0	0	0	0	0	0	0	0	14	0	0	0	0	0	0	0	0	0	0	0	0	0	0	0	0	0	0	0	44	0	0	0	0	0	0	0	0	0	0	0	0	0	0	0	0	0	0	0	0	0	130	0	0	0	0	0	0	0	0	0	0	0	0	0	0	0	0	0	0	0	0	0	0	0	0	0	0	0	0	0	0	0	0	0	6	0	0	0	0	0	0	0	0	0	0	0	0	0	0	0	0	0	0	9	0	0	0	0	0	0	0	0	0	0	0	0	0	0	0	0	0	0	0	0	11	0	0	0	0	0	0	0	0	0	166	8	0	0	0	0	0	0	0	0	0	0	0	0	0	0	0	143	0	0	0	0	0	0	0	0	0	0	0	0	0	0	0	0	0	0	6	1	0	0	0	0	0	0	0	0	0	0	0	0	0	0	0	1	0	0	0	0	0	0	36	0	0	0	0	0	0	0	0	0	0	0	0	0	0	0	0	0	0	0	0	0	0	0	0	0	0	7	0	0	1	0	0	0	0	0	0	0	0	0	0	0	0	0	0	0	0	2	0	0	0	0	0	0	0	0	0	1	0	0	0	0	1	0	0	0	0	0	0	0	0	0	0	0	0	0	0	0	0	0	0	3	0	0	0	0	0	0	0	61	0	0	0	0	0	0	0	0	10	0	0	0	0	0	0	0	0	0	2	0	0	0	0	0	0	0	0	0	0	0	0	109	0	0	0	0	0	0	0	0	0	0	2	0	0	0	0	0	2	0	0	0	0	0	0	21	0	0	0	0	0	0	0	0	30	0	0	0	0	0	0	0	66	0	0	0	0	0	0	0	0	0	0	0	0	0	0	0	0	0	0	0	0	0	0	0	0	0	0	0	0	0	0	0	0	0	0	0	0	0	0	0	0	0	0	0	0	0	0	0	0	0	0	0	0	157	0	0	0	0	0	0	0	0	0	0	0	0	0	0	0	0	0	0	0	0	0	0	14	0	0	0	0	0	0	0	0	0	0	0	0	0	0	0	0	0	0	0	1	0	0	0	1	0	0	0	0	0	0	0	0	0	8	0	0	0	0	0	0	2	0	0	0	0	61	0	0	56	0	0	0	0	0	0	0	0	0	0	0	0	0	0	0	0	0	0	99	0	0	0	0	0	0	0	22	3	0	0	0	0	0	0	0	0	0	0	0	0	0	0	0	0	0	0	0	0	0	0	7	0	0	0	0	0	0	203	0	0	0	0	0	0	0	0	32	10	44	0	0	0	103	0	0	0	26	0	0	42	0	0	97	66	0	0	18	0	0	0	0	2	0	0	0	0	0	86	0	0	0	0	114	0	0	0	0	0	0	0	0	0	0	0	0	0	0	0	0	0	0	3	0	2	0	0	0	0	0	0	0	0	174	0	0	0	145	0	0	0	0	0	72	105	10	0	0	0	60	0	0	0	0	0	0	0	0	0	67	0	0	0	0	141	0	95	0	8	0	0	0	0	0	0	36	0	0	80	0	131	0	131	0	0	0	90	39	0	83	0	0	0	159	0	172	0	0	3	96	0	0	84	0	0	0	0	0	0	156	34	0	0	150	0	0	0	0	0	35	0	232	30	12	35	0	0	233	0	68	0	0	0	6	24	112	0	0	0	0	30	0	0	0	214	0	0	25	90	21	0	0	36	85	22	0	0	0	178	0	0	0	132	0	0	0	0	0	0	140	0	0	104	0	0	0	0	64	0	0	69	0	0	11
17	0	0	0	0	0	0	0	0	0	0	0	0	0	0	0	0	0	0	0	0	0	0	0	0	0	0	0	0	0	0	0	0	0	0	0	0	0	0	0	0	0	0	0	0	0	0	0	0	0	0	0	0	0	0	0	0	0	0	0	0	0	0	0	0	0	0	0	0	0	55	0	0	0	0	0	0	0	0	0	0	0	0	0	0	0	0	0	0	0	0	0	0	0	0	0	0	0	0	0	0	0	0	0	0	0	0	0	0	0	0	0	0	0	0	0	0	0	0	0	0	0	0	0	0	0	0	0	0	0	0	0	0	0	0	0	0	16	0	0	0	0	0	0	0	0	0	0	0	0	0	0	0	0	0	0	0	0	0	0	0	0	0	0	0	0	0	0	0	0	0	0	0	0	0	0	0	0	0	0	0	0	0	0	0	0	0	0	0	0	0	0	0	0	0	0	0	0	0	0	0	0	0	0	0	0	0	0	0	0	0	0	0	0	0	0	0	0	0	0	0	0	0	0	0	0	0	0	0	0	0	0	0	0	0	0	0	0	0	0	0	0	0	0	0	0	0	0	0	0	0	0	0	0	0	0	0	0	0	0	0	0	0	0	0	0	0	0	0	0	0	0	0	0	0	0	0	0	0	0	0	0	0	0	0	0	0	0	0	0	0	0	0	0	0	0	0	0	0	0	0	0	0	0	0	0	0	0	0	0	0	0	0	0	0	0	0	0	0	0	0	0	0	0	0	0	0	0	0	0	0	0	0	0	0	0	0	0	0	0	0	0	0	0	0	0	0	0	0	0	0	0	0	0	0	0	0	0	0	0	3	0	0	0	0	0	0	0	0	0	0	0	0	0	0	0	0	0	0	0	0	0	0	0	0	0	0	0	0	0	0	0	0	4	0	0	0	0	0	0	0	0	0	0	0	0	0	0	0	0	0	0	0	0	0	0	0	0	0	0	0	0	0	0	0	0	0	0	0	0	0	0	0	0	0	0	0	0	0	0	0	0	0	0	0	6	0	0	0	0	0	0	0	0	0	0	0	0	0	0	0	0	0	0	0	0	0	0	0	0	0	0	0	0	0	0	0	0	0	0	0	0	0	0	0	0	0	0	0	0	1	0	0	0	0	0	0	0	0	0	0	0	0	0	0	0	0	0	0	0	0	0	0	0	0	0	0	0	0	0	0	0	0	0	0	0	0	0	0	0	0	0	0	0	0	0	80	0	0	0	0	0	0	0	0	0	13	0	0	0	0	0	0	0	0	0	0	0	0	18	0	0	0	0	0	0	0	0	45	0	0	0	0	0	0	47	0	0	0	0	0	0	0	0	0	0	0	0	0	0	0	0	0	0	0	0	0	0	0	0	25	130	0	0	0	0	0	0	0	0	0	0	0	0	0	216	0	0	0	0	46	0	0	0	0	46	3	0	0	0	0	0	0	0	0	0	0	3	0	0	0	29	1	0	0	18	0	0	0	0	4	0	0	0	17	0	0	0	0	0	23	153	0	0	0	0	0	0	0	0	0	0	0	0	0	0	28	0	0	0	0	50	0	10	0	0	0	0	0	0	0	0	49	0	0	208	7	36	0	221	0	0	0	57	100	0	23	0	0	0	15	0	68	0	0	0	0	0	0	131	30	0	0	0	0	0	165	97	0	0	26	0	0	0	0	4	66	0	1	0	60	90	0	0	59	0	99	0	0	0	3	97	0	0	0	0	0	0	0	0	0	28	0	0	84	168	29	0	0	1	166	204	0	0	0	109	0	0	0	0	0	10	0	0	0	0	161	0	0	100	0	0	1	0	75	0	0	46	0	0	75
18	0	0	0	0	0	0	0	0	0	0	0	0	0	0	0	0	0	0	0	0	0	0	0	0	0	0	0	0	0	0	0	0	0	0	0	0	0	0	0	0	0	0	0	0	0	0	0	0	0	0	0	0	0	0	0	0	0	0	0	0	0	0	0	0	0	0	0	0	0	0	0	0	0	0	0	0	0	0	0	0	0	0	0	0	0	0	0	0	0	0	0	0	0	0	0	0	24	0	0	0	0	0	0	6	0	0	0	0	0	0	0	0	0	0	0	0	0	0	0	0	0	0	0	0	0	0	0	0	0	0	0	0	0	0	0	0	11	0	0	0	0	0	0	0	0	0	0	0	0	0	0	0	0	0	0	0	0	0	0	0	0	0	0	0	0	0	0	0	2	0	0	0	0	0	0	0	0	0	0	0	0	0	0	0	0	0	0	0	0	0	0	0	0	0	0	0	0	0	0	0	0	0	0	0	0	0	0	0	0	0	0	0	0	0	0	0	0	0	0	0	0	0	0	0	0	0	0	0	0	0	0	0	0	0	0	0	0	0	0	0	0	0	0	0	0	0	0	0	0	0	0	0	0	0	1	0	0	0	0	0	0	0	0	0	0	0	0	0	0	0	0	0	0	0	0	0	0	0	0	0	0	0	0	0	0	0	0	8	0	0	0	0	0	0	0	0	0	161	0	0	0	0	0	0	0	0	0	0	0	0	0	0	0	0	0	0	0	0	0	0	0	0	0	0	0	0	0	0	0	0	0	0	0	0	25	0	0	0	0	0	0	0	0	0	0	0	0	0	0	0	0	0	0	0	0	0	1	0	0	0	0	0	0	0	0	0	0	0	0	0	21	0	0	0	0	0	0	0	0	0	0	0	0	0	0	0	0	0	0	0	0	0	0	0	0	0	0	0	0	0	0	0	0	0	0	0	0	0	0	0	0	0	0	0	0	0	0	0	0	0	0	10	0	0	0	0	0	0	0	0	0	0	0	0	6	0	0	0	0	0	0	0	0	0	58	0	0	0	0	0	0	0	0	0	0	0	0	0	0	0	0	0	0	0	0	0	0	48	0	0	0	0	0	0	20	0	0	0	0	0	0	0	0	0	0	0	0	0	0	0	0	0	0	0	0	0	0	0	0	0	0	0	27	0	0	0	0	0	0	0	0	0	2	0	1	0	0	0	0	0	30	0	96	0	0	10	0	0	0	0	0	0	23	0	0	0	0	0	0	0	0	0	0	0	0	0	0	0	0	0	0	0	0	4	0	0	0	0	2	0	0	0	0	0	0	0	0	44	0	0	0	0	0	0	85	0	0	0	0	0	0	1	0	56	0	0	0	0	0	0	0	0	6	0	0	0	79	0	0	52	76	0	62	0	0	0	66	0	0	2	0	0	0	0	153	0	0	0	0	73	32	2	0	0	0	0	0	0	0	0	0	0	0	0	0	0	0	0	0	0	0	0	0	0	0	0	0	3	0	31	0	0	0	60	0	0	0	0	0	27	177	0	0	0	0	92	1	0	0	0	0	0	0	0	0	145	0	0	0	0	102	0	108	0	0	0	0	0	0	0	2	110	0	0	70	15	178	0	157	0	0	0	93	40	0	48	2	0	0	23	0	6	0	0	0	0	0	0	56	0	0	0	0	0	0	91	100	0	0	80	0	0	0	5	0	105	0	70	0	75	61	0	0	76	0	149	0	0	0	0	41	123	0	0	0	0	103	1	0	0	201	0	0	60	56	217	0	0	0	43	76	0	0	56	130	0	0	0	0	0	116	0	0	0	0	169	0	0	61	0	0	0	0	36	0	0	69	0	0	127
19	0	0	0	0	0	0	0	0	0	0	0	0	0	0	0	0	0	0	0	0	0	0	0	0	0	0	0	0	0	0	0	0	0	0	0	0	36	0	0	0	0	0	0	0	0	0	0	0	0	0	0	0	0	0	0	0	0	0	0	0	0	0	0	0	0	0	0	0	0	0	0	0	0	0	0	0	0	0	0	0	0	0	0	0	0	0	0	0	0	0	0	0	0	0	0	0	0	27	0	0	0	0	0	3	0	0	0	0	0	0	0	0	18	0	0	0	0	0	0	0	0	0	0	0	0	0	0	0	0	0	0	0	0	0	0	0	0	0	0	0	0	0	0	2	0	0	0	0	0	0	0	0	0	0	0	0	0	0	0	0	0	0	0	0	0	0	0	0	0	0	0	28	0	0	0	0	0	0	0	0	0	0	0	0	0	0	0	0	0	0	0	0	0	0	0	0	0	0	0	0	0	0	0	0	0	0	0	0	0	0	0	0	0	0	0	0	0	0	0	0	0	0	0	0	0	0	13	0	0	0	0	0	0	0	17	0	0	0	74	0	0	0	0	0	0	0	0	3	0	0	0	0	0	0	0	0	0	0	0	0	0	0	0	0	0	0	0	0	0	0	0	0	0	0	0	0	0	0	0	0	0	0	0	0	0	0	0	0	0	0	0	0	1	6	0	0	0	0	0	0	0	0	0	0	0	0	33	0	0	0	0	0	0	0	4	0	0	0	0	0	0	0	0	0	0	0	0	0	0	0	0	0	0	0	0	1	0	0	0	0	0	7	0	0	0	0	0	0	0	0	0	0	8	0	0	0	0	0	0	0	0	0	0	0	0	0	0	0	0	0	0	0	2	0	0	0	0	0	0	12	18	0	0	13	0	0	0	0	0	0	0	0	6	0	0	0	0	0	0	0	1	0	0	0	0	0	0	0	0	0	0	0	0	0	0	0	0	0	0	0	0	0	0	0	0	0	0	0	0	0	0	0	0	0	0	21	0	4	2	0	0	0	0	0	0	0	4	0	0	0	0	0	0	0	0	0	0	0	0	0	0	0	0	0	0	0	0	0	0	32	0	0	0	0	0	0	0	0	0	0	0	0	0	0	0	0	0	0	11	0	0	0	0	0	0	0	20	0	0	0	24	0	0	0	0	0	0	0	3	0	0	0	0	0	0	0	0	2	0	0	0	0	0	0	0	0	0	0	0	0	0	0	0	0	0	0	0	0	0	0	0	0	0	0	0	1	0	0	0	1	0	0	0	1	0	0	0	0	0	0	0	0	0	0	0	0	0	0	0	0	0	0	0	0	0	1	0	0	0	6	0	0	0	0	0	0	0	0	0	0	0	0	0	0	0	0	0	0	0	0	0	0	0	0	0	0	0	0	0	0	0	0	0	0	23	0	0	0	0	41	0	0	0	0	0	66	0	0	10	0	0	0	0	0	0	0	0	0	0	0	0	0	0	0	0	0	0	0	0	0	0	0	0	0	0	0	0	0	0	0	0	0	0	0	0	0	0	0	0	0	0	0	0	0	6	0	0	0	0	0	0	0	0	0	0	0	0	0	0	0	0	94	0	0	0	0	0	0	146	29	0	0	0	0	0	0	0	0	0	0	0	0	0	0	0	0	0	0	0	0	27	0	0	0	0	2	0	0	0	0	0	0	0	0	0	0	0	23	0	0	0	0	0	71	0	0	0	0	0	0	0	0	0	0	0	0	0	0	0	0	0	0	0	150	29	0	0	0	0	0	94	0	0	0	0	0	0	0	0	0	116	6	0	0	0	0	0	0	132	0	0	0	0	63	0	0	0	0	0	88
20	0	0	0	0	0	0	0	0	0	0	0	0	0	0	0	0	0	0	0	0	0	0	0	0	0	0	0	0	0	0	0	0	0	0	0	0	0	0	0	0	0	0	0	0	0	0	0	0	0	0	0	0	0	0	0	0	0	0	0	0	0	0	0	0	0	0	0	8	0	0	0	0	0	0	0	0	0	0	0	0	0	0	0	0	0	0	0	0	0	0	0	0	0	0	0	0	0	0	0	0	0	0	0	0	0	0	0	0	0	0	0	0	0	0	0	0	0	0	0	0	0	0	0	0	0	0	0	0	0	0	0	22	0	0	0	0	0	0	0	0	0	0	0	0	0	0	0	0	0	0	0	0	0	0	0	0	0	0	0	0	0	0	0	0	0	0	0	0	17	0	0	0	0	0	0	0	0	0	0	0	0	0	0	0	0	0	0	0	0	0	0	0	0	0	0	0	0	0	0	0	0	0	0	0	0	0	0	0	0	0	0	0	0	0	0	0	0	0	0	0	0	0	0	0	0	0	0	0	0	0	0	0	0	0	0	0	0	0	0	0	0	0	0	0	2	0	0	0	0	0	0	0	0	0	0	0	0	0	0	0	0	0	0	0	0	0	0	0	0	0	0	0	0	0	0	0	0	0	0	0	0	0	0	0	0	0	0	0	0	0	0	0	0	0	0	0	0	0	0	0	0	0	0	0	0	0	0	0	0	0	0	0	0	0	0	0	0	0	0	0	0	0	0	0	0	0	0	0	0	0	0	0	0	0	0	0	0	0	0	0	0	0	0	0	0	0	0	0	0	0	0	0	0	0	0	0	0	0	0	0	0	0	0	0	1	0	0	0	0	0	0	0	0	0	0	0	0	0	0	0	0	0	0	0	0	0	0	0	0	0	0	2	0	0	0	0	0	0	0	0	0	0	0	0	0	0	0	0	0	0	0	0	0	0	0	0	0	0	0	0	0	0	0	0	0	0	0	0	0	0	0	36	0	0	14	0	0	4	0	0	0	0	1	0	0	0	0	0	0	0	0	0	0	0	0	0	0	0	0	0	0	0	0	0	0	2	0	0	0	0	0	0	0	0	0	0	0	6	0	0	0	0	0	0	0	0	0	0	0	0	0	0	0	0	0	0	0	0	0	0	0	0	0	0	0	0	0	0	0	8	0	0	0	0	0	0	0	0	0	0	0	0	0	0	0	0	0	0	0	0	0	0	0	0	0	0	0	0	0	0	0	0	0	0	0	0	0	0	0	0	0	0	0	0	0	0	0	0	0	0	0	0	0	0	0	4	0	0	0	0	0	0	0	0	0	0	0	0	0	0	0	0	0	0	0	0	0	0	0	0	0	0	0	0	0	0	0	0	0	11	0	0	0	0	0	0	0	0	0	0	0	0	0	0	4	0	0	0	0	0	0	0	0	0	0	0	0	0	23	0	0	0	0	0	0	0	1	0	0	0	0	0	0	0	0	0	0	0	0	0	0	0	0	0	0	0	0	0	0	0	0	0	0	0	0	0	0	0	0	0	0	0	0	0	0	0	0	0	0	0	79	0	0	0	0	0	0	0	0	0	0	28	0	0	0	0	0	0	0	0	0	0	0	0	0	0	0	0	0	0	0	0	0	0	0	0	0	0	0	0	0	2	0	0	0	0	0	0	0	0	0	0	0	0	0	0	0	0	0	0	0	0	0	125	0	0	0	0	0	0	0	0	0	0	0	0	0	0	0	0	0	5	0	33	0	0	0	0	0	0	121	0	0	0	0	0	0	0	0	0	35	0	0	0	0	0	0	0	0	0	0	0	0	0	0	0	0	0	0	0
21	0	0	0	0	0	0	0	0	0	0	0	0	0	0	0	0	0	0	0	0	0	0	0	0	127	0	0	0	0	0	0	0	0	0	0	0	0	0	0	0	0	0	0	0	0	0	0	0	0	0	0	0	0	0	0	13	0	0	0	0	10	0	0	0	0	0	0	0	0	0	0	0	0	0	0	0	0	0	46	0	0	0	0	0	0	0	0	0	0	0	0	0	0	0	0	0	0	0	0	0	0	0	0	0	0	0	0	0	0	0	0	17	0	0	82	0	19	0	0	0	0	0	17	0	0	0	0	0	0	0	0	0	0	0	0	0	0	0	0	0	0	0	11	0	0	0	0	0	0	0	0	0	0	0	0	0	0	0	0	0	0	0	0	0	0	0	0	0	0	0	0	0	0	0	0	1	0	0	2	0	0	0	0	0	0	0	0	0	1	0	0	0	0	0	0	0	0	0	0	0	0	0	0	10	0	0	0	0	0	0	0	2	0	0	0	0	0	0	1	0	0	0	0	0	0	0	0	0	0	0	0	0	0	0	0	0	0	0	0	77	0	0	0	0	47	17	1	0	1	0	0	0	0	0	0	0	0	0	0	0	0	0	0	0	0	0	0	0	0	0	0	0	0	0	0	0	0	0	8	0	0	0	0	0	0	2	0	0	0	0	0	0	0	0	0	13	0	0	0	0	0	0	2	3	2	0	0	0	29	0	0	0	0	0	0	0	0	0	0	0	0	0	9	0	0	0	0	11	0	0	0	0	0	0	16	0	0	0	0	0	0	0	0	0	0	1	0	2	0	0	0	0	0	2	0	0	11	0	0	0	0	0	0	0	0	0	0	0	0	0	0	0	0	0	0	0	0	0	0	0	0	0	0	0	0	8	6	9	0	0	0	0	0	0	0	0	0	0	0	0	0	0	0	0	0	0	7	0	1	0	0	10	0	0	0	0	7	0	0	0	13	45	0	0	0	0	38	0	0	0	0	0	0	22	0	0	0	3	0	1	0	0	0	0	0	0	0	0	0	0	0	0	0	0	0	0	0	0	0	19	0	0	0	0	1	0	0	0	0	0	4	0	0	8	0	0	0	0	0	0	8	0	0	0	0	0	0	0	0	0	14	0	0	0	0	0	0	0	0	0	0	0	0	0	0	3	0	0	0	1	0	0	0	0	0	0	0	0	0	0	0	0	0	0	14	0	0	0	0	0	0	0	0	0	132	0	0	0	0	1	0	0	0	0	0	24	0	0	0	0	0	0	0	0	4	0	0	0	0	0	0	0	0	0	0	0	0	0	0	84	0	0	0	0	0	0	0	0	0	0	0	0	0	0	0	0	0	5	0	0	0	1	0	0	0	7	0	0	0	0	0	0	1	0	0	0	0	0	0	0	0	0	0	0	98	0	10	0	0	81	0	0	0	0	0	0	0	1	8	0	0	0	0	0	0	0	0	0	0	0	0	0	0	0	0	0	0	10	0	0	0	0	0	0	0	0	0	0	0	0	0	0	0	0	2	0	0	0	1	0	0	17	0	0	0	0	0	0	0	0	0	0	0	27	0	0	0	0	0	0	0	1	0	0	0	0	0	0	65	0	0	0	0	0	0	0	0	12	0	0	0	0	0	0	0	0	0	0	0	0	0	0	0	0	0	0	0	0	0	0	0	0	0	0	0	0	0	0	0	0	0	0	0	21	0	0	0	0	0	0	0	0	0	0	0	0	0	0	0	0	0	0	0	85	0	0	0	0	0	0	150	21	0	5	0	0	1	0	0	0	76	1	0	1	0	0	17	1	8	0	0	2	0	0	0	0	0	0	0	0
22	0	0	0	0	0	0	0	0	0	0	13	0	0	0	0	0	0	0	0	0	0	0	0	0	0	0	0	0	0	0	0	0	0	0	0	0	0	0	0	0	0	0	0	0	0	0	0	0	0	0	0	0	0	0	0	2	0	0	0	0	0	0	0	0	0	0	0	0	0	0	0	0	0	0	0	0	0	0	0	0	0	0	0	0	0	9	0	0	0	0	0	0	0	0	0	0	0	0	0	0	11	0	30	41	0	0	0	0	0	0	0	0	0	0	0	0	0	0	0	0	0	0	35	0	0	0	0	0	0	0	0	0	0	0	0	0	0	0	2	0	0	0	10	0	3	0	0	0	0	0	0	0	0	3	0	0	0	0	0	0	0	0	0	0	0	0	0	0	0	0	0	0	0	32	0	0	0	0	0	0	0	0	0	0	0	0	0	0	0	0	0	0	28	0	0	0	0	0	0	0	0	0	0	7	5	0	0	0	0	0	0	0	6	0	2	0	0	17	0	0	0	0	0	8	0	0	0	0	0	34	11	0	0	0	0	3	0	0	0	0	0	0	0	0	0	0	0	0	0	0	10	0	0	0	0	0	0	0	0	0	0	0	0	1	0	0	0	0	0	0	0	0	2	0	0	0	0	2	7	0	0	0	0	0	0	0	0	0	0	0	0	0	0	0	0	0	0	0	0	0	0	0	0	0	0	0	0	0	0	0	0	0	57	0	0	0	0	0	0	0	0	0	0	0	1	0	0	2	0	0	1	1	0	0	0	23	0	0	0	0	0	0	0	0	0	4	0	0	0	0	0	0	0	0	0	0	0	7	0	0	0	0	0	0	0	0	2	0	27	0	0	0	0	0	0	0	0	0	0	0	0	0	0	0	0	0	0	0	2	0	27	0	0	0	0	0	0	0	3	0	0	0	0	0	0	0	0	0	0	0	0	0	0	0	4	0	0	0	0	0	0	0	0	0	0	0	0	0	0	2	1	0	1	0	0	0	0	0	0	0	0	0	5	0	0	0	0	0	0	0	0	0	0	0	0	0	0	0	1	0	0	0	0	0	0	0	0	58	0	0	0	0	0	0	0	0	0	0	0	0	0	0	0	9	0	0	0	0	0	0	0	0	0	0	0	0	31	0	0	0	0	0	0	0	0	0	0	0	0	3	3	0	0	15	0	0	3	0	0	0	0	0	0	0	0	0	1	0	0	0	0	0	0	0	0	0	0	0	0	0	0	0	6	0	0	207	0	0	0	0	0	1	0	0	0	0	0	0	0	0	2	0	0	0	0	0	0	0	0	0	0	0	0	0	0	0	0	1	0	0	0	0	0	0	2	0	0	0	0	0	0	0	0	0	0	0	0	0	1	0	0	0	0	0	0	0	0	0	0	0	0	0	0	0	5	0	0	0	0	0	0	0	0	0	11	0	0	0	0	0	0	0	0	0	0	0	0	0	0	0	0	9	0	0	0	0	0	0	12	0	0	0	0	0	0	0	0	0	0	0	0	0	0	0	0	0	2	0	0	0	14	0	0	0	0	0	0	0	0	0	0	0	0	0	0	0	0	0	0	0	0	0	0	0	0	0	0	0	14	0	0	0	0	0	2	0	0	0	0	0	0	0	0	0	0	0	0	0	0	0	0	0	0	0	0	0	0	0	0	0	0	0	0	0	0	0	0	0	0	0	0	23	0	130	0	59	0	0	0	0	0	0	0	0	0	0	0	0	0	0	0	0	0	84	0	0	0	0	0	0	132	0	0	0	78	0	0	0	0	0	217	0	0	0	0	0	6	0	88	0	0	0	0	0	0	0	0	0	0	74
23	0	0	0	0	0	0	0	0	0	0	0	0	0	0	0	0	0	0	0	0	0	0	0	0	0	0	0	0	0	0	0	0	0	0	0	0	0	0	0	0	0	0	0	0	0	0	0	0	0	0	0	0	0	0	0	0	0	0	0	0	0	0	0	0	0	0	0	0	0	0	0	0	0	0	0	0	0	0	0	0	0	0	0	0	0	0	0	0	0	0	0	0	0	0	0	0	0	0	0	0	0	0	0	0	50	0	0	0	0	0	0	0	0	0	14	0	0	0	0	0	0	0	0	0	0	0	0	0	0	0	0	0	0	0	0	0	0	0	0	0	0	0	0	0	0	0	0	0	0	0	0	0	0	0	0	0	0	0	0	0	0	0	0	0	0	0	0	0	0	0	0	0	0	0	0	0	0	0	0	0	0	0	0	0	0	0	0	0	0	0	0	0	0	0	0	0	0	0	0	0	0	0	0	0	0	0	0	0	0	0	0	0	0	0	0	3	0	0	0	0	0	0	0	0	0	0	0	0	0	0	0	0	0	0	0	0	0	0	0	0	0	0	0	0	0	0	0	0	0	0	0	0	0	0	0	0	0	0	0	0	0	0	0	0	0	0	0	0	0	0	0	0	0	0	0	0	0	0	0	0	0	0	0	0	0	0	0	0	0	0	17	0	0	0	0	0	0	0	0	0	12	0	0	0	0	6	0	0	0	0	0	0	0	0	11	0	0	0	0	0	1	0	0	0	0	0	0	0	0	0	0	0	0	0	0	0	0	0	0	0	0	0	0	1	65	0	0	0	0	0	0	0	0	0	0	0	0	0	0	0	0	0	0	0	0	0	0	0	0	0	0	0	0	0	12	0	0	0	0	0	0	0	0	0	0	0	0	0	0	0	0	0	0	0	0	0	0	0	0	0	0	0	0	0	0	21	0	0	0	0	0	28	0	0	1	0	0	0	0	0	0	0	0	0	0	0	0	0	0	0	0	0	0	0	0	0	0	0	0	0	0	0	0	0	0	0	0	0	0	0	0	0	0	40	0	0	0	0	0	0	0	0	0	0	0	0	0	0	0	0	0	0	0	0	0	0	0	1	0	0	0	0	0	0	0	0	0	0	0	0	0	0	0	0	0	0	0	0	0	0	0	0	0	0	0	0	0	0	0	1	0	0	0	0	0	0	0	0	0	0	0	0	0	0	0	0	0	0	0	0	0	0	0	0	0	0	0	0	0	0	0	0	0	0	0	3	0	0	0	0	0	0	0	0	0	0	0	0	0	7	0	0	0	0	0	0	0	0	0	0	0	0	0	0	104	0	0	0	0	0	0	0	0	0	0	0	0	0	0	0	0	0	0	0	0	0	0	0	0	0	0	0	0	0	0	0	0	0	0	0	0	0	0	0	70	0	0	0	5	126	0	0	0	0	0	4	0	0	8	0	0	0	0	0	0	0	0	0	0	0	0	0	0	0	1	0	0	0	0	0	0	0	0	0	0	0	0	0	0	0	10	0	0	0	0	0	0	0	10	0	0	0	0	0	0	86	0	0	0	0	7	0	69	0	0	0	0	0	0	0	0	23	0	0	0	0	25	0	70	0	4	0	0	0	0	0	23	0	0	0	0	0	0	0	0	0	0	0	184	0	0	0	0	0	0	1	0	0	0	367	0	0	0	0	0	52	0	0	0	0	0	0	0	47	0	87	0	0	0	0	0	0	0	0	0	0	0	0	0	4	0	3	0	26	0	0	0	0	0	0	35	0	0	0	139	0	0	0	0	0	218	0	0	0	0	0	0	0	67	0	0	0	0	61	0	0	0	0	0	220
24	0	0	0	0	0	0	0	0	0	0	0	0	0	0	0	0	0	0	0	0	0	0	0	0	0	0	0	0	0	0	0	0	0	0	0	0	0	66	0	0	0	0	0	0	0	0	0	0	0	0	0	0	0	0	0	0	0	0	0	0	0	0	0	0	0	0	0	0	0	0	0	0	0	0	0	0	0	0	0	0	0	0	0	0	0	0	0	0	0	0	0	0	0	0	0	0	0	0	0	0	0	0	0	0	0	0	0	0	19	0	17	0	0	0	0	0	0	0	0	0	0	0	0	7	0	0	0	0	0	0	0	0	0	0	0	0	0	0	0	0	0	0	0	0	0	0	0	0	0	0	0	0	0	0	0	0	0	0	0	0	0	0	0	0	0	0	0	0	12	0	0	0	0	0	0	0	0	0	0	0	0	0	0	0	0	0	0	0	0	0	0	0	4	17	0	15	0	0	0	0	9	0	0	0	0	0	0	0	0	0	0	0	0	0	0	3	0	0	0	0	0	53	12	0	49	0	0	0	0	0	4	0	0	0	0	8	0	0	0	0	0	0	0	0	0	0	0	0	0	0	0	0	0	0	0	0	0	0	0	0	0	0	0	0	0	0	0	0	0	0	0	0	0	21	0	0	0	2	0	1	0	0	0	0	0	0	0	0	0	0	0	0	0	0	0	0	0	0	0	0	0	0	0	0	0	0	0	0	0	0	0	0	0	0	11	0	4	0	0	1	0	0	0	0	0	0	0	89	0	0	0	0	0	0	0	0	0	1	0	5	0	0	13	0	8	0	0	0	0	0	0	57	58	0	0	0	0	0	0	0	21	0	1	0	0	0	0	0	0	0	1	0	0	0	70	0	0	0	0	0	0	0	0	0	0	0	0	0	47	0	11	0	0	0	0	0	0	0	0	0	0	67	0	0	0	0	0	0	0	0	0	1	0	0	0	0	0	0	0	0	0	0	0	0	0	1	0	0	31	0	5	0	0	0	0	10	0	0	0	0	0	0	15	0	0	0	0	0	0	0	1	0	0	0	0	0	0	0	0	0	0	0	0	0	0	0	0	0	0	0	0	0	0	0	0	0	0	0	0	0	0	0	0	0	0	0	0	16	0	17	0	0	0	0	0	0	1	0	0	0	19	1	0	0	0	0	0	0	0	0	0	0	12	0	0	0	0	0	0	0	0	0	0	0	1	0	0	0	0	0	0	0	0	0	0	0	0	0	0	0	0	0	0	0	0	6	0	0	0	0	0	0	0	37	0	0	0	0	0	0	0	0	0	0	0	0	0	0	0	0	0	0	0	0	1	0	0	0	0	0	0	0	0	0	0	0	0	0	0	0	0	0	0	0	0	0	0	0	0	0	0	0	0	0	0	0	0	0	0	0	11	0	0	0	34	0	0	0	0	0	0	0	0	0	0	0	0	0	0	0	0	0	0	0	0	0	0	0	0	0	0	0	0	0	0	0	0	21	0	0	0	0	0	0	0	0	0	0	0	0	0	0	0	0	0	0	0	0	0	0	0	0	0	0	0	0	0	0	0	0	0	0	0	0	25	0	0	0	0	0	0	107	0	0	0	0	0	0	60	0	0	0	0	162	0	0	0	0	0	0	0	0	0	0	0	0	0	0	0	0	1	0	0	0	0	67	18	0	0	6	0	0	0	0	0	0	0	0	0	0	0	0	0	36	0	0	0	0	0	0	0	0	0	0	0	0	0	0	0	0	0	0	0	145	0	67	0	0	0	0	48	2	0	6	13	0	15	0	0	0	66	0	10	0	0	0	0	0	28	0	0	0	0	54	0	0	0	2	0	17
