0	0	0	0	0	0	0	0	0	0	0	0	0	0	0	0	0	0	0	0	0	0	0	0	0	0	0	0	0	0	0	0	0	0	0	0	0	0	0	0	0	0	0	0	0	0	0	0	0	0	0	0	0	0	0	0	0	0	0	0	0	0	0	0	0	0	0	0	0	0	0	0	0	0	0	0	0	0	0	0	0	0	0	0	0	0	0	0	0	0	0	0	0	0	0	0	0	0	0	0	0	12	12	12	12	12	12	12	12	12	12	12	12	12	12	12	12	12	12	12	12	12	12	12	12	12	12	12	12	12	12	12	12	12	12	12	12	12	12	12	12	12	12	12	12	12	12	12	12	12	12	12	12	12	12	12	12	12	12	12	12	12	12	12	12	12	12	12	12	12	12	12	12	12	12	12	12	12	12	12	12	12	12	12	12	12	12	12	12	12	12	12	12	12	12	12	12	12	12	12	12	24	24	24	24	24	24	24	24	24	24	24	24	24	24	24	24	24	24	24	24	24	24	24	24	24	24	24	24	24	24	24	24	24	24	24	24	24	24	24	24	24	24	24	24	24	24	24	24	24	24	24	24	24	24	24	24	24	24	24	24	24	24	24	24	24	24	24	24	24	24	24	24	24	24	24	24	24	24	24	24	24	24	24	24	24	24	24	24	24	24	24	24	24	24	24	24	24	24	24	24	48	48	48	48	48	48	48	48	48	48	48	48	48	48	48	48	48	48	48	48	48	48	48	48	48	48	48	48	48	48	48	48	48	48	48	48	48	48	48	48	48	48	48	48	48	48	48	48	48	48	48	48	48	48	48	48	48	48	48	48	48	48	48	48	48	48	48	48	48	48	48	48	48	48	48	48	48	48	48	48	48	48	48	48	48	48	48	48	48	48	48	48	48	48	48	48	48	48	48	48	72	72	72	72	72	72	72	72	72	72	72	72	72	72	72	72	72	72	72	72	72	72	72	72	72	72	72	72	72	72	72	72	72	72	72	72	72	72	72	72	72	72	72	72	72	72	72	72	72	72	72	72	72	72	72	72	72	72	72	72	72	72	72	72	72	72	72	72	72	72	72	72	72	72	72	72	72	72	72	72	72	72	72	72	72	72	72	72	72	72	72	72	72	72	72	72	72	72	72	72	96	96	96	96	96	96	96	96	96	96	96	96	96	96	96	96	96	96	96	96	96	96	96	96	96	96	96	96	96	96	96	96	96	96	96	96	96	96	96	96	96	96	96	96	96	96	96	96	96	96	96	96	96	96	96	96	96	96	96	96	96	96	96	96	96	96	96	96	96	96	96	96	96	96	96	96	96	96	96	96	96	96	96	96	96	96	96	96	96	96	96	96	96	96	96	96	96	96	96	96	120	120	120	120	120	120	120	120	120	120	120	120	120	120	120	120	120	120	120	120	120	120	120	120	120	120	120	120	120	120	120	120	120	120	120	120	120	120	120	120	120	120	120	120	120	120	120	120	120	120	120	120	120	120	120	120	120	120	120	120	120	120	120	120	120	120	120	120	120	120	120	120	120	120	120	120	120	120	120	120	120	120	120	120	120	120	120	120	120	120	120	120	120	120	120	120	120	120	120	120	144	144	144	144	144	144	144	144	144	144	144	144	144	144	144	144	144	144	144	144	144	144	144	144	144	144	144	144	144	144	144	144	144	144	144	144	144	144	144	144	144	144	144	144	144	144	144	144	144	144	144	144	144	144	144	144	144	144	144	144	144	144	144	144	144	144	144	144	144	144	144	144	144	144	144	144	144	144	144	144	144	144	144	144	144	144	144	144	144	144	144	144	144	144	144	144	144	144	144	144
0	0	0	0	0	0	0	0	0	0	0	0	0	0	0	0	0	0	0	0	0	0	0	0	0	0	0	0	0	0	0	0	0	0	0	0	0	0	0	0	0	0	0	0	0	0	0	0	0	0	0	0	0	0	0	0	0	0	0	0	0	0	0	0	0	0	0	0	0	0	0	0	0	0	0	0	0	0	0	0	0	0	0	0	0	0	0	0	0	0	0	0	0	0	0	0	0	0	0	0	0	100	100	100	100	100	100	100	100	100	100	100	100	100	100	100	100	100	100	100	100	100	100	100	100	100	100	100	100	100	100	100	100	100	100	100	100	100	100	100	100	100	100	100	100	100	100	100	100	100	100	100	100	100	100	100	100	100	100	100	100	100	100	100	100	100	100	100	100	100	100	100	100	100	100	100	100	100	100	100	100	100	100	100	100	100	100	100	100	100	100	100	100	100	100	100	100	100	100	100	100	100	100	100	100	100	100	100	100	100	100	100	100	100	100	100	100	100	100	100	100	100	100	100	100	100	100	100	100	100	100	100	100	100	100	100	100	100	100	100	100	100	100	100	100	100	100	100	100	100	100	100	100	100	100	100	100	100	100	100	100	100	100	100	100	100	100	100	100	100	100	100	100	100	100	100	100	100	100	100	100	100	100	100	100	100	100	100	100	100	100	100	100	100	100	100	100	100	100	100	100	100	100	100	100	100	100	100	100	100	100	100	100	100	100	100	100	100	100	100	100	100	100	100	100	100	100	100	100	100	100	100	100	100	100	100	100	100	100	100	100	100	100	100	100	100	100	100	100	100	100	100	100	100	100	100	100	100	100	100	100	100	100	100	100	100	100	100	100	100	100	100	100	100	100	100	100	100	100	100	100	100	100	100	100	100	100	100	100	100	100	100	100	100	100	100	100	100	100	100	100	100	100	100	100	100	100	100	100	100	100	100	100	100	100	100	100	100	100	100	100	100	100	100	100	100	100	100	100	100	100	100	100	100	100	100	100	100	100	100	100	100	100	100	100	100	100	100	100	100	100	100	100	100	100	100	100	100	100	100	100	100	100	100	100	100	100	100	100	100	100	100	100	100	100	100	100	100	100	100	100	100	100	100	100	100	100	100	100	100	100	100	100	100	100	100	100	100	100	100	100	100	100	100	100	100	100	100	100	100	100	100	100	100	100	100	100	100	100	100	100	100	100	100	100	100	100	100	100	100	100	100	100	100	100	100	100	100	100	100	100	100	100	100	100	100	100	100	100	100	100	100	100	100	100	100	100	100	100	100	100	100	100	100	100	100	100	100	100	100	100	100	100	100	100	100	100	100	100	100	100	100	100	100	100	100	100	100	100	100	100	100	100	100	100	100	100	100	100	100	100	100	100	100	100	100	100	100	100	100	100	100	100	100	100	100	100	100	100	100	100	100	100	100	100	100	100	100	100	100	100	100	100	100	100	100	100	100	100	100	100	100	100	100	100	100	100	100	100	100	100	100	100	100	100	100	100	100	100	100	100	100	100	100	100	100	100	100	100	100	100	100	100	100	100	100	100	100	100	100	100	100	100	100	100	100	100	100	100	100	100	100	100	100	100	100	100	100	100	100	100	100	100	100	100	100	100	100	100	100	100	100	100	100	100	100	100	100	100	100	100	100	100	100	100	100	100	100	100	100	100	100	100	100	100	100	100	100	100	100	100	100	100	100	100	100	100	100	100	100	100	100	100	100	100	100	100	100	100	100	100	100	100	100	100	100	100	100	100	100	100	100	100	100	100	100	100	100	100	100	100	100	100	100	100	100	100	100	100	100	100	100	100	100	100	100	100	100	100	100	100
1	0	0	0	0	0	0	0	0	0	0	0	0	0	0	0	0	0	0	0	0	0	0	0	0	0	0	0	0	0	0	0	0	0	0	0	0	0	0	0	0	0	0	0	0	0	0	0	0	0	0	0	0	0	0	0	0	0	0	0	0	0	0	0	0	0	0	0	0	0	0	0	0	0	0	0	0	0	0	0	0	0	0	0	0	0	0	0	0	0	118	0	0	0	0	0	0	0	0	0	0	0	0	0	0	43	2	45	3	42	21	16	0	0	0	0	0	0	0	0	0	0	0	0	0	59	0	0	0	25	18	0	0	0	0	0	0	0	0	0	1	0	0	0	1	9	0	0	0	68	4	23	0	55	0	0	0	22	0	12	0	17	0	4	0	0	1	0	16	0	0	22	2	0	0	0	0	0	14	0	1	21	47	35	8	0	13	9	0	0	0	0	0	0	56	0	0	0	0	0	0	4	14	0	59	9	6	10	231	0	4	0	0	0	0	7	0	0	0	2	0	75	0	0	4	22	0	0	0	118	0	0	11	22	0	0	122	14	33	0	0	0	0	0	72	4	38	9	1	5	79	8	0	2	26	51	0	104	0	0	0	16	0	0	0	0	0	66	16	1	0	0	0	6	0	0	7	0	0	120	1	1	6	0	29	0	70	100	50	0	45	0	58	25	1	0	0	4	34	0	6	70	11	127	67	1	0	0	1	0	0	34	0	15	0	0	0	0	12	0	12	0	0	11	2	6	55	91	84	25	106	0	0	38	0	13	2	76	0	9	7	29	187	27	3	8	31	0	113	0	20	3	113	0	7	0	3	0	65	69	2	54	2	1	4	84	192	45	0	130	0	204	0	0	0	27	33	0	1	0	0	26	0	0	66	31	4	0	28	0	0	3	0	21	113	15	16	11	35	127	5	0	0	3	66	0	46	137	85	0	147	0	0	86	0	27	2	2	113	0	121	43	40	20	57	36	53	5	96	0	34	94	23	3	0	56	0	4	41	48	77	5	220	211	40	82	49	21	9	1	0	65	0	0	1	25	12	4	67	18	10	119	26	94	1	52	38	49	0	37	27	58	0	26	0	5	0	5	102	28	54	1	72	3	43	0	108	54	132	37	13	160	5	1	0	0	0	66	21	41	0	32	169	20	99	234	16	79	62	183	104	0	16	78	246	48	1	0	123	64	32	41	296	75	0	103	45	62	1	0	32	185	0	285	2	122	2	236	207	0	0	37	4	0	214	40	15	117	3	78	16	220	19	4	384	0	11	54	80	25	108	253	110	79	0	4	112	116	30	1	11	205	36	70	7	0	0	22	1	85	4	65	70	10	1	189	43	5	128	106	73	62	5	0	36	14	0	71	101	106	85	86	91	103	55	51	9	107	60	1	128	0	207	153	290	0	63	33	31	50	0	100	163	181	230	109	0	128	83	178	205	41	8	57	51	98	52	216	80	0	221	88	24	65	86	159	2	55	41	56	17	61	57	178	156	22	0	40	0	11	74	135	30	49	50	0	183	27	0	140	24	73	5	230	91	0	225	0	249	41	53	150	196	85	67	54	93	53	1	0	117	61	47	181	106	27	104	79	17	151	19	67	78	5	0	0	125	143	101	120	94	37	84	66	239	2	74	152	52	79	7	11	57	461	167	136	24	160	115	199	166	31	8	101	1	227	15	173	114	59	162	85	85	158	43	59	0	33	104	31	0	131	48	37	42	17	55	108	146	0	97	95	109	89	195	118	132	107	68	67	148	8	2	78	88	60	93	14	7	0	113	66	46	264	12	144	57	41	340	4	69	77	0	3	130	112	122	190	0	8	57
2	0	0	0	0	0	0	0	0	0	0	0	0	0	0	0	0	0	0	0	0	0	0	0	0	0	0	0	0	0	0	0	0	0	0	0	0	0	0	0	0	0	0	21	0	0	0	0	0	0	0	0	0	0	0	0	0	0	0	0	0	0	0	0	0	0	0	0	0	0	0	0	1	0	0	0	0	0	0	0	0	0	0	0	0	0	0	0	0	0	0	0	0	0	0	0	0	0	0	0	0	0	1	9	20	0	0	124	55	0	0	0	24	33	0	8	0	0	4	37	36	0	0	0	2	11	0	0	15	1	0	0	19	6	2	0	0	0	11	0	6	0	0	0	0	0	0	0	0	9	12	0	7	16	3	0	7	0	0	0	10	0	0	0	0	0	0	0	0	20	26	0	1	0	0	0	0	0	0	1	0	2	14	0	28	17	0	70	39	0	0	50	0	15	0	0	0	21	0	0	0	20	54	0	0	0	0	0	62	12	60	13	1	0	15	1	0	76	0	0	17	0	0	103	1	37	2	31	54	60	0	0	3	42	0	4	0	2	0	67	8	75	0	4	0	0	7	8	83	28	0	5	64	0	1	47	2	9	0	0	0	0	23	2	0	0	170	3	0	0	0	0	0	136	0	0	0	1	136	44	0	22	0	0	6	96	109	19	0	87	0	15	0	17	0	0	64	44	0	2	37	6	29	76	149	0	99	47	163	23	0	66	61	0	7	0	0	0	0	26	129	22	3	22	21	7	42	23	167	0	101	21	3	283	80	2	0	1	1	1	0	135	119	16	8	10	224	0	122	24	2	6	6	9	9	0	9	0	3	235	83	73	1	31	2	73	153	0	0	87	0	18	0	0	0	0	13	0	0	312	1	0	4	0	0	0	3	128	0	0	17	38	0	204	25	0	77	38	28	6	4	2	0	2	109	0	235	13	49	67	130	8	25	185	0	68	0	106	6	0	62	129	102	93	2	0	0	0	206	0	0	49	20	3	0	66	7	12	40	14	83	0	48	202	14	199	19	62	0	0	289	14	144	0	1	169	1	5	48	30	27	50	0	78	20	52	0	1	17	172	121	96	30	42	81	0	0	2	111	0	10	21	61	10	71	0	341	37	152	30	0	63	0	3	89	44	22	162	49	0	12	0	47	1	148	61	84	22	246	60	60	2	176	88	192	8	0	53	118	178	219	16	182	86	15	48	0	50	61	39	35	24	128	46	0	154	230	104	107	0	133	17	0	40	27	133	47	67	0	47	89	126	190	4	207	113	286	314	28	46	112	94	25	16	2	0	27	182	151	1	70	236	35	136	0	0	0	27	15	103	1	44	35	58	20	91	86	56	233	5	169	50	0	14	133	73	11	73	92	56	457	118	71	83	41	44	205	87	0	6	129	125	89	57	135	50	102	103	26	109	0	265	33	3	155	20	25	122	16	116	80	131	79	25	60	23	163	43	90	0	8	10	64	110	88	110	0	52	75	203	189	124	178	76	105	59	75	123	6	33	24	129	50	49	62	0	0	0	0	64	258	108	0	71	84	1	233	1	188	113	6	44	120	66	98	229	281	37	13	25	123	23	157	165	55	107	138	56	86	147	0	64	46	48	1	2	275	55	175	50	44	190	38	43	83	2	14	89	279	47	7	61	0	128	97	86	185	43	2	44	87	112	85	67	0	13	40	100	68	35	11	89	44	96	59	108	0	145	28	113	12	9	90	52	61	207	26	15	228	116	45	36	27	69	215	70	172	115	62	41	64	168	0	42	115	540	282	180	74	53	47	79	24	215	0	180	210	135	77	3	115	83	55	73	94	77	37	38	0	31	67
3	0	0	0	0	0	0	0	0	0	0	0	0	0	0	0	0	0	0	0	0	0	0	0	0	0	0	0	0	0	0	0	0	0	0	0	0	0	0	0	0	0	0	0	0	0	52	0	0	0	0	0	0	0	0	0	0	0	0	0	0	0	0	0	0	0	0	0	0	0	0	0	0	0	0	0	0	0	0	0	0	0	0	0	0	0	0	0	0	0	0	0	0	0	0	0	0	0	0	0	0	0	0	0	0	0	0	0	0	8	0	0	0	0	0	0	0	0	0	0	0	0	0	0	0	0	0	0	0	0	0	0	0	0	0	0	0	0	0	0	0	0	0	0	0	0	0	0	0	0	0	0	0	0	0	0	0	0	0	0	0	0	0	0	0	0	0	0	0	0	0	0	0	0	0	0	28	0	0	0	0	0	0	0	0	0	2	0	0	0	0	0	0	0	0	0	0	0	0	0	0	0	38	0	0	0	0	0	23	0	0	0	0	0	0	0	0	0	0	0	0	0	0	0	0	0	0	0	0	0	0	0	0	0	0	0	0	0	0	0	0	0	0	0	0	0	7	0	0	0	0	0	6	0	0	0	0	38	0	0	0	0	0	0	0	0	0	0	0	0	0	0	0	0	0	0	0	0	179	79	0	3	0	0	0	84	0	0	0	0	0	0	0	0	0	0	0	0	0	0	0	0	57	162	102	0	0	0	0	0	0	162	0	0	0	0	0	0	0	0	112	16	0	3	0	0	35	36	115	0	243	0	0	143	17	0	0	0	0	0	7	54	32	147	9	0	70	0	9	0	0	0	0	0	0	0	13	0	0	127	0	152	0	0	0	58	42	0	0	0	0	14	0	0	0	0	0	0	0	125	0	0	0	0	0	0	0	0	0	17	5	0	0	0	91	0	0	0	23	2	5	0	0	0	29	0	133	156	177	0	102	0	0	54	0	51	0	0	0	0	192	16	304	106	4	0	0	0	14	0	0	108	2	0	0	110	0	0	19	0	102	0	30	37	55	153	2	240	0	0	7	0	94	0	0	1	0	0	14	0	0	101	0	83	0	92	138	0	0	26	0	46	0	84	0	0	0	0	129	0	17	0	56	0	62	4	268	2	147	51	0	28	0	0	0	0	0	77	3	0	0	0	95	0	189	137	227	104	40	102	87	0	26	14	163	0	0	0	113	10	77	187	142	140	103	120	59	110	166	0	0	27	0	224	0	89	58	74	33	0	43	0	0	1	65	223	174	136	0	151	28	71	70	0	88	200	30	29	26	8	128	188	62	68	0	0	13	22	105	0	29	79	0	4	0	0	0	57	0	74	0	73	120	14	0	31	111	0	100	43	81	30	0	0	32	99	0	147	70	42	37	28	119	87	52	139	0	75	0	0	52	0	258	154	271	52	66	92	40	80	0	44	224	58	43	208	0	57	46	122	21	53	3	288	158	14	110	1	0	0	393	0	12	58	197	56	0	333	78	65	111	74	146	355	34	205	0	116	0	63	82	153	156	247	137	0	0	0	0	24	16	71	0	250	98	0	86	0	67	77	0	67	33	15	21	68	144	66	0	6	74	47	128	138	8	92	101	76	28	26	0	57	84	127	0	0	53	161	78	175	16	100	72	169	203	0	253	89	106	82	79	82	0	17	36	55	100	0	28	131	53	82	35	11	0	0	132	46	18	34	196	109	59	151	215	142	0	147	85	39	0	222	86	154	77	88	305	171	13	0	139	92	123	158	240	26	200	138	155	130	113	35	0	73	217	174	120	73	75	69	150	166	137	141	0	82	379	47	159	2	0	240	0	33	51	119	60	62	0	114	103
4	0	0	0	0	0	0	0	0	0	0	0	0	0	0	0	0	0	0	0	0	0	0	0	0	0	0	0	0	0	0	0	0	0	0	0	0	0	0	0	0	0	0	0	0	0	0	0	0	0	0	0	0	0	0	0	0	0	0	0	0	0	0	0	0	0	0	0	0	0	0	0	0	0	0	0	0	0	0	0	0	0	0	0	0	0	0	0	0	0	0	0	0	0	0	0	0	0	0	0	0	0	0	0	0	0	0	0	0	23	0	0	0	0	0	0	0	0	0	0	0	0	0	0	0	0	0	0	0	0	0	0	0	0	0	0	0	0	0	0	0	0	0	0	0	0	0	0	0	0	0	0	9	0	0	0	0	0	0	0	0	0	0	0	0	0	0	0	0	0	28	0	0	0	0	0	0	0	0	0	0	0	0	0	0	0	0	0	0	0	0	0	0	0	0	0	0	0	0	0	0	0	131	0	0	0	0	0	0	0	0	0	0	0	0	0	0	0	0	0	0	0	0	64	0	0	0	0	0	0	0	0	0	0	0	0	0	0	0	0	0	0	0	0	0	0	0	0	0	0	0	0	0	0	0	0	0	0	0	0	0	0	0	0	0	0	0	0	0	0	0	0	0	0	0	0	0	0	34	88	0	9	0	0	0	0	0	0	0	0	0	1	0	0	0	0	0	0	0	0	0	0	6	0	43	0	0	4	0	0	0	40	23	0	0	0	0	0	0	0	104	3	0	0	1	0	79	21	206	0	57	0	0	97	24	0	0	14	0	0	0	1	118	0	0	0	31	0	42	0	0	0	0	0	31	0	0	0	0	96	0	0	0	0	0	239	167	0	0	0	0	16	0	0	0	0	0	0	0	163	0	0	0	0	0	0	0	7	0	0	0	21	0	50	0	0	0	0	0	0	0	0	0	0	50	0	2	0	70	0	56	0	0	63	0	54	0	0	0	0	39	71	34	65	10	0	0	0	87	0	0	31	0	0	0	64	0	0	90	0	38	0	58	183	214	48	0	70	0	0	2	0	16	0	0	0	0	0	100	0	0	66	0	47	0	173	0	0	0	229	0	13	0	12	0	0	0	21	165	0	50	0	161	0	204	0	181	213	14	91	0	10	0	0	38	0	1	98	0	0	7	0	52	0	66	303	24	102	192	17	10	0	69	43	276	0	0	92	8	90	109	204	109	99	1	7	12	16	61	0	0	60	0	49	0	50	0	9	63	0	153	0	0	90	78	85	138	104	0	124	101	67	0	0	87	61	0	82	26	0	132	48	121	78	0	2	0	144	61	0	12	174	0	123	1	0	3	0	0	192	0	3	39	0	0	57	23	38	114	210	170	56	0	0	340	54	0	129	66	77	88	92	27	64	150	58	0	146	0	0	0	0	64	61	12	0	14	77	57	20	0	0	194	49	151	115	30	68	41	46	5	105	0	14	120	28	63	21	0	0	120	0	102	15	98	21	0	19	0	61	122	55	116	87	58	73	0	12	0	178	18	160	39	15	66	0	0	0	0	14	157	215	0	126	132	0	95	0	51	2	0	88	19	63	71	167	49	35	0	12	71	82	43	48	8	33	108	35	0	9	0	102	248	0	0	0	111	10	46	123	0	2	159	96	88	0	69	99	0	1	22	1	0	0	15	34	63	83	73	94	1	10	0	49	0	0	79	34	85	0	59	107	83	113	165	43	0	0	51	89	0	49	119	47	56	0	19	54	12	0	149	16	0	116	16	61	210	10	117	0	0	25	0	22	178	0	0	90	0	65	0	57	31	0	0	26	123	21	0	0	0	67	0	56	100	18	42	17	0	0	11
5	0	0	0	0	0	0	0	0	0	0	0	0	0	0	0	0	0	0	0	0	0	0	0	0	0	0	0	0	0	0	0	0	0	0	0	0	0	0	0	0	0	0	0	0	0	0	0	0	0	0	0	0	0	0	0	0	0	0	0	0	0	0	0	0	0	0	0	0	0	0	0	0	0	0	0	0	0	0	0	0	0	0	0	0	0	0	0	0	0	0	0	0	0	0	0	0	0	0	0	0	0	0	0	0	0	0	0	0	0	17	0	0	0	0	0	0	0	0	0	0	0	0	0	0	0	0	0	0	0	0	0	0	0	0	0	0	0	0	0	0	0	0	0	0	0	0	0	0	5	0	0	0	0	0	0	11	33	0	0	5	0	0	0	0	0	0	12	0	0	0	0	0	5	0	0	0	10	0	0	0	0	0	0	0	0	12	0	38	0	0	0	0	0	0	0	0	0	0	0	0	0	118	0	0	0	0	0	19	0	0	0	15	0	0	0	0	0	0	0	0	0	0	1	0	0	0	0	0	95	0	0	0	0	0	0	0	0	0	0	0	0	0	0	0	0	0	0	0	0	0	0	77	0	0	0	0	131	0	0	0	0	0	0	0	0	0	0	0	0	0	0	0	0	3	0	0	0	167	147	0	0	0	0	46	56	107	0	0	0	0	0	0	13	0	0	0	0	2	0	0	0	19	98	79	0	0	36	0	0	45	106	0	0	0	0	0	0	0	0	180	0	0	50	13	0	164	0	240	27	132	0	0	231	0	0	0	55	0	0	0	182	68	0	0	0	106	0	145	0	0	0	0	0	42	0	0	0	0	63	0	6	2	0	7	66	133	0	0	43	0	13	0	0	0	0	0	0	0	24	0	0	0	0	0	1	0	0	0	0	0	0	0	14	64	4	33	0	0	39	6	0	0	0	16	0	164	9	307	0	132	0	0	33	0	160	0	0	141	0	58	76	189	33	17	0	0	0	9	0	0	193	0	0	0	102	0	0	138	0	30	0	82	54	0	127	5	83	0	0	3	24	251	0	0	0	0	0	120	6	0	135	0	110	0	75	36	0	0	309	1	114	14	201	2	0	0	0	68	0	116	0	153	3	46	0	89	83	116	84	0	329	0	0	0	0	0	5	0	0	0	0	94	2	146	66	55	201	186	166	19	0	17	147	162	0	0	0	189	16	57	121	77	136	5	99	3	167	9	0	0	38	0	90	0	100	71	10	125	7	110	0	0	0	97	93	38	85	0	250	150	246	191	0	36	46	8	103	18	0	223	266	135	52	18	0	0	31	32	0	35	138	22	91	0	0	0	12	0	48	0	46	180	0	0	119	15	0	41	7	20	6	0	0	75	81	0	338	11	139	103	38	4	136	135	187	33	50	0	3	43	0	83	178	236	1	16	147	237	80	0	0	5	38	135	52	0	50	86	310	95	45	0	64	43	84	46	92	0	0	192	0	97	90	210	42	21	35	14	67	71	212	103	87	74	99	10	45	0	18	2	171	15	137	85	0	0	45	0	42	63	154	0	115	174	0	340	0	90	184	0	96	48	121	71	230	122	67	10	0	127	131	60	196	31	67	119	17	14	75	0	144	28	0	0	0	120	143	15	155	0	72	39	102	53	0	180	60	0	60	67	4	0	0	79	8	1	0	53	20	60	162	0	194	0	0	5	74	58	14	4	26	228	172	76	43	0	0	13	44	1	63	145	29	146	0	70	42	19	0	73	223	0	40	7	70	40	0	51	24	8	39	0	31	61	2	84	25	4	26	0	27	18	1	0	93	26	122	0	7	0	35	0	69	147	9	210	24	0	8	54
6	0	0	0	0	0	0	0	0	0	19	0	0	0	0	0	0	0	0	0	0	0	0	0	0	0	0	0	0	0	0	0	36	55	0	0	0	0	0	0	0	0	0	0	0	0	0	0	0	0	0	0	0	0	0	0	0	0	0	0	0	0	0	0	0	0	0	0	0	0	0	0	0	0	0	0	0	0	0	0	0	0	0	0	0	0	0	0	0	0	0	0	0	0	0	0	0	0	0	0	0	0	0	0	0	0	0	0	0	0	0	5	0	0	0	0	0	110	0	0	0	0	0	0	0	0	0	0	0	0	0	0	0	1	0	0	0	0	0	0	0	1	0	5	0	0	0	0	0	0	15	0	0	0	0	0	0	143	0	0	0	0	0	0	0	0	0	0	0	0	0	0	0	0	0	0	0	0	0	0	0	0	0	0	0	0	7	0	0	0	0	128	0	0	0	0	0	0	0	0	0	0	37	0	0	0	0	0	19	0	0	0	1	0	0	0	0	0	0	0	0	0	0	5	0	0	0	0	0	93	0	0	0	0	1	0	0	0	0	0	0	3	0	0	19	18	0	0	0	0	0	1	0	0	3	66	0	50	0	0	0	7	0	0	0	0	0	28	0	0	0	0	0	0	0	0	44	0	58	23	0	0	0	0	0	36	2	0	66	5	0	0	0	24	0	0	0	110	0	0	0	0	25	161	95	0	0	3	0	0	3	27	39	0	0	0	0	0	0	0	199	0	0	36	0	1	106	23	78	0	124	13	0	108	0	0	2	74	0	0	81	284	267	19	0	60	87	0	126	0	83	0	0	0	70	0	0	44	0	32	0	15	8	0	0	20	84	0	0	1	3	190	0	0	0	0	69	0	1	111	0	0	0	1	0	0	0	0	0	0	3	3	0	30	15	0	116	0	6	44	3	0	0	11	91	0	106	13	114	8	92	0	0	156	0	8	0	0	65	0	108	41	52	34	3	4	68	78	60	0	2	191	7	0	0	92	10	0	98	0	80	3	75	8	307	15	14	77	8	0	216	1	64	10	0	76	3	43	106	0	0	232	1	22	2	34	10	0	0	93	94	194	0	63	0	0	0	0	198	0	80	0	128	0	73	0	50	33	130	243	16	90	0	13	0	1	0	199	17	0	0	0	197	0	94	52	129	34	132	50	86	4	154	160	63	0	3	310	53	8	82	150	72	143	17	544	5	124	305	0	1	137	0	52	0	208	10	160	95	0	5	6	1	82	225	25	249	251	69	231	157	155	77	3	71	28	18	143	39	112	27	37	175	133	0	0	7	174	106	2	10	28	0	151	0	0	4	8	0	112	1	143	14	6	72	205	117	48	129	211	47	100	0	0	80	184	0	98	334	279	130	42	141	57	80	13	102	149	0	2	35	0	62	178	103	18	83	49	73	62	0	83	63	89	84	67	0	193	27	47	4	74	0	15	218	129	10	54	0	0	59	15	118	142	95	160	3	186	124	39	84	275	87	142	126	91	30	16	0	33	103	44	431	306	215	12	0	0	0	337	95	86	0	52	85	1	103	0	81	145	0	130	24	23	113	194	56	16	0	30	310	105	91	275	520	52	107	37	3	40	0	10	81	146	0	0	130	131	137	86	41	120	187	220	52	0	75	27	250	11	28	145	0	41	108	76	109	0	71	25	82	7	49	107	1	38	41	104	50	59	32	250	177	28	1	68	0	80	152	47	0	64	31	64	162	115	173	36	58	0	39	195	3	65	37	81	16	57	36	209	10	90	0	74	45	99	76	32	52	58	98	45	62	44	0	122	149	50	36	0	0	289	1	60	195	128	34	91	0	139	153
7	0	0	0	0	0	0	0	0	0	0	0	0	0	0	0	0	0	0	0	0	0	0	0	0	0	0	0	0	0	0	0	0	0	0	0	0	0	0	0	0	0	0	0	0	0	0	0	0	0	0	0	0	0	0	0	0	0	0	0	0	0	0	0	0	0	0	0	0	0	0	0	0	0	0	0	0	0	0	0	44	0	0	0	0	0	0	0	0	0	0	0	0	0	0	0	0	0	0	0	0	0	0	0	0	0	0	0	7	1	27	28	0	0	0	0	0	0	5	0	0	0	8	0	3	0	0	0	0	0	0	4	0	0	0	0	0	0	0	0	0	0	0	0	0	0	0	0	0	0	0	0	0	0	0	0	0	0	0	0	0	0	0	0	0	0	0	0	0	0	52	0	0	0	0	0	82	0	0	0	0	7	0	0	9	0	0	0	0	0	0	0	0	0	0	0	0	0	0	0	0	15	164	0	7	0	0	0	91	0	3	0	0	0	0	0	0	1	0	0	0	0	0	145	0	0	0	0	0	69	0	0	45	18	0	0	0	0	0	50	0	0	0	0	0	0	0	0	58	0	0	12	57	0	7	0	0	0	0	0	0	0	21	50	0	0	0	0	8	0	0	0	17	0	0	0	0	0	319	18	0	2	3	0	0	13	51	0	0	92	96	4	0	93	0	0	0	6	11	3	122	21	99	118	132	0	0	89	116	1	0	202	129	3	0	0	0	0	0	0	82	0	0	32	0	0	146	33	34	0	62	16	0	48	0	0	0	98	0	0	0	75	104	9	10	26	7	1	31	0	0	0	3	0	82	0	0	0	0	114	0	20	0	11	0	53	298	0	0	17	0	32	0	0	0	0	177	0	27	79	0	0	0	0	0	0	0	0	0	2	6	1	0	25	111	3	85	0	166	174	9	0	0	14	56	0	13	238	35	0	102	0	5	85	0	26	0	0	82	0	60	439	219	89	35	0	0	0	8	0	0	23	0	9	0	105	0	0	385	0	110	0	39	97	51	62	113	14	0	0	106	0	0	0	0	143	1	0	161	55	0	131	0	88	4	14	115	0	0	92	20	113	0	55	0	0	0	1	54	0	24	0	388	0	113	88	132	24	1	71	0	124	0	15	0	0	0	45	65	0	36	5	61	0	136	72	25	22	128	22	105	1	41	104	12	27	38	50	43	44	19	108	92	180	173	58	49	248	54	0	0	3	0	95	0	283	24	151	84	0	105	0	2	5	147	155	54	149	0	147	83	21	19	41	60	33	161	80	49	137	44	46	279	85	1	0	54	82	21	0	112	11	52	97	0	0	0	11	77	50	185	77	240	20	72	121	129	37	30	125	70	170	0	0	74	85	3	121	70	193	234	88	43	148	156	27	125	16	0	7	132	4	56	139	80	94	21	52	69	65	0	18	39	5	80	84	0	114	114	83	107	95	2	52	76	131	81	6	0	0	111	92	46	105	70	108	9	147	92	39	38	11	105	301	17	84	76	128	0	129	122	68	164	53	49	0	0	46	0	92	25	203	0	18	100	2	159	0	172	34	12	71	4	189	24	82	47	77	16	20	39	39	34	78	37	87	161	28	7	60	0	31	57	41	0	5	218	126	247	47	175	93	47	298	23	4	271	108	159	10	394	154	4	85	53	32	134	5	56	77	82	50	30	21	0	0	84	66	114	96	193	410	28	163	10	0	0	33	104	80	0	38	11	90	199	207	226	93	10	28	190	58	84	158	135	45	671	143	44	34	97	24	0	106	92	43	60	100	195	86	164	34	162	231	0	45	29	27	145	1	0	51	0	90	27	49	29	90	0	74	80
8	0	0	0	0	0	0	0	0	0	0	0	0	0	0	0	0	0	0	0	0	0	0	0	0	0	0	0	0	0	0	0	172	0	0	0	0	0	0	0	0	0	0	0	0	0	0	0	0	0	0	0	0	0	0	0	0	0	0	0	0	0	0	0	0	0	0	0	100	0	0	0	0	0	0	0	0	0	0	0	0	0	23	0	0	0	0	0	0	0	0	0	0	0	0	0	0	0	0	0	0	0	0	0	0	0	0	0	4	0	29	0	0	0	0	0	0	2	0	0	0	0	0	0	0	0	0	0	0	0	0	0	0	2	0	0	0	0	0	0	0	0	0	1	0	0	0	0	0	0	0	0	0	0	0	0	0	0	0	0	6	0	0	0	0	0	0	0	0	0	0	0	0	0	0	8	0	0	0	0	0	0	0	0	32	0	39	0	0	0	0	0	0	0	0	0	0	0	0	0	0	0	41	0	0	0	0	0	112	0	0	0	0	0	0	0	0	0	0	0	0	0	0	64	12	0	0	5	0	457	0	0	0	0	0	0	45	0	0	65	0	38	2	0	0	20	0	0	0	11	0	0	10	0	0	3	7	13	0	2	0	0	0	0	0	0	0	0	0	35	0	0	0	0	0	0	9	46	136	56	0	0	0	0	0	15	218	0	0	6	0	0	0	1	0	0	0	0	6	0	0	1	94	203	77	0	0	1	0	0	13	133	18	0	0	0	0	0	0	0	26	13	0	44	6	0	33	8	77	0	19	76	0	381	0	2	0	0	0	0	0	192	48	141	0	1	102	0	97	0	0	7	0	0	48	0	0	0	12	104	0	5	60	0	0	134	27	0	0	20	0	89	1	0	0	0	0	0	5	0	1	0	0	0	1	0	3	0	21	0	13	0	0	87	59	0	27	0	49	36	30	118	0	0	52	0	270	30	62	0	54	0	32	44	0	278	0	0	1	1	37	144	11	40	166	0	159	2	85	3	24	232	5	0	0	242	0	0	76	0	54	0	145	187	9	180	31	86	3	40	10	16	5	0	0	56	0	17	211	164	0	8	0	18	0	97	14	0	2	43	51	158	0	187	0	0	0	2	26	0	23	0	60	14	66	0	118	173	67	43	0	54	0	1	0	11	0	77	50	0	0	0	21	0	120	90	65	41	26	95	14	0	85	22	100	49	51	56	126	179	56	59	323	69	16	54	15	56	430	0	0	118	0	105	0	50	83	188	81	0	66	63	0	14	94	2	89	243	0	119	197	58	0	0	150	172	69	221	87	32	45	50	34	147	1	0	2	60	101	0	131	118	298	221	0	0	0	21	0	21	0	237	174	155	26	114	22	117	75	140	58	173	1	0	88	176	0	1	238	71	155	50	30	33	80	74	4	125	0	0	29	8	169	167	48	190	61	81	27	12	0	61	75	10	349	103	82	92	192	23	224	40	0	38	46	77	123	47	0	0	28	0	223	65	28	114	0	48	171	90	207	133	141	112	136	95	0	50	8	65	33	188	56	77	115	0	0	1	0	27	74	16	0	64	86	21	55	0	76	64	0	127	172	254	85	31	230	126	49	7	85	133	31	235	76	28	69	93	79	53	0	101	283	38	0	0	60	36	203	51	58	212	210	95	124	95	58	147	41	154	85	64	0	40	308	80	140	0	116	32	27	49	66	21	1	0	73	181	80	138	174	31	186	20	189	78	0	106	78	165	1	56	60	276	120	84	17	43	29	0	62	52	17	37	77	187	50	111	244	33	214	76	0	44	308	33	71	41	28	135	56	75	106	119	0	50	102	91	15	33	26	71	0	126	247	126	198	95	0	117	64
9	0	0	0	0	0	0	0	0	0	0	0	0	0	0	0	0	0	0	0	0	0	0	0	0	0	0	0	0	0	0	0	0	0	0	0	0	0	0	0	0	0	0	0	0	0	0	0	0	0	0	0	0	0	0	0	0	0	0	0	0	0	0	0	0	0	0	0	0	0	0	0	0	0	0	0	0	0	0	0	0	0	0	0	0	0	0	0	0	0	0	0	0	0	0	0	0	0	0	0	0	0	0	0	0	0	0	0	0	0	0	0	0	0	0	0	0	0	0	0	0	0	0	0	0	0	0	0	0	0	0	0	0	0	0	0	0	0	0	0	0	0	0	0	0	0	0	0	0	0	0	0	0	0	0	0	0	0	0	0	0	0	0	0	0	0	0	0	0	0	0	0	0	0	0	0	0	0	0	0	0	0	0	0	0	0	0	0	0	0	0	1	0	0	0	0	0	0	0	0	0	0	0	0	0	0	0	0	0	0	0	0	0	0	0	0	0	0	0	0	0	0	0	0	0	0	0	0	0	0	0	0	0	0	0	0	0	0	0	0	0	0	0	0	0	0	0	0	0	0	0	0	0	0	0	0	0	0	0	0	0	0	0	0	0	0	0	0	0	0	0	0	0	0	0	0	0	0	0	15	0	0	0	0	0	0	0	0	0	0	0	0	0	0	0	0	0	0	0	0	0	0	0	7	0	0	0	0	0	0	0	0	0	0	0	0	0	0	0	0	0	0	0	0	0	0	0	0	10	0	18	0	0	0	0	0	0	0	0	0	0	81	299	0	0	0	0	0	0	0	0	0	0	0	0	0	0	0	0	0	0	0	0	0	0	0	0	0	0	0	0	0	0	0	0	0	0	0	0	0	0	0	0	0	0	0	0	0	0	0	0	0	0	0	0	0	0	0	0	0	0	0	0	0	4	0	0	0	9	0	8	0	0	97	0	111	0	0	0	0	0	28	4	0	0	0	0	0	6	0	0	13	0	0	0	157	0	0	12	0	88	0	7	0	0	51	0	0	0	4	0	0	0	0	0	0	0	0	26	0	0	0	0	0	0	13	0	0	0	159	0	0	0	5	0	0	0	0	99	0	262	0	10	0	0	0	90	0	0	0	0	0	1	0	0	0	0	110	0	0	0	0	0	0	73	27	0	0	282	22	0	0	120	69	8	0	0	0	2	4	10	5	76	2	0	0	0	0	0	0	0	19	0	0	0	0	0	0	6	0	2	0	0	0	110	44	0	2	0	0	0	9	0	0	7	0	40	73	0	0	0	43	64	0	0	0	0	45	70	0	15	13	0	12	0	0	0	0	0	174	0	67	0	0	0	19	72	8	0	0	0	0	0	0	2	0	0	10	43	0	49	20	9	0	128	0	0	0	0	0	40	0	0	6	77	0	0	10	0	29	0	103	0	0	0	0	0	0	3	66	8	84	0	0	6	117	0	0	0	0	6	0	68	225	102	1	0	0	0	1	0	99	0	2	16	0	0	0	0	0	83	30	0	14	5	0	0	0	0	41	0	0	0	0	62	0	115	0	0	29	0	0	0	0	0	0	0	51	0	0	0	0	0	41	47	173	93	0	0	213	0	0	67	193	0	0	21	9	48	32	33	67	0	35	0	0	0	89	36	249	4	37	0	36	29	83	48	0	127	105	145	0	98	103	0	0	0	270	1	58	71	24	0	18	1	21	0	272	0	127	0	14	58	0	13	48	134	8	130	0	0	0	273	34	42	2	1	14	3	67	50	0	0	7	1	239	92	44	62	0	51	0	2	48	0	49	20	0	228	0	0	12	0	0	13	0	0	0	0	13	84
10	0	0	0	0	0	0	0	0	0	0	0	0	0	0	0	0	0	0	0	0	0	0	0	0	0	0	0	0	0	0	0	0	0	0	0	0	0	0	0	0	0	0	0	0	0	0	0	0	0	0	0	0	0	0	0	0	0	0	0	0	0	0	0	0	0	0	0	0	0	0	0	0	0	0	0	0	0	0	0	0	0	0	0	0	0	0	0	0	0	0	0	0	0	0	0	0	0	0	0	0	0	0	0	0	0	0	0	0	0	0	0	0	0	0	0	0	0	0	0	0	0	0	0	0	0	0	0	0	0	0	0	0	0	0	0	0	0	0	0	0	0	0	0	0	0	0	0	0	0	0	0	0	0	0	0	0	0	0	0	0	0	0	0	0	0	0	0	0	0	0	0	0	0	0	0	0	0	0	0	0	0	0	0	0	0	0	0	0	0	0	0	0	0	0	0	0	0	0	0	0	0	0	0	0	0	0	0	0	0	0	0	0	0	0	0	0	0	0	0	0	0	0	0	0	0	0	0	0	0	0	0	0	0	0	0	0	0	0	0	0	0	0	0	0	0	0	0	0	0	0	0	0	0	0	0	0	0	0	0	0	0	0	0	0	0	0	0	0	0	0	0	0	0	0	0	0	0	0	0	0	0	0	0	0	0	0	0	0	0	0	0	0	0	0	0	0	0	0	0	0	9	0	0	0	0	0	0	0	0	0	0	0	0	0	0	0	0	0	0	0	0	0	0	0	0	0	0	0	0	24	0	0	0	9	0	0	0	0	0	0	0	122	0	0	0	0	0	0	0	3	0	0	0	0	0	0	0	0	0	0	0	0	0	0	39	0	0	0	0	0	0	0	0	0	0	0	0	0	0	0	0	0	0	0	0	0	0	0	0	0	0	0	0	0	0	0	0	0	0	0	0	0	0	0	0	0	0	0	0	44	0	0	0	0	11	0	0	0	0	0	0	3	0	7	0	0	0	14	0	0	19	0	0	0	229	0	0	65	0	22	0	3	0	0	32	0	0	0	0	0	0	0	0	0	0	0	0	0	0	0	0	0	0	0	18	0	0	0	192	0	18	0	16	0	0	0	0	0	0	84	0	6	0	1	0	45	0	0	0	0	0	0	0	0	0	0	0	0	0	0	0	0	0	33	131	0	0	0	41	32	0	89	108	40	0	0	0	0	0	0	90	68	47	0	0	0	0	0	0	0	0	0	15	0	0	0	0	92	0	0	0	0	0	43	9	0	2	0	0	0	76	0	0	16	0	0	46	0	0	0	8	29	0	0	0	0	0	1	0	61	0	0	0	0	0	0	0	0	0	0	16	0	0	0	12	0	0	0	0	0	0	0	0	57	0	0	0	10	0	13	7	32	0	0	0	0	0	0	0	217	0	0	0	60	3	5	0	1	141	0	131	0	0	15	0	0	8	0	11	147	29	0	0	0	0	0	0	0	0	184	0	18	103	74	0	0	0	0	72	0	0	0	0	0	0	0	0	0	0	83	13	0	0	56	0	0	0	0	69	0	0	0	0	10	0	65	0	0	43	0	0	0	0	9	0	23	80	0	5	78	0	0	67	130	174	12	0	0	127	0	0	48	142	0	0	0	0	81	25	69	53	0	22	0	0	0	202	87	64	1	79	0	70	36	6	131	0	97	12	99	0	32	0	0	0	0	67	0	133	169	8	0	0	0	39	0	93	0	0	0	120	0	41	0	145	100	0	184	0	0	0	25	56	36	148	0	10	361	296	183	0	0	0	18	148	200	99	63	4	94	0	59	135	0	38	176	0	84	0	0	0	0	0	0	7	46	0	0	49	45
11	0	0	0	0	0	0	0	0	0	0	0	0	0	0	0	0	0	0	0	0	0	0	0	0	0	0	0	0	0	0	3	0	0	0	0	0	0	0	0	0	0	0	0	0	0	0	0	0	0	0	0	0	0	0	0	0	0	0	0	0	0	0	0	0	0	0	0	0	0	0	0	0	0	0	0	0	0	0	0	0	0	0	0	0	0	0	0	0	0	0	0	0	14	0	0	0	0	0	0	0	0	0	0	0	4	0	6	0	0	21	0	0	0	0	1	0	0	0	0	0	0	0	0	0	0	0	0	15	0	0	0	0	0	0	0	0	0	0	0	0	0	0	0	0	0	0	0	5	0	0	0	23	0	0	0	0	0	0	0	2	0	0	0	0	0	0	1	0	0	0	0	0	0	0	0	2	0	0	0	0	0	0	0	0	0	0	0	0	0	0	0	0	0	0	0	6	0	4	0	0	6	0	0	0	0	0	2	0	0	0	0	0	0	0	0	0	0	0	0	0	0	0	0	0	0	0	0	0	0	24	0	0	0	0	0	0	0	0	0	0	0	0	0	0	0	0	0	0	0	0	0	0	0	0	0	0	0	0	0	0	0	0	0	0	0	0	0	0	0	0	0	0	0	0	0	0	4	0	0	0	0	0	0	0	0	0	0	0	0	0	0	0	0	0	0	0	0	0	0	0	0	0	0	0	0	0	0	0	0	0	0	10	0	0	0	0	0	0	0	1	0	0	0	0	0	0	0	0	0	0	0	0	0	0	0	0	0	0	0	0	1	0	51	0	0	0	0	0	0	33	0	0	0	0	0	0	0	0	0	0	0	0	0	0	0	2	0	40	38	0	0	0	14	0	0	0	0	2	3	0	3	29	0	0	0	0	0	0	0	28	0	0	0	0	0	0	0	0	2	11	0	0	0	0	0	0	0	0	0	0	0	0	0	0	28	0	0	0	7	0	0	0	0	0	0	0	2	0	0	0	0	0	0	0	24	0	0	0	0	23	0	0	0	0	2	0	0	0	2	0	0	0	0	0	0	0	0	0	0	0	0	0	0	0	6	0	0	7	199	0	0	0	0	0	0	0	0	0	0	0	0	0	0	0	0	0	0	0	0	0	0	0	0	0	0	0	0	0	0	12	0	0	0	0	77	0	0	0	187	0	0	0	84	0	0	0	0	0	0	0	1	0	0	0	0	0	0	0	0	0	0	0	0	0	0	37	0	0	0	0	0	0	0	82	0	0	0	0	0	0	0	0	0	0	0	0	0	0	0	0	0	0	0	0	0	0	0	27	0	76	0	0	0	2	0	0	0	0	0	0	126	0	0	0	0	0	0	0	0	0	0	0	0	18	0	0	0	0	0	0	1	75	0	0	0	0	0	0	0	356	4	0	0	0	9	0	0	0	50	0	425	0	0	0	0	0	0	0	0	0	0	0	0	0	0	0	0	0	0	0	0	0	77	14	0	0	0	0	0	0	0	0	0	0	0	0	0	0	0	48	0	1	0	10	0	0	0	0	258	0	0	0	0	13	0	199	0	0	58	0	0	0	0	1	0	0	53	0	0	0	0	0	93	15	136	0	0	0	56	0	0	30	70	0	0	0	0	83	25	39	137	0	0	0	0	0	147	50	29	0	55	0	19	36	0	24	0	182	0	88	0	200	0	0	0	0	132	0	78	15	6	0	0	0	107	1	75	0	0	0	63	0	0	0	172	33	0	24	9	0	0	81	0	51	40	0	48	0	95	133	0	0	0	104	298	43	0	63	0	89	0	0	49	90	0	134	0	144	0	0	0	0	0	0	1	0	0	0	44	62
12	0	0	0	0	0	0	0	0	0	0	0	0	0	0	0	0	0	0	0	0	0	0	0	0	0	0	0	0	0	0	0	0	0	0	0	0	0	0	0	0	0	0	0	0	0	0	0	0	0	0	0	0	0	0	0	0	0	0	0	0	0	0	0	0	0	0	0	0	0	0	0	0	0	0	0	0	0	0	0	0	6	0	0	0	0	0	0	0	0	0	0	0	0	0	0	0	0	0	0	0	0	0	0	0	0	0	0	0	0	0	0	0	0	0	0	0	0	0	0	0	0	0	0	0	0	0	0	0	0	0	0	0	0	0	0	0	0	0	0	0	0	0	0	0	0	0	0	0	0	0	0	9	0	0	0	0	0	2	0	0	0	0	5	0	0	0	0	0	0	0	0	0	0	0	0	0	0	0	0	0	0	0	17	0	0	0	0	0	0	0	0	0	0	0	0	0	0	0	0	0	0	0	0	0	0	0	0	2	0	0	0	0	0	0	0	0	0	0	0	0	0	0	0	0	0	0	0	0	0	0	0	0	0	0	0	0	0	0	16	0	2	0	0	0	0	7	0	0	0	0	0	0	0	0	0	0	0	0	0	0	0	0	0	0	14	1	0	0	0	0	0	0	0	0	0	0	0	0	0	0	0	0	0	0	0	0	0	0	0	0	0	0	0	0	0	0	0	0	0	0	0	0	0	0	0	0	0	0	0	0	0	0	0	0	0	0	0	0	0	0	0	0	0	0	0	0	0	0	0	0	0	0	0	0	0	0	0	0	0	0	0	0	0	0	0	0	0	0	0	0	0	0	0	0	0	0	0	0	0	0	0	0	0	0	0	0	0	0	39	0	0	0	0	0	0	10	0	0	0	0	29	0	0	0	0	0	1	0	0	0	0	0	0	0	0	0	0	0	0	0	0	0	0	0	0	0	0	0	0	0	0	0	0	0	0	0	0	0	0	0	0	0	0	0	0	0	0	0	0	0	74	0	3	0	192	0	0	0	0	0	0	0	0	0	60	0	0	0	0	0	0	0	0	0	0	0	0	0	0	3	0	0	0	1	16	0	0	0	68	0	0	0	0	0	0	0	0	0	0	0	0	0	0	0	0	0	0	0	0	0	0	0	0	0	0	0	0	0	5	21	0	0	0	0	111	0	0	20	21	0	0	17	0	0	0	0	0	0	0	0	7	0	0	0	0	0	0	0	0	0	0	0	0	0	0	0	0	0	0	0	0	0	0	0	0	3	0	0	0	0	0	0	0	0	0	5	0	0	0	0	1	0	2	0	0	0	0	24	0	20	0	0	0	0	0	0	0	0	0	0	76	0	0	0	55	0	0	0	0	0	0	0	0	98	2	0	0	14	0	0	13	48	0	0	0	0	0	0	0	43	0	0	0	0	0	28	0	4	31	0	54	0	0	0	0	0	0	0	0	50	0	0	0	0	0	0	0	0	0	16	0	0	30	92	0	0	0	0	0	0	0	0	0	0	0	0	0	0	0	63	26	0	0	7	0	0	0	0	37	0	0	0	0	22	0	84	0	0	61	0	0	0	0	0	4	0	11	0	0	38	0	0	166	121	70	0	0	0	172	0	0	97	72	0	0	0	0	40	1	88	64	0	0	0	0	0	27	25	116	0	61	0	51	221	2	34	0	6	0	188	0	245	0	0	0	0	11	0	126	103	0	0	0	5	18	0	62	0	0	0	184	0	0	0	125	199	0	63	0	0	0	32	0	151	299	0	118	0	169	101	0	0	0	0	106	128	20	44	0	202	0	11	66	0	3	182	0	19	0	0	0	0	0	0	0	0	0	0	155	120
13	0	0	0	0	0	0	0	0	0	18	0	0	0	0	0	0	0	0	0	0	0	0	0	0	0	0	0	0	0	0	0	0	0	0	0	0	0	0	0	0	0	0	0	0	0	0	0	0	0	0	0	0	0	0	0	0	0	0	0	0	0	0	0	0	0	0	0	0	0	0	0	0	0	0	0	0	0	0	0	0	0	0	0	0	0	0	0	0	0	0	0	0	0	0	0	0	0	0	0	0	0	0	0	0	0	0	0	0	0	0	0	0	0	7	0	0	0	0	0	0	0	6	16	0	0	0	0	0	1	0	0	0	5	0	0	0	0	0	0	0	0	0	0	0	0	0	0	0	0	0	0	0	0	0	0	0	0	0	0	0	0	0	0	0	0	0	0	0	0	30	0	0	0	0	0	14	0	0	0	0	0	0	0	0	0	0	0	0	0	0	0	0	0	0	0	0	0	5	0	0	0	0	0	0	0	0	0	0	0	0	0	0	0	0	0	0	0	0	0	0	0	0	0	0	0	0	0	0	0	0	55	0	0	0	0	0	0	0	0	0	0	0	0	0	0	0	0	0	0	0	0	0	0	0	0	0	0	0	0	10	0	0	0	0	0	0	0	0	0	0	0	0	0	0	0	0	0	0	0	0	0	0	0	0	0	0	0	0	0	0	0	0	26	0	0	0	0	0	0	0	0	0	0	0	0	0	0	0	0	0	0	0	0	0	0	0	0	0	0	0	0	0	0	0	0	0	0	0	0	0	0	0	0	0	0	0	0	0	0	0	0	0	64	0	0	0	0	0	0	0	0	0	0	0	0	0	0	0	0	0	0	0	0	0	0	0	0	0	0	0	0	0	0	0	0	0	0	0	0	0	0	0	0	0	0	0	0	0	0	0	0	0	0	0	0	0	0	0	0	0	0	1	0	0	0	0	0	0	0	49	0	0	0	0	0	0	0	0	0	0	0	0	0	0	0	0	0	0	0	0	0	0	0	0	0	0	0	0	0	0	0	0	0	0	4	0	0	0	0	0	0	0	0	0	0	0	0	0	0	0	0	0	0	0	0	0	0	0	0	0	0	0	0	0	0	0	0	0	0	0	0	0	0	0	0	0	0	0	0	0	0	0	0	0	0	0	0	0	0	0	0	0	0	0	0	0	0	0	0	0	0	0	27	0	0	0	0	0	0	0	0	0	0	0	0	0	0	0	0	1	0	0	0	5	0	15	0	0	0	0	0	0	0	0	0	0	0	0	0	0	0	0	0	0	0	0	0	0	0	0	0	0	0	0	0	0	0	0	0	0	0	0	0	0	0	0	0	0	0	0	20	0	0	0	0	0	0	0	0	0	0	0	0	256	0	0	0	0	0	0	0	0	0	0	0	0	0	0	0	77	0	0	0	0	0	0	0	0	74	0	25	0	0	0	0	0	0	0	0	0	0	0	0	0	0	0	0	0	0	0	0	0	33	0	0	0	0	0	0	0	0	0	0	0	0	0	0	0	0	226	0	0	0	0	0	0	0	0	94	0	0	0	0	0	0	0	0	0	0	0	0	0	0	0	0	0	0	0	0	0	0	0	15	47	0	0	0	0	0	0	0	139	55	0	0	0	0	69	0	12	32	0	0	0	0	0	113	133	202	0	52	0	103	113	0	62	0	138	0	228	0	64	0	0	0	0	0	0	12	76	0	0	0	0	147	0	75	0	0	0	22	0	0	0	300	0	0	18	0	0	0	10	0	0	0	0	165	0	171	51	0	0	0	0	88	122	0	198	0	92	0	0	5	0	0	63	0	51	0	0	0	0	0	0	0	0	0	0	29	7
14	0	0	0	0	0	0	0	0	0	0	0	0	0	0	0	0	0	0	0	0	0	0	0	0	0	0	0	0	0	0	0	0	0	0	0	0	0	0	0	0	0	0	0	0	0	0	0	0	0	0	0	0	0	0	0	0	0	0	0	0	0	0	0	0	0	0	0	0	0	0	0	0	0	0	0	0	0	0	0	0	0	0	0	0	0	0	0	0	0	0	0	0	0	0	0	0	0	0	0	0	0	0	0	0	0	0	0	0	2	0	0	0	0	0	0	0	0	0	0	0	0	0	0	0	7	0	1	0	0	2	0	0	33	12	0	0	0	0	0	0	0	0	0	6	0	0	0	0	0	0	0	0	0	0	0	0	0	0	0	0	32	0	0	0	0	0	0	0	0	0	0	0	0	1	0	0	0	0	0	0	0	0	0	0	0	0	0	0	0	0	0	0	0	0	0	0	0	0	0	0	4	0	0	7	0	0	0	0	0	0	0	0	0	0	0	0	0	119	0	0	32	0	0	0	0	0	0	1	0	0	0	0	0	0	0	0	0	0	0	10	0	0	0	0	0	0	0	0	0	0	0	0	0	0	0	0	0	0	0	0	0	0	0	4	38	0	0	0	0	0	0	0	0	0	0	0	43	0	0	0	0	0	0	0	0	5	0	0	83	32	0	0	0	0	0	0	0	0	0	0	0	0	0	0	0	0	0	0	0	0	0	0	2	0	0	6	0	0	0	0	0	0	1	0	0	0	0	0	0	0	0	0	0	0	0	0	0	0	20	0	0	23	0	0	1	0	0	0	0	8	0	0	0	0	1	0	0	0	0	0	12	0	0	0	0	0	0	0	0	0	0	0	171	2	0	9	0	0	1	0	0	0	0	1	0	0	0	0	0	0	0	0	1	0	0	0	59	0	0	0	0	0	112	0	0	0	0	0	0	3	0	11	0	0	159	0	0	0	0	9	0	0	3	0	0	0	3	0	0	0	0	0	0	0	73	0	0	86	0	35	0	0	0	0	136	0	0	0	0	0	0	0	0	0	0	0	1	76	0	0	0	0	0	1	0	0	0	0	2	0	0	0	0	0	0	0	0	0	6	0	0	93	0	10	0	0	0	0	0	0	0	2	0	0	0	0	0	0	0	0	0	0	0	96	62	0	0	0	219	0	0	84	0	0	0	0	0	0	0	0	2	0	0	1	0	0	0	0	0	0	0	0	2	0	0	0	0	0	0	0	30	0	0	47	0	0	0	0	0	0	0	14	0	42	0	0	25	0	0	2	0	9	0	0	0	0	0	54	0	125	0	0	0	5	0	0	0	14	0	0	119	0	0	0	62	0	0	0	0	0	0	0	0	20	3	11	0	0	0	37	17	15	0	0	0	1	0	0	0	203	1	0	0	69	6	45	0	2	47	0	228	0	0	2	0	0	0	0	23	1	33	0	0	0	0	0	0	0	0	0	0	0	95	21	1	0	0	0	1	0	0	0	0	0	0	0	0	0	0	84	0	0	0	68	0	0	0	0	129	0	0	0	0	105	1	41	0	2	20	0	0	0	0	1	0	0	65	0	0	0	0	0	115	153	127	0	0	1	30	0	0	189	118	0	0	0	0	39	149	57	69	0	4	0	0	0	174	197	181	4	117	0	126	227	11	215	0	38	17	47	0	117	0	1	0	0	163	0	13	168	3	0	0	0	86	1	82	0	0	0	36	0	182	0	44	172	0	62	0	0	0	81	28	38	25	228	99	0	205	214	0	0	3	63	63	110	69	174	0	65	0	5	100	12	70	197	0	58	1	3	0	0	0	1	4	0	1	0	15	81
15	0	0	0	0	0	0	0	0	0	0	0	0	0	0	0	0	0	0	0	0	0	0	0	0	0	0	0	0	0	0	0	0	0	0	0	0	0	0	0	0	0	0	0	0	0	0	0	0	0	0	0	0	0	0	0	0	0	0	0	0	0	0	0	0	0	0	0	0	0	0	0	0	0	0	0	0	0	0	0	0	0	0	0	0	0	0	0	0	0	0	0	0	0	0	0	0	0	0	0	0	0	0	0	0	0	0	0	0	0	0	0	0	0	0	0	0	0	0	0	0	0	0	0	0	0	0	0	0	0	0	0	0	0	0	0	0	0	0	0	0	0	0	0	0	0	0	0	0	0	0	0	0	0	0	0	16	0	0	0	6	0	0	0	0	0	0	0	0	0	0	0	0	0	0	0	0	0	0	0	0	0	0	0	0	0	0	0	0	0	0	0	0	0	0	0	0	0	0	0	0	0	0	0	0	0	0	1	0	0	0	0	0	0	0	0	0	0	0	0	0	0	21	0	0	0	0	0	0	0	0	0	0	0	2	0	0	0	0	0	0	0	0	0	0	0	0	0	0	0	0	0	0	0	0	0	0	0	0	0	0	0	0	0	0	0	0	0	0	0	0	0	0	0	0	0	0	0	0	0	0	0	0	0	0	0	0	0	0	0	0	0	0	0	0	0	0	0	0	0	0	0	0	0	0	0	0	0	0	0	0	0	0	0	0	0	0	0	0	0	30	0	0	0	0	0	0	0	0	0	0	0	0	0	11	0	0	0	0	0	0	0	0	0	0	0	0	1	0	0	0	0	0	0	0	0	0	0	0	0	0	0	0	0	0	0	37	0	0	0	0	0	0	0	0	0	0	0	0	0	0	0	0	0	0	0	0	0	0	0	0	0	24	0	0	0	0	0	0	0	0	0	0	0	0	0	0	0	0	0	0	0	0	0	0	2	0	0	0	0	0	0	0	0	0	0	0	0	0	0	0	0	0	0	0	38	0	0	0	0	0	0	0	0	0	0	0	0	0	0	0	0	0	0	0	0	0	0	0	0	0	0	0	0	0	0	0	0	0	0	0	0	0	10	0	0	0	2	0	0	0	0	0	0	0	0	0	0	0	0	0	0	0	0	0	0	0	0	0	0	0	0	0	0	0	0	0	0	0	95	0	0	0	0	0	0	0	0	0	0	0	0	0	0	0	0	0	0	0	0	0	0	0	0	0	15	0	0	0	0	0	0	0	0	0	0	0	0	0	0	0	0	0	0	0	0	0	0	0	0	0	0	0	0	0	0	0	0	0	0	13	0	0	0	0	0	0	0	0	0	0	0	0	0	0	0	0	0	0	0	0	0	0	0	72	0	0	0	0	0	0	0	0	0	0	0	0	0	0	0	36	0	0	0	0	4	0	0	0	16	0	141	0	0	6	0	0	0	0	0	0	0	0	0	0	0	0	0	0	0	0	0	0	138	122	0	0	0	0	0	0	0	0	0	0	0	0	0	0	0	231	0	0	0	0	0	4	0	0	278	0	0	0	0	20	0	103	0	0	28	0	0	0	12	0	0	0	167	0	0	0	0	0	156	86	142	0	0	0	0	0	0	159	126	0	0	0	0	97	40	97	177	0	0	0	0	0	112	86	239	0	86	0	93	61	0	140	0	0	0	178	0	124	0	0	0	0	95	0	146	6	14	1	0	22	44	0	116	0	0	0	46	0	0	0	141	30	31	124	0	0	0	59	0	10	0	0	222	0	108	182	0	0	0	0	130	10	10	63	0	80	0	0	65	0	0	104	0	106	0	0	0	0	0	0	0	0	0	0	196	72
16	0	0	0	0	0	0	0	0	0	0	0	0	0	0	0	0	0	0	0	0	0	0	0	0	0	0	0	0	0	0	0	0	0	0	0	0	0	0	0	0	0	0	0	0	0	0	0	0	0	0	0	0	0	0	0	0	0	0	0	0	0	0	0	0	0	0	0	0	0	0	0	0	0	0	0	0	0	0	0	0	0	0	0	0	0	0	0	0	0	0	0	0	0	0	0	0	0	0	0	0	0	0	0	0	0	0	0	0	0	0	0	0	0	0	0	0	0	0	0	0	0	0	0	0	0	0	0	0	0	0	0	0	0	0	0	0	5	0	0	3	0	0	0	0	0	0	0	0	0	0	0	11	0	0	0	0	0	0	0	0	0	0	0	0	2	51	0	0	0	0	0	0	0	0	0	0	0	0	0	0	0	0	0	0	0	0	0	0	0	0	0	0	0	0	0	1	0	0	0	0	0	0	0	0	0	0	0	0	0	0	0	0	0	0	0	0	0	0	0	0	0	0	0	0	0	0	0	0	0	0	0	0	0	0	0	0	0	0	0	0	0	0	0	0	0	0	0	0	0	0	0	0	0	0	0	0	0	0	0	16	0	0	0	0	0	7	0	0	0	0	0	0	0	0	0	0	0	0	0	0	0	0	0	0	0	0	0	0	0	4	0	0	0	0	0	0	0	0	0	0	0	0	0	0	0	0	0	0	0	0	0	0	0	0	0	0	0	2	0	3	0	0	7	0	0	0	1	0	0	0	0	0	0	0	0	0	0	0	0	0	0	65	0	0	0	0	0	61	0	0	1	0	0	0	0	0	0	0	0	0	19	0	0	0	0	0	0	0	0	0	0	0	0	0	0	0	0	0	0	0	0	0	0	2	0	0	0	0	0	0	0	0	0	0	0	0	0	0	0	0	0	0	0	0	0	0	0	0	0	0	0	0	0	0	0	0	0	0	0	0	0	0	0	0	0	0	0	0	0	0	0	0	0	0	116	0	0	0	0	0	21	0	0	0	0	0	0	11	0	0	0	0	1	0	0	0	0	0	0	0	0	0	0	0	0	0	0	0	3	0	0	0	0	0	0	0	0	0	0	41	0	0	0	0	0	0	0	0	0	0	0	0	0	0	0	0	0	0	0	0	0	0	0	0	116	0	0	0	196	0	0	99	42	0	0	0	0	0	0	0	0	0	0	0	0	0	0	0	0	0	0	0	0	0	0	0	0	0	0	0	0	0	0	0	5	0	0	0	0	0	0	0	17	0	0	0	0	0	0	0	0	0	0	0	0	0	0	4	0	10	0	0	0	0	0	0	0	0	0	0	95	0	0	0	0	0	0	0	0	0	0	0	0	51	0	0	0	0	0	0	3	40	0	0	0	5	0	0	0	45	0	0	0	0	18	17	0	1	21	0	35	0	0	0	0	0	0	0	0	0	44	0	0	0	0	2	0	0	0	0	0	0	104	78	0	0	0	0	0	0	0	0	0	0	0	0	0	0	3	112	0	0	0	0	0	0	0	0	27	0	0	0	0	329	0	125	0	0	67	0	0	0	0	0	0	0	0	0	0	0	0	0	93	110	35	0	0	0	10	0	0	1	69	0	1	0	0	152	34	85	27	0	0	0	0	0	83	90	132	0	45	0	15	12	0	30	0	44	0	214	0	149	0	0	0	0	114	0	104	118	10	0	0	0	38	0	269	0	0	102	67	0	0	0	68	19	0	73	0	0	6	56	0	54	276	0	65	0	118	61	0	0	0	0	54	9	24	300	0	16	0	0	75	0	12	97	0	133	4	0	0	0	0	0	0	0	0	0	196	137
17	0	0	0	0	0	0	0	0	0	0	0	0	0	0	0	0	0	11	0	0	0	0	0	0	0	0	0	0	0	0	0	0	0	0	0	0	0	0	0	0	0	0	0	0	0	0	0	0	0	0	0	0	0	0	0	0	0	0	0	0	0	0	0	0	0	0	0	0	0	0	0	0	0	0	0	0	0	0	0	0	0	0	0	0	0	0	0	0	0	0	0	0	0	0	0	0	0	0	0	0	0	0	0	0	0	0	0	0	0	0	0	0	0	0	0	0	0	2	0	0	0	0	0	0	0	0	0	0	0	0	0	0	0	0	0	0	0	0	0	0	0	0	0	0	0	0	0	0	0	0	11	0	0	0	0	0	0	0	0	90	0	0	0	0	0	0	0	0	0	0	0	0	0	0	0	0	0	0	0	0	0	0	0	0	0	0	0	0	0	0	0	0	0	0	0	0	0	0	0	0	0	0	0	0	0	0	0	0	0	0	0	0	0	0	0	0	0	0	0	0	0	0	0	0	0	0	0	0	0	0	0	0	0	0	0	0	0	1	0	0	0	0	0	0	0	0	0	0	0	0	0	0	0	0	0	0	0	0	0	0	0	0	0	0	0	0	0	0	0	0	0	0	0	0	0	0	0	0	0	0	0	0	1	0	0	0	0	0	0	0	0	0	0	0	0	0	0	0	0	0	0	0	0	0	0	1	0	0	0	0	0	0	0	0	0	0	0	0	0	0	0	0	0	0	0	0	0	0	0	0	0	0	0	10	0	0	0	0	0	0	0	0	0	4	0	0	0	0	0	0	0	0	2	0	0	0	0	0	0	0	0	0	0	0	0	0	0	0	0	0	0	0	0	0	0	0	0	0	0	0	0	0	0	0	20	0	0	0	0	0	0	0	0	0	0	0	0	0	0	0	0	0	0	0	0	0	0	0	0	0	0	0	0	0	0	0	0	0	0	0	0	0	0	0	0	0	0	0	0	0	0	0	0	0	6	0	0	0	0	0	0	0	3	0	8	0	0	0	0	0	0	0	0	0	0	0	0	0	0	0	0	0	0	0	0	0	0	0	0	0	0	0	0	0	0	0	0	0	0	0	0	0	0	9	0	0	0	0	0	0	0	0	0	0	0	0	0	0	0	0	0	0	0	0	55	0	0	0	60	0	0	18	10	1	0	0	0	0	0	0	0	0	0	0	0	0	0	0	0	0	0	0	0	0	0	0	0	0	0	0	0	0	0	0	3	0	0	0	0	0	0	0	0	0	0	0	0	0	0	0	0	0	0	0	0	0	0	8	0	0	0	0	0	0	0	0	0	0	0	0	16	0	0	0	0	0	0	0	0	0	0	0	0	21	0	0	0	0	0	0	0	0	0	0	0	0	0	0	0	83	0	0	0	0	0	0	0	0	40	0	84	0	0	0	0	0	0	0	0	0	0	0	0	0	0	0	0	0	0	0	0	0	18	7	0	0	0	0	0	0	0	0	0	0	0	0	0	0	0	46	0	0	0	0	6	0	0	0	111	0	0	0	0	0	0	107	0	0	0	0	0	0	0	0	0	0	0	0	0	0	0	0	30	74	9	0	0	0	0	0	0	93	113	0	0	0	0	10	6	149	15	0	0	0	0	0	68	28	122	0	122	0	101	11	0	23	0	35	0	49	0	48	0	0	0	0	72	0	55	8	0	0	0	0	0	0	36	0	0	0	57	0	0	0	48	139	0	9	0	0	0	12	0	10	14	0	97	0	92	77	0	0	5	7	66	39	5	13	0	242	0	0	60	0	0	17	0	64	0	0	0	0	0	0	0	0	0	0	15	37
18	0	0	0	0	0	0	0	0	0	0	0	0	0	0	0	0	0	0	0	0	0	0	0	0	0	0	0	0	0	0	0	0	0	0	0	0	0	0	0	0	0	0	0	0	0	0	0	0	0	0	0	0	0	0	0	0	0	0	0	0	0	0	0	0	0	0	0	0	0	0	0	0	0	0	0	0	8	0	0	0	0	0	0	0	0	0	0	0	0	0	0	0	0	0	0	0	0	0	0	0	0	0	0	0	0	0	0	0	0	0	0	0	0	0	0	0	0	0	0	0	0	0	0	0	0	0	0	0	0	0	0	0	0	0	0	0	0	0	0	0	0	0	0	0	0	0	0	0	0	0	0	0	0	0	0	0	0	0	0	0	0	0	0	0	0	0	0	0	0	0	0	0	0	3	0	0	0	0	0	0	0	0	0	0	0	0	0	0	0	0	0	17	0	0	0	0	0	0	0	0	0	0	0	0	0	0	0	0	0	0	0	0	0	0	4	0	0	0	0	0	0	0	0	0	0	0	0	0	0	0	0	0	0	0	0	0	0	0	0	0	0	0	0	0	0	3	0	0	0	0	0	0	0	0	0	0	0	0	0	0	0	0	0	0	0	0	10	0	0	0	0	0	0	0	0	0	0	0	0	0	0	0	0	0	16	0	0	0	0	0	0	0	0	0	0	0	0	0	0	0	0	0	0	0	0	0	0	0	0	0	0	0	0	0	0	0	0	0	0	0	0	0	0	0	0	0	0	0	0	0	0	0	0	12	0	0	0	0	2	0	0	0	0	0	0	0	0	0	0	0	0	0	0	0	0	0	0	0	0	0	0	0	0	0	0	0	0	0	0	0	0	0	0	0	0	0	0	0	0	0	4	0	0	0	0	0	0	0	0	0	0	0	0	0	0	0	0	0	0	0	0	0	0	0	0	0	0	0	0	0	0	0	0	0	0	0	0	0	0	0	0	0	0	0	0	0	0	0	0	0	0	0	5	0	0	0	0	0	0	0	0	24	0	0	0	0	0	0	0	0	0	0	0	0	0	30	0	0	0	0	0	0	0	0	0	0	0	0	1	0	0	0	0	0	0	0	0	0	0	0	0	0	0	0	0	0	0	0	0	0	0	1	0	0	0	0	0	0	0	0	0	0	5	0	45	0	0	2	16	0	0	30	64	0	0	0	0	0	0	0	0	0	0	0	0	0	0	0	0	0	0	0	0	0	0	23	0	0	0	0	0	0	0	22	0	0	0	0	0	0	0	0	0	1	0	0	0	0	0	0	0	0	0	0	0	0	0	0	0	146	0	0	0	0	0	0	0	3	66	0	0	0	0	0	6	0	0	0	0	0	0	0	0	248	0	0	0	0	0	0	0	8	0	0	0	0	0	0	0	118	0	0	0	0	0	0	0	0	99	0	191	0	0	0	1	0	0	0	0	0	0	0	0	1	0	0	0	0	0	0	0	0	79	7	0	0	0	0	1	2	0	0	0	0	0	0	3	0	0	84	0	0	46	3	3	0	0	0	73	0	0	0	0	1	0	46	0	0	57	0	0	0	0	0	0	0	6	0	0	0	0	0	34	137	42	0	0	0	0	0	0	12	134	1	0	0	0	25	0	46	58	0	0	0	0	0	35	52	97	0	20	0	73	72	0	30	0	225	0	177	0	44	0	0	0	0	136	0	7	185	50	0	0	0	53	0	31	2	0	0	101	0	0	0	44	52	0	122	0	0	0	174	0	13	16	0	107	0	156	166	0	0	0	1	113	87	52	68	0	175	0	24	64	0	2	69	0	45	0	0	0	0	0	0	5	0	0	7	187	106
19	0	0	0	0	0	0	0	0	0	0	0	0	0	0	0	0	0	0	0	0	0	0	0	0	0	0	0	0	0	6	0	0	0	18	0	0	0	0	0	0	0	0	0	0	0	0	0	0	0	0	0	0	0	0	0	0	0	0	0	0	0	0	0	0	0	0	0	0	0	0	0	0	0	0	0	0	0	0	0	0	0	0	0	0	0	0	0	0	0	0	0	0	0	0	0	0	0	0	0	0	0	0	0	1	0	0	0	0	0	0	0	0	0	0	0	0	0	13	0	0	0	0	0	0	0	0	0	0	0	26	0	0	0	0	0	0	0	0	0	0	0	0	0	0	0	0	0	0	0	0	0	0	0	0	0	0	0	0	0	0	0	0	0	0	0	0	0	0	0	19	0	0	0	0	3	0	0	0	0	0	0	37	0	0	18	0	0	0	0	0	0	0	0	0	0	0	0	0	0	6	0	0	0	0	0	0	0	2	0	0	0	0	0	0	0	0	0	0	0	0	0	0	0	0	0	0	0	0	0	0	0	0	0	0	0	0	0	2	0	0	0	0	0	0	0	9	0	0	0	8	0	0	0	0	0	0	0	0	0	0	0	0	0	0	0	0	0	0	0	0	0	0	1	0	6	0	0	0	0	0	0	0	0	0	75	0	0	0	0	0	0	0	0	0	3	0	0	0	7	0	0	0	0	0	0	0	0	0	0	0	0	0	0	2	0	0	3	0	0	0	0	0	0	0	35	0	0	0	0	0	0	0	0	0	0	0	0	0	3	0	0	6	0	0	0	0	0	0	0	0	0	0	0	0	0	0	0	0	0	1	0	0	0	0	0	0	0	0	0	0	0	33	0	0	0	0	0	0	0	1	0	0	0	0	0	0	0	0	0	0	0	0	0	0	26	0	0	0	0	0	0	2	0	0	0	0	11	0	0	0	0	0	0	0	0	18	0	0	0	0	0	0	0	0	0	0	0	0	0	0	0	0	0	0	0	20	0	0	0	0	0	0	0	0	0	0	0	0	0	0	0	0	0	0	0	0	0	0	4	0	0	0	0	0	0	0	0	0	0	0	0	11	0	0	0	0	0	0	0	0	0	0	0	49	0	0	0	0	0	0	0	0	0	0	0	0	0	0	0	0	0	0	0	0	0	0	0	0	0	0	0	0	0	0	0	0	0	0	0	0	0	0	0	0	0	0	0	0	0	2	0	0	6	0	0	0	0	0	0	0	0	0	0	0	0	0	0	0	0	0	0	0	0	0	0	1	0	0	0	0	0	0	0	0	1	0	0	0	0	0	0	0	0	0	0	0	0	0	0	0	0	0	0	0	0	0	0	0	0	0	0	0	0	0	0	0	0	0	0	0	0	0	0	0	0	0	0	0	0	203	0	0	0	0	0	0	0	0	0	0	67	0	0	0	0	0	0	0	0	0	0	0	0	1	0	0	0	0	0	0	0	0	0	0	0	0	0	0	0	0	0	0	0	0	0	5	0	0	0	0	0	0	0	0	0	0	0	0	0	0	0	0	0	0	1	0	0	0	0	0	0	0	0	0	0	0	0	0	0	0	0	0	0	0	0	0	0	0	0	0	0	0	0	0	0	0	0	0	0	167	29	0	0	0	0	0	0	125	0	0	0	0	69	0	0	0	2	0	0	0	0	21	0	0	0	0	0	0	0	0	0	0	0	0	0	0	0	0	0	8	0	0	0	0	220	0	0	0	0	0	0	48	0	0	0	0	0	0	0	122	0	0	0	0	0	0	0	438	0	176	0	0	144	0	0	0	0	110	14	0	0	0	0	0	0	0	0	1	0	0
20	0	0	0	0	0	0	0	0	0	0	0	0	0	0	0	0	0	0	0	0	0	0	0	0	0	0	0	0	0	0	0	0	0	0	0	0	0	0	0	0	0	0	0	0	0	0	0	0	0	0	0	0	0	0	0	0	0	0	0	0	0	0	0	0	0	0	0	0	0	0	0	0	0	0	0	0	0	0	0	0	0	0	0	0	0	0	0	0	0	0	0	0	0	0	0	0	0	0	0	0	0	0	0	44	0	0	0	0	0	0	0	0	0	0	0	0	0	0	0	0	0	0	0	0	0	0	0	0	0	0	0	0	0	0	0	2	0	0	0	0	0	0	0	0	0	0	0	0	0	0	0	0	0	0	0	0	0	0	0	0	0	0	3	0	0	0	0	0	0	0	0	0	0	0	0	0	0	0	0	0	0	0	0	0	0	0	0	0	0	0	0	0	0	0	0	0	0	0	0	0	0	0	0	0	0	0	0	0	0	0	0	0	0	0	0	0	0	0	0	0	0	0	0	0	0	0	0	0	0	0	0	0	0	0	0	0	0	0	3	0	0	0	0	0	0	0	0	0	0	11	0	0	0	0	0	0	0	0	0	0	0	0	0	0	0	0	0	0	0	0	0	0	0	0	25	0	0	0	0	0	2	0	0	0	0	0	0	0	0	0	0	0	0	0	0	0	0	0	0	0	0	0	0	0	0	0	0	0	0	0	0	0	0	10	0	0	2	0	0	0	0	0	0	0	0	0	0	0	0	0	0	0	0	0	0	0	0	0	0	0	0	0	0	0	0	0	0	0	0	0	0	0	0	0	0	0	0	0	0	0	0	0	0	0	0	0	0	0	0	0	0	0	0	0	0	0	0	0	0	0	0	0	0	0	0	0	0	0	0	0	0	0	0	0	0	0	0	0	0	0	0	0	0	0	0	0	0	0	0	0	0	0	0	6	0	0	0	0	0	0	0	0	0	0	0	0	0	0	0	0	0	0	0	4	0	0	0	0	0	0	0	0	0	0	0	0	0	0	0	0	0	0	0	0	0	0	0	0	0	0	0	0	0	0	0	0	0	0	0	0	0	0	0	0	0	0	0	0	0	9	0	0	34	0	0	0	0	0	0	9	0	0	0	1	22	0	0	0	0	0	0	0	0	0	0	0	0	0	0	0	0	0	0	0	0	12	0	0	0	0	0	6	0	0	0	0	0	0	0	0	0	0	0	0	0	0	0	0	0	0	0	0	0	0	0	0	0	0	0	0	0	0	0	0	0	0	0	0	0	0	0	0	0	0	0	0	0	0	0	0	0	0	0	0	0	0	1	0	0	0	0	0	0	0	0	0	0	0	0	0	0	0	0	0	0	0	0	0	0	0	0	0	0	0	0	0	0	0	0	0	0	0	0	0	0	0	0	0	0	0	145	0	0	0	0	3	0	0	0	0	0	0	0	0	0	0	0	0	0	0	0	0	0	0	0	0	0	0	0	0	0	0	0	0	0	0	0	0	0	0	0	0	0	0	0	0	0	0	0	0	0	0	0	0	0	0	0	0	0	0	0	0	0	0	0	0	0	0	0	0	0	0	0	0	0	0	0	0	0	0	0	0	0	0	0	0	0	0	0	0	0	0	0	0	0	0	0	82	1	0	0	0	33	0	0	0	0	0	0	0	0	0	0	0	0	0	0	0	0	4	0	0	0	0	0	0	0	0	0	0	0	0	0	0	0	36	0	0	0	0	0	9	0	0	0	0	0	0	0	23	0	0	0	0	0	189	0	71	0	147	0	0	46	0	0	0	0	0	0	0	0	0	0	0	19	0	0	0	8	0
21	0	0	0	0	0	0	0	0	0	0	0	0	8	0	0	0	0	0	0	0	0	0	0	0	0	0	0	0	0	0	0	0	0	0	0	0	11	0	0	0	0	0	0	0	0	0	0	0	0	0	0	0	0	0	0	0	0	0	51	0	0	0	0	0	0	0	0	0	0	0	0	0	0	0	0	0	0	0	0	0	0	0	0	0	0	0	0	0	0	0	0	0	0	0	0	0	0	0	0	0	3	0	0	0	0	0	0	0	0	0	0	0	0	0	0	0	0	0	0	0	0	0	0	0	0	0	0	0	0	0	0	0	0	0	0	0	0	0	0	0	0	0	0	0	0	0	0	0	0	1	0	0	2	0	0	0	0	0	0	0	0	0	0	0	60	0	0	0	0	0	0	4	0	2	0	0	0	35	0	0	0	0	0	0	0	0	0	0	0	0	0	9	0	0	0	0	0	0	0	0	0	0	0	0	0	0	0	0	0	0	0	0	0	0	0	0	0	0	0	0	0	0	0	0	0	3	0	1	0	0	0	0	0	0	0	0	0	0	0	0	0	0	0	0	0	0	0	0	25	0	0	0	14	1	0	0	0	0	0	0	103	8	0	0	0	0	0	0	0	0	1	0	0	0	0	0	0	0	0	19	1	0	0	0	0	0	57	5	0	0	0	0	0	0	0	0	0	0	0	0	0	0	0	0	0	31	0	0	4	0	0	1	0	0	0	0	3	0	5	1	0	0	1	0	0	0	0	0	0	0	0	0	0	0	0	0	0	0	0	0	0	6	0	0	31	0	0	0	0	0	7	0	0	0	0	0	52	0	0	0	0	0	0	0	0	0	0	0	0	0	0	0	1	0	0	0	0	25	0	0	0	0	0	0	0	1	0	0	0	15	0	0	0	0	0	0	0	0	0	0	1	0	0	0	0	8	0	0	0	0	0	0	1	0	34	1	0	0	11	0	0	0	0	0	0	0	0	0	3	0	1	0	0	0	0	0	0	0	8	0	0	0	26	0	0	0	25	0	0	0	33	0	16	0	0	99	0	0	0	0	0	0	1	0	0	0	0	0	0	0	0	0	1	11	3	0	2	0	5	0	34	0	0	0	0	0	0	0	0	0	0	0	0	0	0	0	0	2	0	0	0	0	0	1	0	0	2	0	0	0	0	0	0	0	11	12	0	1	0	0	0	0	1	2	0	0	0	0	0	0	0	0	2	0	0	0	0	0	0	0	1	0	0	1	0	0	0	0	0	1	0	0	0	0	0	0	0	27	0	0	0	0	0	0	0	0	0	0	1	0	0	0	0	0	13	0	11	0	0	1	56	0	0	0	0	0	12	0	0	0	0	0	54	0	0	0	0	0	0	0	0	0	0	0	1	0	4	0	0	0	0	0	0	0	0	14	0	0	0	0	58	30	0	0	40	0	0	0	0	0	0	0	0	0	3	20	0	0	0	0	0	0	0	0	53	0	0	0	35	0	0	0	0	0	0	0	0	0	0	0	1	0	0	1	0	0	0	0	0	0	0	0	0	1	0	0	0	0	0	0	0	0	0	0	0	0	0	0	0	0	0	0	0	0	0	0	0	0	0	1	0	0	0	1	45	0	0	0	0	0	0	0	0	0	0	0	0	85	0	0	34	0	82	0	2	0	0	0	0	1	0	0	0	0	0	0	0	1	0	12	6	0	0	0	0	4	0	0	0	0	0	0	0	88	8	0	0	0	0	0	0	46	0	0	0	0	0	0	0	0	0	1	0	0	0	0	0	50	0	69	0	0	63	0	0	0	0	0	0	0	0	0	1	0	0	0	26	11	0	0
22	0	0	0	0	0	0	0	0	0	0	0	0	0	0	0	0	0	0	0	0	5	60	0	0	0	0	0	0	0	0	0	0	0	0	31	0	0	0	21	0	0	0	0	0	0	0	0	0	0	0	0	0	0	0	0	0	54	0	0	0	0	0	0	0	0	0	0	0	0	0	0	0	0	0	0	0	0	0	0	0	0	0	0	0	0	0	0	0	0	0	0	0	0	0	0	0	0	0	0	0	0	0	0	0	0	0	0	0	0	0	0	0	0	0	9	0	0	0	0	2	40	0	0	0	40	9	0	2	0	0	0	4	0	0	0	0	0	0	0	0	0	0	0	0	0	0	0	0	33	0	0	0	0	0	0	0	2	0	0	0	0	0	0	6	2	0	0	0	0	0	0	0	0	0	0	0	0	12	3	0	0	0	0	0	0	0	0	0	0	0	75	0	55	0	0	0	0	0	0	0	0	0	16	1	0	0	0	0	0	0	0	0	0	0	0	0	0	0	0	0	0	0	0	0	0	0	0	0	0	0	0	0	0	0	0	0	0	0	1	0	0	0	0	3	0	0	0	0	0	0	0	0	0	0	0	0	0	0	131	2	0	0	0	0	0	0	0	0	0	0	0	0	0	0	24	0	0	0	1	12	2	0	0	0	0	0	2	0	5	0	0	3	0	0	0	0	0	0	4	0	0	0	0	0	0	0	0	0	0	0	0	0	0	9	0	0	0	0	0	0	0	0	0	0	0	12	0	0	5	0	0	0	0	14	0	0	1	0	0	0	0	0	29	0	0	0	0	0	0	0	0	0	0	0	0	0	0	0	0	0	0	0	0	0	27	0	0	0	0	1	0	0	7	0	0	0	0	0	0	0	0	0	0	0	72	0	0	0	0	0	0	0	0	0	0	0	0	0	0	0	0	0	0	0	1	0	0	0	0	0	0	0	0	0	0	0	0	0	36	0	0	0	0	0	0	0	0	0	0	0	0	0	0	0	0	0	3	0	0	0	0	0	0	0	0	0	0	0	0	0	0	0	0	0	0	0	0	0	0	8	0	0	0	0	0	0	0	0	0	0	0	50	0	18	0	0	1	0	0	0	25	0	0	0	2	0	0	0	0	0	0	0	0	0	0	0	0	0	0	9	0	0	0	0	0	0	0	0	0	0	0	0	0	0	0	0	0	0	0	0	0	0	0	0	0	0	0	1	0	0	0	0	0	0	0	0	0	0	0	0	0	0	0	0	0	0	0	0	0	0	0	0	0	0	0	0	0	0	0	0	0	0	0	0	0	0	0	0	27	0	0	0	0	0	0	0	0	0	0	0	0	2	52	0	0	0	0	0	0	0	0	0	0	0	0	0	0	0	0	0	0	0	0	0	0	0	0	0	0	0	0	0	0	0	0	0	0	0	0	0	0	0	0	0	0	0	0	0	0	0	0	0	0	0	0	0	0	0	11	0	0	0	0	0	0	0	0	0	0	0	0	0	0	0	0	0	0	0	0	0	0	0	0	0	0	0	0	0	0	0	0	0	0	0	1	0	0	0	0	2	0	0	3	0	0	0	0	0	0	0	0	0	0	0	0	0	0	0	0	0	0	0	5	0	0	0	0	0	0	0	0	0	0	0	0	0	0	153	0	0	2	0	0	25	0	0	0	0	0	0	0	0	0	0	0	0	0	0	39	0	0	0	0	0	0	0	2	0	0	0	0	0	0	0	142	0	0	0	0	0	0	21	0	0	0	0	0	0	5	23	0	0	1	0	0	0	0	79	0	58	1	0	245	0	0	0	0	0	0	1	0	0	0	0	0	0	0	0	52	0
23	0	0	0	0	0	0	0	0	0	0	0	0	0	0	0	0	0	0	0	0	0	0	0	0	0	0	0	0	0	0	0	0	0	0	0	0	0	0	0	0	0	0	0	0	0	0	0	0	0	0	0	0	0	0	0	0	0	0	0	0	0	0	0	0	0	0	0	0	0	0	0	0	0	0	0	0	0	0	0	0	0	0	0	0	0	0	0	0	0	0	0	0	0	0	0	0	0	0	0	0	0	0	0	0	0	0	0	0	0	0	0	0	0	0	0	0	0	0	0	0	0	0	0	0	0	0	0	0	0	0	0	0	0	0	0	0	0	0	0	0	0	0	0	0	0	0	0	0	0	0	0	0	0	0	0	0	0	0	0	0	0	0	0	0	0	0	0	0	0	0	0	0	0	0	1	0	0	0	17	0	0	0	0	0	0	0	0	0	0	0	0	0	0	0	0	0	0	0	0	0	0	0	0	0	0	0	0	0	0	0	2	0	0	0	0	0	0	0	0	0	0	0	0	0	0	0	0	0	0	0	0	0	0	0	0	0	0	2	0	0	0	0	0	0	0	16	0	0	0	0	0	0	0	0	0	5	0	0	0	0	0	0	0	0	0	0	0	0	0	0	0	0	0	0	0	0	0	0	0	0	0	0	0	0	0	0	0	0	0	0	0	0	0	0	0	0	1	0	14	0	0	0	0	0	0	0	0	0	0	0	0	0	0	0	0	0	0	0	0	0	0	0	0	0	2	0	0	0	0	0	0	0	0	0	0	0	0	0	0	0	0	0	0	0	0	0	0	0	0	0	0	0	0	0	2	0	0	0	0	0	0	0	0	0	0	0	0	0	0	0	0	0	0	0	0	0	0	0	0	0	0	1	0	0	0	0	0	0	0	0	0	0	0	0	0	1	0	0	0	0	0	0	0	0	0	0	0	0	0	0	17	0	0	0	0	0	0	0	0	0	0	0	0	0	0	0	0	0	0	0	0	0	0	0	0	0	0	0	0	6	0	0	0	0	0	0	0	0	0	0	0	0	0	0	0	0	0	0	0	0	0	0	19	0	0	0	0	0	0	0	0	0	0	0	0	0	0	0	0	0	0	0	0	48	0	0	0	0	0	0	0	21	0	0	0	0	0	0	0	0	0	0	0	0	0	0	0	0	0	0	0	0	0	0	0	0	0	0	0	0	0	0	0	0	0	0	0	0	0	0	0	0	0	0	0	0	0	0	0	0	0	0	0	0	0	0	0	16	0	0	0	0	0	0	0	0	0	0	0	1	0	0	0	0	0	0	0	0	0	0	0	0	0	0	0	0	1	0	0	0	0	0	0	0	0	0	0	0	0	16	0	0	0	0	0	0	0	0	0	0	0	0	0	0	2	0	0	0	0	25	0	0	0	0	0	0	0	0	0	0	94	0	0	0	0	0	0	0	0	0	0	0	0	0	0	116	0	0	0	0	0	0	0	0	0	0	0	0	0	0	0	0	0	0	0	0	0	0	0	80	0	0	0	0	0	0	0	0	0	0	0	0	0	0	0	0	0	0	0	0	0	0	0	0	0	0	0	0	0	0	0	0	79	0	0	0	0	0	0	0	0	0	124	0	0	0	0	0	0	122	29	0	0	0	0	0	0	64	0	0	19	27	50	167	0	0	0	0	0	0	0	73	0	0	0	0	0	0	0	0	0	0	0	0	0	0	38	0	0	4	0	0	0	4	8	0	0	32	0	0	0	101	0	0	0	0	14	0	91	150	0	0	0	0	0	89	0	57	0	71	0	0	89	6	0	0	0	274	0	0	0	0	0	0	0	0	0	10	23	0
24	0	0	0	0	0	0	63	0	0	0	0	0	0	0	0	0	0	0	0	0	0	0	0	0	0	0	0	0	0	0	0	0	0	0	0	0	0	0	0	0	119	0	0	0	0	0	0	0	0	0	1	0	82	0	0	0	0	0	0	0	0	0	22	0	0	0	0	0	0	8	0	0	0	0	0	0	0	0	0	0	0	0	0	0	0	0	0	0	0	0	0	0	0	0	0	0	0	0	0	0	0	0	0	0	0	0	0	0	0	0	0	0	0	0	0	0	0	0	0	0	0	0	0	0	0	0	6	17	0	0	0	0	1	0	0	0	0	0	0	0	0	0	4	0	0	0	0	0	0	0	0	0	0	0	0	0	0	0	0	0	0	0	0	0	0	0	0	0	0	0	0	1	0	0	0	9	0	2	0	0	0	0	0	0	0	0	0	0	0	0	0	25	0	0	0	0	0	0	3	0	0	0	0	0	1	0	0	0	0	0	0	0	0	0	1	0	0	0	0	0	0	0	0	0	0	0	0	0	0	0	0	0	0	0	3	0	14	0	0	0	18	0	0	0	0	0	0	0	0	0	0	0	0	0	0	5	5	0	2	0	0	0	0	0	0	0	0	68	0	0	0	0	0	0	0	0	0	0	0	0	0	0	0	2	0	1	5	0	0	0	0	0	0	0	0	0	0	0	0	0	0	11	1	0	0	1	0	0	3	0	0	0	3	1	0	0	6	0	0	1	0	0	1	5	0	0	0	1	0	0	0	0	0	42	0	0	0	0	1	0	0	24	0	0	132	0	0	0	0	0	0	0	0	0	0	0	1	0	0	0	19	0	0	0	0	0	0	0	0	0	0	0	0	0	0	0	0	0	3	0	0	0	0	0	24	0	0	0	0	0	0	28	0	0	0	0	0	0	0	0	0	66	0	0	15	0	7	0	0	0	0	6	0	0	0	0	0	0	0	0	0	0	0	0	0	0	0	0	0	0	0	0	0	0	0	0	0	0	0	0	0	0	0	0	1	0	0	0	0	0	0	0	0	0	0	0	0	0	10	0	0	0	0	0	0	0	0	0	0	0	0	1	0	0	0	0	0	0	0	0	0	0	0	0	1	0	0	0	11	0	0	0	12	0	12	0	0	0	0	0	0	0	0	0	0	0	0	0	0	0	0	0	0	0	0	0	0	0	0	0	0	0	0	0	0	23	0	0	0	0	0	0	0	0	0	0	0	0	0	0	0	1	0	0	0	0	0	0	0	0	0	0	0	0	29	2	0	0	0	0	0	0	0	0	0	0	0	0	0	0	0	0	0	0	0	0	0	0	1	0	0	0	0	0	0	0	0	0	0	0	0	0	0	0	0	0	0	0	0	0	0	0	0	0	0	0	0	0	0	169	0	0	0	0	0	0	0	0	0	0	39	0	0	0	0	0	0	0	0	0	0	7	0	0	0	0	0	0	0	0	1	0	0	0	0	0	0	0	0	0	0	0	0	28	0	0	0	0	0	0	0	0	0	0	0	0	0	0	0	0	0	0	0	0	0	0	13	0	0	0	0	0	0	0	0	0	0	0	38	0	0	0	0	0	0	0	0	0	0	0	0	0	8	23	27	0	0	49	0	15	0	0	0	1	0	0	0	172	0	0	0	0	156	111	0	0	0	0	0	0	0	50	0	0	0	0	0	0	0	0	0	2	0	0	0	0	0	0	0	0	0	0	0	0	108	0	0	28	2	0	0	6	0	0	0	0	14	0	37	18	0	0	0	0	0	7	0	90	1	49	0	0	142	0	0	0	0	23	0	0	0	0	0	0	0	0	0	1	44	0
