0	0	0	0	0	0	0	0	0	0	0	0	0	0	0	0	0	0	0	0	0	0	0	0	0	0	0	0	0	0	0	0	0	0	0	0	0	0	0	0	0	0	0	0	0	0	0	0	0	0	0	0	0	0	0	0	0	0	0	0	0	0	0	0	0	0	0	0	0	0	0	0	0	0	0	0	0	0	0	0	0	0	0	0	0	0	0	0	0	0	0	0	0	0	0	0	0	0	0	0	0	12	12	12	12	12	12	12	12	12	12	12	12	12	12	12	12	12	12	12	12	12	12	12	12	12	12	12	12	12	12	12	12	12	12	12	12	12	12	12	12	12	12	12	12	12	12	12	12	12	12	12	12	12	12	12	12	12	12	12	12	12	12	12	12	12	12	12	12	12	12	12	12	12	12	12	12	12	12	12	12	12	12	12	12	12	12	12	12	12	12	12	12	12	12	12	12	12	12	12	12	24	24	24	24	24	24	24	24	24	24	24	24	24	24	24	24	24	24	24	24	24	24	24	24	24	24	24	24	24	24	24	24	24	24	24	24	24	24	24	24	24	24	24	24	24	24	24	24	24	24	24	24	24	24	24	24	24	24	24	24	24	24	24	24	24	24	24	24	24	24	24	24	24	24	24	24	24	24	24	24	24	24	24	24	24	24	24	24	24	24	24	24	24	24	24	24	24	24	24	24	48	48	48	48	48	48	48	48	48	48	48	48	48	48	48	48	48	48	48	48	48	48	48	48	48	48	48	48	48	48	48	48	48	48	48	48	48	48	48	48	48	48	48	48	48	48	48	48	48	48	48	48	48	48	48	48	48	48	48	48	48	48	48	48	48	48	48	48	48	48	48	48	48	48	48	48	48	48	48	48	48	48	48	48	48	48	48	48	48	48	48	48	48	48	48	48	48	48	48	48	72	72	72	72	72	72	72	72	72	72	72	72	72	72	72	72	72	72	72	72	72	72	72	72	72	72	72	72	72	72	72	72	72	72	72	72	72	72	72	72	72	72	72	72	72	72	72	72	72	72	72	72	72	72	72	72	72	72	72	72	72	72	72	72	72	72	72	72	72	72	72	72	72	72	72	72	72	72	72	72	72	72	72	72	72	72	72	72	72	72	72	72	72	72	72	72	72	72	72	72	96	96	96	96	96	96	96	96	96	96	96	96	96	96	96	96	96	96	96	96	96	96	96	96	96	96	96	96	96	96	96	96	96	96	96	96	96	96	96	96	96	96	96	96	96	96	96	96	96	96	96	96	96	96	96	96	96	96	96	96	96	96	96	96	96	96	96	96	96	96	96	96	96	96	96	96	96	96	96	96	96	96	96	96	96	96	96	96	96	96	96	96	96	96	96	96	96	96	96	96	120	120	120	120	120	120	120	120	120	120	120	120	120	120	120	120	120	120	120	120	120	120	120	120	120	120	120	120	120	120	120	120	120	120	120	120	120	120	120	120	120	120	120	120	120	120	120	120	120	120	120	120	120	120	120	120	120	120	120	120	120	120	120	120	120	120	120	120	120	120	120	120	120	120	120	120	120	120	120	120	120	120	120	120	120	120	120	120	120	120	120	120	120	120	120	120	120	120	120	120	144	144	144	144	144	144	144	144	144	144	144	144	144	144	144	144	144	144	144	144	144	144	144	144	144	144	144	144	144	144	144	144	144	144	144	144	144	144	144	144	144	144	144	144	144	144	144	144	144	144	144	144	144	144	144	144	144	144	144	144	144	144	144	144	144	144	144	144	144	144	144	144	144	144	144	144	144	144	144	144	144	144	144	144	144	144	144	144	144	144	144	144	144	144	144	144	144	144	144	144
0	0	0	0	0	0	0	0	0	0	0	0	0	0	0	0	0	0	0	0	0	0	0	0	0	0	0	0	0	0	0	0	0	0	0	0	0	0	0	0	0	0	0	0	0	0	0	0	0	0	0	0	0	0	0	0	0	0	0	0	0	0	0	0	0	0	0	0	0	0	0	0	0	0	0	0	0	0	0	0	0	0	0	0	0	0	0	0	0	0	0	0	0	0	0	0	0	0	0	0	0	100	100	100	100	100	100	100	100	100	100	100	100	100	100	100	100	100	100	100	100	100	100	100	100	100	100	100	100	100	100	100	100	100	100	100	100	100	100	100	100	100	100	100	100	100	100	100	100	100	100	100	100	100	100	100	100	100	100	100	100	100	100	100	100	100	100	100	100	100	100	100	100	100	100	100	100	100	100	100	100	100	100	100	100	100	100	100	100	100	100	100	100	100	100	100	100	100	100	100	100	100	100	100	100	100	100	100	100	100	100	100	100	100	100	100	100	100	100	100	100	100	100	100	100	100	100	100	100	100	100	100	100	100	100	100	100	100	100	100	100	100	100	100	100	100	100	100	100	100	100	100	100	100	100	100	100	100	100	100	100	100	100	100	100	100	100	100	100	100	100	100	100	100	100	100	100	100	100	100	100	100	100	100	100	100	100	100	100	100	100	100	100	100	100	100	100	100	100	100	100	100	100	100	100	100	100	100	100	100	100	100	100	100	100	100	100	100	100	100	100	100	100	100	100	100	100	100	100	100	100	100	100	100	100	100	100	100	100	100	100	100	100	100	100	100	100	100	100	100	100	100	100	100	100	100	100	100	100	100	100	100	100	100	100	100	100	100	100	100	100	100	100	100	100	100	100	100	100	100	100	100	100	100	100	100	100	100	100	100	100	100	100	100	100	100	100	100	100	100	100	100	100	100	100	100	100	100	100	100	100	100	100	100	100	100	100	100	100	100	100	100	100	100	100	100	100	100	100	100	100	100	100	100	100	100	100	100	100	100	100	100	100	100	100	100	100	100	100	100	100	100	100	100	100	100	100	100	100	100	100	100	100	100	100	100	100	100	100	100	100	100	100	100	100	100	100	100	100	100	100	100	100	100	100	100	100	100	100	100	100	100	100	100	100	100	100	100	100	100	100	100	100	100	100	100	100	100	100	100	100	100	100	100	100	100	100	100	100	100	100	100	100	100	100	100	100	100	100	100	100	100	100	100	100	100	100	100	100	100	100	100	100	100	100	100	100	100	100	100	100	100	100	100	100	100	100	100	100	100	100	100	100	100	100	100	100	100	100	100	100	100	100	100	100	100	100	100	100	100	100	100	100	100	100	100	100	100	100	100	100	100	100	100	100	100	100	100	100	100	100	100	100	100	100	100	100	100	100	100	100	100	100	100	100	100	100	100	100	100	100	100	100	100	100	100	100	100	100	100	100	100	100	100	100	100	100	100	100	100	100	100	100	100	100	100	100	100	100	100	100	100	100	100	100	100	100	100	100	100	100	100	100	100	100	100	100	100	100	100	100	100	100	100	100	100	100	100	100	100	100	100	100	100	100	100	100	100	100	100	100	100	100	100	100	100	100	100	100	100	100	100	100	100	100	100	100	100	100	100	100	100	100	100	100	100	100	100	100	100	100	100	100	100	100	100	100	100	100	100	100	100	100	100	100	100	100	100	100	100	100	100	100	100	100	100	100	100	100	100	100	100	100	100	100	100	100	100	100	100	100	100	100	100	100	100	100	100	100	100	100	100	100	100	100	100	100	100	100	100	100	100	100	100	100	100	100	100	100	100	100	100	100	100	100	100	100	100	100	100	100
1	0	0	0	0	0	0	0	0	0	0	0	0	0	0	0	0	0	0	0	0	0	0	0	0	0	0	0	0	0	0	0	0	0	0	0	0	0	0	0	0	0	0	0	0	0	0	0	0	0	0	0	0	0	0	0	49	0	0	0	0	0	0	0	0	0	0	0	0	0	0	0	0	0	0	0	0	0	0	0	0	0	0	0	0	0	0	0	0	0	0	0	0	0	0	0	0	0	0	0	0	0	0	0	8	7	0	0	0	0	0	6	0	0	0	0	20	0	0	0	104	0	0	0	0	17	14	25	0	0	0	18	0	99	0	0	0	2	29	0	0	14	0	6	19	15	0	6	0	0	0	0	0	0	0	7	0	18	0	0	0	0	0	11	0	105	0	71	0	0	6	34	0	0	8	61	0	35	0	13	0	0	0	0	12	0	62	0	0	0	1	20	0	1	9	18	51	0	40	7	25	23	0	0	4	0	0	0	6	66	0	43	47	0	9	0	3	45	5	0	0	0	109	14	0	5	0	2	14	0	81	0	0	2	14	0	0	0	0	9	6	34	0	10	0	0	17	0	0	141	0	0	2	4	0	4	0	3	1	57	85	3	93	1	8	0	18	24	0	26	0	4	0	0	0	31	0	0	2	0	2	0	0	0	0	97	91	17	0	0	0	0	0	2	0	8	213	0	10	2	1	34	2	48	103	60	0	0	38	0	0	114	17	58	2	132	7	0	120	0	29	0	0	44	107	0	1	0	46	0	67	2	0	61	67	6	17	11	9	0	50	0	0	0	39	0	111	1	0	89	14	3	25	0	39	1	0	0	1	1	25	2	70	0	62	11	0	33	15	0	66	0	2	186	0	13	13	0	2	34	0	26	16	1	13	0	7	0	0	11	1	0	0	17	0	56	0	12	4	10	1	0	38	79	2	9	384	33	54	33	36	0	0	5	2	28	0	0	67	62	0	19	163	74	108	130	26	6	0	0	35	0	74	41	106	1	12	0	0	50	43	206	0	0	0	4	1	11	1	1	158	37	23	82	2	159	72	64	117	125	27	11	3	11	256	2	30	19	0	52	7	1	27	3	46	25	4	28	2	4	3	10	79	86	10	11	0	103	0	28	97	95	0	33	57	47	0	180	295	74	34	16	84	80	5	44	31	30	117	0	85	0	52	5	144	45	232	131	128	18	3	0	109	85	1	9	55	71	47	47	6	0	0	25	179	19	0	38	3	12	29	65	147	120	54	111	150	0	0	19	84	3	76	236	89	171	25	1	19	80	226	27	1	0	32	25	0	17	45	70	26	59	284	0	0	0	250	0	0	154	37	164	42	61	47	70	36	32	113	17	0	81	222	85	150	7	176	69	0	152	79	144	51	363	57	22	0	133	31	99	31	159	70	0	1	2	24	45	114	23	94	52	105	114	64	1	169	154	83	162	90	100	159	102	125	1	70	3	105	33	163	0	31	140	55	52	70	187	0	83	112	108	5	70	53	0	37	0	351	42	89	3	167	102	9	28	23	1	3	51	22	3	120	112	3	121	1	13	102	111	0	217	46	125	4	91	33	154	42	40	67	2	24	0	240	115	83	159	129	81	179	16	306	12	203	0	55	0	57	340	61	72	0	15	139	89	0	90	160	119	201	0	38	34	120	33	112	19	76	172	28	0	67	0	85	95	15	65	42	42	91	125	80	230	85	0	184	147	139	8	55	10	80	155	126	84	73	96	33	247	311	43	5	97	81	74	18	101	170	113	99	146	242	16	10	96	60	95	87	0	68	55	31	60	275	100	57	146	70	8	68	67	114	94	94	25	25	81	22	19	101
2	0	0	0	0	0	0	0	0	0	0	0	0	0	0	0	0	0	0	0	0	0	0	0	0	0	0	0	0	0	0	0	0	0	0	0	0	0	0	0	0	0	0	0	0	0	0	0	0	0	0	0	0	0	0	0	0	0	14	0	0	0	0	0	0	0	0	0	0	0	0	0	0	0	0	0	0	0	0	0	0	0	0	0	0	0	0	0	0	0	0	0	0	0	0	0	0	0	0	0	0	182	4	0	0	17	0	0	0	94	44	0	0	1	0	89	0	30	0	5	0	9	3	0	80	64	0	0	4	6	11	0	63	10	0	35	0	3	0	0	19	0	39	73	0	0	0	0	16	10	0	0	14	0	0	2	12	9	0	0	25	0	0	0	0	0	0	0	3	0	6	0	28	2	0	5	2	0	0	0	0	0	0	4	0	37	0	0	0	35	0	0	10	0	0	0	3	0	38	8	23	0	48	53	0	3	34	0	65	27	0	0	0	176	24	0	49	24	0	6	0	4	9	1	66	67	1	0	0	0	4	0	0	5	14	0	14	14	78	16	0	47	88	66	0	6	0	0	100	35	15	15	3	0	1	0	0	5	88	0	11	0	0	71	1	73	119	23	6	0	39	0	0	0	0	0	26	25	0	4	38	160	3	16	29	4	0	54	0	0	0	0	0	9	34	0	119	1	14	15	21	71	133	0	18	5	4	20	25	100	330	109	191	112	18	53	86	76	39	4	40	26	185	162	143	72	1	0	54	1	22	0	4	244	0	1	4	6	0	107	50	0	170	0	59	0	60	43	1	4	0	0	1	8	0	95	1	19	0	34	17	2	10	7	0	2	6	102	17	6	77	121	0	42	0	0	57	76	110	34	116	1	4	134	3	0	4	214	31	0	2	6	32	0	8	1	2	22	97	75	0	1	108	98	190	128	78	56	346	107	20	22	17	48	47	8	0	31	63	92	0	12	101	5	170	173	2	21	24	0	59	0	31	153	77	0	96	7	75	59	188	138	0	15	1	0	17	50	54	3	180	23	2	154	12	11	0	39	219	31	13	3	0	109	58	31	48	8	121	91	2	3	103	25	0	3	35	141	0	118	39	21	37	4	24	4	86	128	1	0	63	63	131	0	303	84	35	16	59	0	79	100	48	123	0	22	49	101	65	3	99	1	21	137	194	72	137	33	85	65	135	0	54	75	203	13	60	23	79	23	0	64	145	58	148	76	53	109	88	22	58	108	140	194	127	70	30	0	0	115	102	134	201	126	52	38	180	15	6	221	25	172	2	111	0	68	1	126	83	95	13	131	5	0	37	2	79	15	1	32	55	56	107	68	118	95	107	53	86	156	0	105	97	117	84	144	105	145	0	17	72	23	184	69	179	50	18	66	54	138	66	120	59	89	5	0	29	151	32	167	47	142	55	0	198	290	263	54	222	383	91	71	67	13	63	62	33	1	53	24	153	11	58	37	35	128	163	99	6	22	119	159	232	133	14	23	93	3	269	45	73	0	39	118	37	133	152	0	64	69	112	0	106	76	196	0	30	11	41	90	107	82	70	0	157	64	98	174	42	179	98	1	0	12	54	120	176	152	160	149	148	0	54	190	73	0	30	0	19	50	232	130	0	65	54	63	52	78	45	46	61	41	137	114	155	63	196	1	73	53	43	27	153	8	299	75	189	59	47	188	66	41	46	131	35	0	37	6	10	36	70	78	17	133	49	188	129	114	56	7	66	46	23	138	168	136	60	246	23	75	76	190	101	105	59	13	184	88	179	7	26	85	228	52	100	26	155	54	99	0	101	0	54	78	23	168	45	89	51	0	67
3	0	0	0	0	0	0	0	0	0	0	0	0	0	0	0	0	0	0	0	0	0	0	0	0	0	0	0	0	0	0	0	0	0	0	0	0	0	0	0	0	0	0	0	0	0	0	0	0	0	0	0	0	0	0	0	0	0	0	0	0	0	0	0	0	0	0	0	0	0	0	0	0	13	0	0	0	0	160	0	0	0	0	0	0	0	0	0	0	0	0	0	0	0	0	0	0	0	0	0	0	0	0	0	0	0	0	0	0	0	0	0	0	0	0	0	0	0	0	0	0	0	0	0	0	0	0	0	0	0	0	0	0	0	0	0	0	0	0	0	0	0	0	0	0	0	0	0	0	0	0	0	0	0	0	0	0	0	0	0	0	0	0	0	0	0	0	0	0	0	0	0	0	0	0	0	0	0	27	0	0	0	0	0	0	0	0	0	0	0	0	0	0	0	0	0	0	2	0	0	0	0	0	0	0	0	0	0	0	0	0	0	0	0	0	0	0	32	0	0	0	0	38	0	0	0	0	0	0	0	10	0	0	0	0	0	124	0	0	0	0	0	0	5	0	0	0	0	0	0	0	0	0	0	0	0	0	0	0	0	132	0	0	0	0	1	0	0	0	0	0	0	0	0	0	0	0	0	0	0	0	0	0	0	0	0	0	0	0	0	0	0	0	0	0	0	39	0	0	0	0	69	0	0	118	0	0	0	0	0	0	44	27	32	22	46	111	37	142	0	81	0	2	91	163	4	0	0	0	0	0	0	0	132	0	25	0	0	0	108	236	0	59	0	41	0	67	0	0	0	0	1	2	0	0	0	0	0	0	24	83	0	66	0	0	0	0	110	0	10	0	6	0	84	0	0	0	0	85	49	97	0	0	1	0	0	0	54	0	0	0	28	0	0	0	0	0	30	25	0	0	0	71	123	0	128	169	80	79	23	24	0	0	0	0	0	0	0	1	135	0	0	72	0	251	181	0	0	0	0	101	0	167	214	153	0	321	0	1	75	73	165	0	0	0	0	0	0	0	0	12	0	20	367	0	311	68	101	43	83	0	0	0	33	39	0	70	159	166	46	0	5	222	24	0	53	39	52	0	37	122	164	0	0	56	0	0	13	0	0	208	54	0	0	35	44	7	118	44	0	100	60	30	123	7	118	83	124	79	0	40	0	123	6	159	74	207	95	69	157	0	0	98	65	62	0	111	167	213	0	0	173	0	0	224	2	0	15	136	0	98	36	53	76	90	118	34	0	0	54	59	13	78	11	1	150	43	0	0	91	111	110	7	57	1	17	0	0	60	139	0	160	0	0	18	0	59	0	0	107	19	46	60	90	73	90	45	61	38	97	0	78	130	262	113	133	224	36	0	140	123	143	101	35	105	33	3	48	109	88	116	297	7	2	0	0	111	108	93	23	168	250	20	0	78	204	71	10	48	210	105	56	19	81	127	41	26	0	57	118	110	0	183	93	123	31	121	102	0	190	168	109	18	43	163	0	140	0	124	150	29	0	76	96	87	67	19	0	54	14	19	0	368	145	23	0	0	0	110	158	0	78	26	15	336	174	109	66	76	258	54	0	0	0	99	79	193	124	83	38	87	0	103	109	128	0	66	0	158	90	105	59	0	108	34	161	0	244	79	25	131	0	102	0	97	60	151	0	150	28	57	0	132	0	182	114	34	20	5	156	62	126	45	218	22	0	95	30	13	13	50	30	73	216	514	170	139	62	78	27	9	48	33	83	35	19	57	174	129	94	27	125	51	170	130	77	52	5	32	0	12	111	12	59	112	62	114	180	433	0	15	0	41	56	109	156	128	95	6	0	25
4	0	0	0	0	0	0	0	0	0	0	0	0	0	0	0	0	0	0	0	0	0	192	0	0	0	0	0	0	0	0	0	0	0	0	0	0	0	0	0	0	0	0	0	0	0	0	0	0	0	0	0	0	0	0	0	0	0	0	0	0	0	0	0	0	0	0	0	0	0	0	0	0	0	0	0	0	0	0	0	0	0	0	0	0	0	0	0	0	0	0	0	0	0	0	0	0	0	0	0	0	0	0	0	0	0	0	4	0	0	0	0	0	0	0	0	0	0	0	0	21	0	0	0	0	0	0	0	0	0	0	0	4	0	0	0	0	0	0	0	0	0	0	0	0	0	0	0	0	0	0	0	0	0	0	0	0	0	0	0	0	0	0	0	0	0	0	0	0	0	57	0	0	0	0	0	0	0	0	0	0	0	0	0	0	0	0	14	0	0	0	0	0	0	0	0	0	0	0	0	0	0	0	0	0	0	0	0	0	0	0	0	0	0	0	0	24	40	0	0	0	0	0	0	0	0	0	0	0	0	0	0	0	0	0	0	11	0	0	0	0	0	0	2	0	0	0	0	0	0	0	0	0	0	0	0	0	0	0	0	40	0	0	1	0	0	43	0	0	0	0	0	0	0	0	0	0	0	0	0	0	0	0	0	0	0	0	0	0	0	0	0	0	0	0	0	0	0	0	0	0	13	0	0	224	0	0	0	0	0	0	93	30	0	0	98	6	0	5	0	14	0	13	0	234	0	0	0	68	0	0	0	0	0	0	0	0	7	0	30	8	0	30	0	28	0	205	0	0	0	0	0	0	0	0	0	0	0	0	0	26	0	0	0	0	0	0	22	0	0	7	0	0	15	0	0	0	0	0	155	2	0	0	0	0	0	0	5	0	0	0	2	0	0	0	0	0	47	2	0	0	0	0	7	13	175	195	123	89	38	23	0	0	4	0	22	0	0	82	204	0	0	92	0	63	69	0	0	0	0	24	0	120	34	194	0	32	0	0	141	176	48	0	0	0	0	0	0	0	0	40	0	0	1	0	129	22	71	0	162	0	0	0	153	55	0	0	5	12	29	0	0	95	0	0	18	0	116	0	182	1	0	0	8	14	0	0	71	0	0	3	198	0	0	140	67	65	30	132	0	60	0	49	2	22	40	191	67	93	0	258	0	28	232	90	36	222	72	8	61	0	0	79	83	86	0	37	15	9	0	0	17	15	0	32	222	0	0	21	0	88	250	123	121	72	19	16	0	0	59	122	25	117	188	30	115	61	0	0	20	28	9	0	32	0	8	0	0	75	26	0	76	14	1	17	0	143	0	0	193	0	34	63	31	204	55	107	44	86	47	0	125	186	21	20	1	59	64	0	1	82	19	0	128	144	22	0	50	140	251	0	130	92	0	1	0	112	66	33	92	51	1	38	0	4	12	57	102	64	145	7	1	0	26	28	150	105	0	83	0	171	0	186	20	3	14	90	159	0	98	118	0	0	0	120	0	94	0	81	209	29	0	133	10	14	34	133	0	0	42	0	0	208	167	34	10	0	0	2	270	9	114	57	4	22	137	21	74	106	68	105	0	0	0	3	34	187	87	26	62	199	0	0	0	34	0	105	0	330	28	55	13	0	0	14	30	1	45	46	2	63	0	151	0	0	0	54	0	91	265	193	0	50	0	73	11	5	170	0	150	23	31	10	164	9	0	186	88	30	9	3	153	33	37	91	129	7	92	1	0	46	18	15	275	90	0	0	270	40	79	118	186	0	122	31	15	0	54	146	0	0	137	35	49	82	80	124	231	34	0	17	0	0	175	37	107	81	18	13	0	61
5	0	0	0	0	0	0	0	0	0	0	0	0	0	0	0	0	0	0	0	0	0	0	0	0	0	0	0	0	0	0	0	0	0	0	0	0	0	0	0	0	0	0	0	32	77	0	0	0	0	0	0	0	0	0	0	0	0	0	0	0	0	0	0	0	0	0	0	0	0	0	0	0	0	0	0	0	0	0	0	0	0	0	0	0	0	0	0	0	0	0	0	0	0	0	0	0	0	0	0	0	0	0	2	0	0	0	0	0	0	38	0	0	0	0	0	0	0	0	18	0	0	0	0	0	0	5	0	0	0	0	0	0	0	0	21	0	0	0	0	0	0	0	0	0	0	0	0	0	0	0	0	0	0	0	0	0	0	0	0	0	0	0	0	0	0	0	0	0	0	0	0	9	0	0	35	0	0	0	96	22	0	0	0	0	0	0	0	0	0	15	0	0	0	0	0	0	0	0	0	0	0	0	0	0	0	0	0	0	0	0	1	0	0	0	0	0	50	0	0	0	0	0	0	0	3	0	0	0	0	0	0	0	0	0	0	16	0	7	4	0	0	0	79	0	0	0	0	10	0	0	0	0	0	0	0	0	1	0	0	1	0	2	0	0	0	0	29	0	0	0	0	23	0	0	0	18	0	0	0	0	0	0	0	0	0	0	0	0	0	0	0	0	0	0	0	62	0	0	0	0	211	0	0	85	0	0	0	0	0	1	31	0	115	0	119	2	0	145	0	20	0	1	14	185	18	1	0	33	0	0	0	0	81	0	3	0	0	0	149	22	0	3	0	371	0	132	0	0	0	0	0	0	0	0	0	0	0	0	0	39	0	36	0	0	20	0	54	0	110	7	0	0	221	0	0	7	0	189	8	22	0	0	0	1	0	0	9	17	0	0	0	0	0	0	0	0	80	33	0	0	5	30	29	7	298	153	127	34	78	0	0	0	0	0	0	0	0	232	91	0	0	40	0	127	41	0	44	0	0	9	0	54	132	90	0	128	0	0	229	228	39	0	0	0	0	0	0	0	0	28	128	0	93	0	202	5	29	171	100	2	0	0	136	22	0	7	22	24	11	0	1	100	0	0	0	0	59	0	178	3	1	0	0	135	0	0	60	0	0	51	15	0	0	196	51	7	73	61	0	138	13	143	24	0	4	61	69	164	0	69	0	37	125	134	29	15	69	22	175	0	0	45	20	122	30	18	82	0	0	0	146	0	10	7	102	0	0	36	0	56	90	100	273	61	29	51	0	0	32	14	22	256	142	103	57	86	0	0	23	116	27	0	159	9	175	0	0	92	127	0	24	0	0	0	0	273	0	0	97	10	73	21	37	167	75	16	89	52	186	0	231	133	101	56	2	34	70	0	5	32	83	0	33	153	21	0	129	196	63	4	167	97	0	0	0	125	148	127	246	32	35	4	1	86	67	53	316	35	43	9	19	48	51	50	183	110	1	160	9	29	0	52	41	68	60	57	198	14	65	11	38	60	0	20	23	37	0	63	32	19	0	144	113	1	45	19	0	105	52	37	0	47	50	272	0	0	6	22	130	0	269	50	0	29	59	101	104	23	139	12	0	0	0	17	217	140	158	155	209	116	0	0	1	76	0	47	0	50	150	331	106	0	46	159	181	0	26	100	111	95	0	44	0	0	4	111	0	63	45	205	39	169	0	28	1	44	142	70	53	61	30	66	50	347	0	12	177	17	35	84	53	150	37	148	24	103	41	0	0	62	26	145	30	66	0	2	82	50	37	63	9	10	53	576	119	0	54	118	1	1	117	214	36	71	75	31	220	145	0	56	5	19	238	73	27	94	22	11	0	85
6	0	0	17	0	0	0	0	0	0	0	0	0	0	0	0	0	0	0	0	0	0	0	0	0	0	0	0	0	0	0	0	0	0	0	0	0	0	0	0	0	0	0	0	0	0	0	0	46	0	0	0	0	0	0	0	0	0	0	0	0	0	0	0	0	0	0	0	0	0	0	0	0	0	0	0	0	0	0	0	0	0	0	0	0	0	0	0	0	0	0	0	0	0	0	0	0	0	0	0	0	0	0	0	0	0	0	0	0	0	0	0	0	0	0	0	0	0	0	0	0	0	0	0	0	0	0	0	0	0	0	0	0	0	0	0	0	0	0	0	0	4	0	3	0	0	0	0	12	0	0	0	0	0	0	0	0	0	0	0	0	0	0	0	0	0	0	0	0	0	0	0	0	0	0	18	0	0	0	0	0	0	0	0	0	0	0	0	91	0	0	0	0	0	0	0	0	0	0	0	11	57	0	0	0	31	4	0	0	0	23	7	0	3	0	0	85	177	0	0	0	17	14	0	43	0	0	0	5	0	111	0	0	0	0	0	0	8	0	39	0	0	1	157	0	0	0	0	1	0	0	0	0	0	20	18	0	3	10	0	158	0	0	59	0	6	203	0	0	0	0	5	0	0	0	0	8	0	0	0	0	0	0	10	14	0	0	0	0	0	3	0	0	0	0	58	61	0	0	0	0	36	0	1	155	0	4	0	0	0	6	122	135	75	52	62	35	1	80	0	122	2	55	19	26	0	0	0	112	0	0	0	0	16	5	4	0	0	0	8	4	0	128	2	104	0	121	1	1	0	0	0	33	6	0	0	0	0	0	0	48	2	0	0	0	0	0	162	0	1	5	0	0	58	0	0	51	0	46	139	145	0	0	0	9	0	0	7	0	0	0	0	0	0	0	5	0	50	86	31	0	0	7	43	115	120	72	86	42	145	63	0	4	0	225	0	0	1	176	59	32	0	19	0	211	93	0	0	0	0	39	0	164	79	16	0	309	0	0	25	104	75	0	0	0	1	0	0	2	0	112	19	139	64	0	52	44	51	29	40	0	0	2	137	62	0	45	166	5	25	0	3	40	35	0	0	0	41	0	61	110	1	30	19	393	30	0	19	0	57	107	93	0	0	138	152	3	49	49	0	61	50	178	5	0	227	123	126	309	49	131	0	10	182	71	78	46	142	43	321	0	0	157	78	116	0	74	118	123	0	0	12	6	24	102	23	0	10	73	13	197	84	43	87	160	52	76	0	0	117	49	93	58	161	36	15	48	0	0	40	141	37	2	15	16	83	0	41	29	296	4	42	3	2	49	0	39	0	5	61	12	224	48	281	54	60	63	59	62	48	0	144	65	133	146	9	105	50	0	7	91	75	68	61	136	60	30	180	80	67	59	15	58	34	1	0	71	28	69	113	39	1	115	0	409	91	80	19	19	74	53	92	32	81	88	30	53	0	290	1	77	39	100	128	85	65	162	90	16	11	154	90	41	91	224	0	62	0	265	70	106	0	215	128	340	164	82	0	73	161	83	0	87	66	49	28	1	0	57	10	76	245	120	28	86	59	70	193	104	139	232	6	1	0	211	102	78	234	82	206	15	0	94	50	21	0	34	0	178	52	50	57	0	44	51	52	0	70	80	22	72	2	101	0	37	114	20	0	151	64	39	0	37	0	196	55	124	108	258	125	89	92	118	66	35	0	21	135	132	4	140	46	68	162	22	58	42	173	49	19	30	82	97	48	139	224	79	181	96	82	42	189	101	79	68	34	136	48	13	0	89	47	101	230	69	52	151	166	61	1	31	2	178	159	20	12	276	20	49	0	92
7	0	0	0	0	4	0	0	0	0	0	0	0	0	0	0	0	0	0	0	0	0	0	0	0	0	0	0	0	0	0	0	0	0	0	0	0	0	0	0	0	0	0	0	0	0	0	0	0	0	0	0	0	0	0	0	0	36	0	0	0	0	0	0	0	0	0	0	0	0	0	0	0	0	0	0	0	0	0	44	0	47	0	0	0	0	0	0	0	0	0	0	0	0	0	0	0	0	0	0	0	77	0	0	0	0	0	0	0	0	0	0	0	0	0	0	0	0	0	0	0	0	0	0	0	0	0	0	0	0	0	3	7	41	0	0	0	0	0	0	0	112	0	17	0	2	0	0	0	0	0	0	0	0	0	0	0	0	0	0	0	0	0	0	0	0	1	0	0	0	0	0	0	0	0	0	0	0	0	0	0	0	0	0	0	0	0	0	0	0	0	0	0	0	0	0	0	0	0	0	0	0	43	0	0	0	0	0	0	3	0	0	4	0	0	0	0	104	0	0	0	0	32	0	55	49	0	0	0	0	36	0	0	0	3	0	9	0	8	0	0	0	15	51	0	0	0	0	0	44	0	0	18	0	0	0	0	0	22	39	14	6	35	0	0	87	174	0	0	0	35	119	0	0	0	0	1	0	0	0	0	0	0	6	0	0	0	0	11	0	0	0	3	0	0	2	21	0	0	0	0	222	3	0	85	0	0	0	84	0	10	31	138	68	81	179	86	1	31	21	39	0	10	138	68	59	0	1	162	0	59	0	0	58	0	19	0	0	0	112	199	0	92	0	102	0	144	0	0	0	0	0	18	3	0	0	0	0	0	112	8	5	30	0	0	59	0	64	0	106	28	0	20	80	0	0	10	0	50	40	25	6	0	3	73	0	30	5	20	0	0	6	17	0	0	0	0	28	136	0	0	0	152	19	66	28	58	35	77	21	73	0	0	11	40	2	0	2	112	134	0	0	135	43	64	16	6	0	0	0	26	0	68	50	38	0	131	0	21	48	115	46	3	5	0	0	0	0	9	0	9	48	18	80	0	68	45	111	43	26	77	0	4	6	86	5	95	106	125	164	0	0	19	28	0	24	17	180	0	84	55	9	31	0	73	0	0	67	0	0	137	174	0	0	44	149	27	81	145	0	117	137	215	107	0	45	64	81	165	0	58	0	199	64	79	42	12	57	36	47	0	0	54	79	97	45	157	81	42	38	0	207	176	81	35	175	33	2	4	0	24	44	110	246	58	167	17	0	0	36	43	35	82	143	66	97	200	0	0	63	115	202	26	133	10	139	1	62	110	171	1	111	1	0	134	0	66	0	0	108	102	106	31	165	64	122	88	4	365	73	0	149	70	93	34	244	90	101	1	11	10	54	78	90	43	90	46	32	262	162	262	37	55	0	0	0	178	75	85	19	151	134	75	0	48	95	152	178	71	89	25	133	49	64	63	150	77	0	69	5	269	0	41	70	34	83	20	49	19	95	51	136	110	89	79	94	150	0	129	93	154	1	187	29	92	61	149	20	25	99	56	0	61	296	16	14	0	39	11	90	13	28	97	28	139	33	49	69	102	169	314	0	0	0	29	219	210	146	10	170	150	0	83	33	23	0	15	0	55	193	178	176	0	138	24	132	6	31	33	173	153	0	48	133	77	0	79	0	98	141	116	0	259	0	50	196	86	116	53	29	60	77	344	41	75	0	92	29	83	60	65	64	118	58	166	45	22	126	38	61	39	62	272	45	8	74	71	86	24	76	304	150	85	40	39	32	84	78	29	0	102	79	30	124	81	88	86	258	46	0	95	0	170	134	164	210	163	29	191	0	50
8	0	0	0	0	0	0	0	0	0	0	0	0	0	0	0	0	0	0	0	0	0	0	0	0	0	0	0	0	0	0	0	0	0	0	0	0	0	0	0	0	0	0	0	0	0	0	0	0	0	0	0	0	0	0	0	0	0	0	0	0	0	0	0	0	0	0	0	0	0	0	0	0	49	0	0	0	0	0	0	0	0	0	0	0	0	0	0	0	0	0	0	0	0	0	0	0	0	0	0	0	0	0	0	0	0	0	0	0	0	0	0	0	0	0	0	0	93	0	0	0	0	0	0	0	0	0	0	0	0	0	0	0	0	0	5	0	22	0	0	0	0	0	0	0	0	3	4	0	0	0	0	0	4	0	0	6	0	0	0	0	0	0	0	0	0	35	21	0	0	0	0	0	0	0	139	0	0	0	0	0	174	0	0	0	0	0	0	0	0	0	0	0	0	0	3	0	0	0	0	25	0	253	4	0	0	89	0	113	57	0	100	0	0	0	0	0	80	0	0	0	0	0	0	5	0	0	0	4	4	29	0	0	0	0	0	24	0	12	3	10	5	16	58	0	0	0	0	0	12	0	0	0	0	0	0	1	99	14	0	32	0	7	0	0	0	0	0	0	0	1	0	9	0	0	0	48	0	0	4	0	18	0	0	0	0	0	0	0	0	0	0	1	0	0	0	191	8	0	5	2	211	0	1	60	0	2	0	0	0	14	29	201	141	0	128	3	5	125	0	155	0	71	83	65	63	4	0	79	0	0	0	1	120	6	77	7	24	0	172	28	0	118	0	77	0	36	0	0	0	0	0	25	0	0	0	0	3	0	45	16	2	69	0	0	37	4	34	0	10	32	0	0	49	0	0	86	0	106	124	121	61	0	15	16	0	0	30	64	0	0	11	0	0	0	23	0	116	170	0	1	0	73	22	178	58	237	191	136	46	245	10	0	4	21	52	0	0	180	43	0	50	178	0	86	63	0	0	0	0	88	0	21	131	88	0	44	74	0	155	18	113	0	0	0	12	0	0	0	0	157	25	31	106	44	66	150	102	47	22	48	0	1	147	87	0	245	115	30	117	0	0	134	0	0	444	5	58	1	65	91	174	91	8	53	0	0	187	0	0	63	14	0	0	160	85	51	43	74	0	7	221	88	40	0	35	92	100	148	71	25	0	374	102	8	104	88	70	110	118	1	0	36	56	257	37	46	93	78	0	0	136	29	141	101	55	1	154	30	0	95	24	62	63	259	13	87	0	0	14	109	65	229	62	30	19	227	2	0	33	74	166	4	51	80	193	0	53	140	227	4	50	28	0	44	0	35	1	8	124	112	190	56	193	77	195	223	48	60	47	0	97	15	116	113	128	56	12	0	65	49	318	192	189	159	77	20	103	127	44	58	266	69	0	0	0	218	32	239	126	172	172	36	0	33	74	192	318	134	95	57	404	80	10	96	116	37	0	69	26	86	0	59	25	13	34	49	22	19	47	44	136	67	86	89	25	65	0	24	45	148	6	247	30	84	47	120	0	52	87	75	0	139	15	281	190	0	1	77	22	6	30	16	179	68	67	37	158	159	50	85	0	0	0	62	98	82	14	87	71	248	2	70	74	87	0	57	0	29	40	132	35	0	54	96	10	29	119	20	20	98	0	17	0	17	9	76	0	62	32	0	0	25	0	57	21	76	99	307	148	116	126	133	339	50	0	85	62	20	108	24	192	40	40	76	43	88	287	43	94	157	38	49	185	151	104	85	53	105	37	77	164	86	79	53	81	28	14	55	0	116	27	44	37	50	103	58	134	80	0	184	5	63	139	176	73	38	141	77	0	242
9	0	0	0	0	0	0	0	0	0	0	0	0	0	0	0	0	0	0	0	0	0	0	0	0	0	0	0	0	0	0	0	0	0	0	0	0	0	0	0	0	0	0	0	0	0	0	0	0	0	0	0	0	0	0	0	0	0	0	0	0	0	0	0	0	0	0	0	0	0	0	0	0	0	0	0	0	0	0	0	0	0	0	0	0	0	0	0	0	0	0	0	0	0	0	0	0	0	0	0	0	0	0	0	0	0	0	0	0	0	0	0	0	0	0	0	0	0	0	0	0	0	0	0	0	0	0	0	0	0	0	0	0	0	0	0	0	0	0	0	0	0	0	0	0	0	0	0	0	0	0	0	0	0	0	0	0	0	0	0	0	0	0	0	0	0	0	0	0	0	17	0	0	0	0	0	0	0	0	0	0	0	0	0	0	0	0	0	0	0	0	0	0	0	0	0	0	0	0	0	0	0	0	0	0	0	0	0	0	0	0	0	0	0	0	0	0	0	0	0	0	0	0	0	0	0	0	0	0	0	0	0	0	0	0	0	0	0	0	0	0	0	0	0	0	0	0	0	0	0	0	0	0	0	0	0	0	0	0	0	0	0	0	0	0	0	0	0	0	0	0	0	0	0	0	0	0	0	0	0	0	0	0	0	0	0	0	0	0	0	0	0	0	0	0	0	27	0	0	0	0	68	0	0	5	0	0	0	0	0	0	0	0	0	0	0	0	0	2	0	0	0	0	0	124	0	0	0	0	0	0	0	0	0	0	0	0	0	0	2	0	0	0	0	19	0	0	0	0	0	0	0	0	0	0	0	0	0	0	0	0	0	0	0	0	0	0	0	1	0	0	0	0	14	0	0	0	0	0	0	0	0	0	0	0	0	0	25	0	0	0	0	0	0	0	0	0	121	0	0	0	0	0	0	1	0	0	8	19	0	0	0	0	0	0	0	0	0	0	5	0	0	0	0	15	69	0	0	0	0	0	0	1	2	0	0	10	0	0	0	56	40	0	0	0	0	0	0	0	0	0	0	0	50	0	0	0	0	0	0	0	0	0	0	0	0	0	0	0	0	0	0	0	0	0	0	0	1	0	134	0	0	0	0	0	0	0	0	0	0	0	0	0	0	55	0	0	69	138	0	0	0	33	148	0	155	1	0	0	0	0	0	18	0	156	10	0	108	66	0	0	0	0	1	0	0	83	2	32	0	0	0	0	0	90	0	0	0	0	0	0	7	12	0	0	14	38	0	0	23	35	0	0	0	77	95	7	0	0	111	68	0	0	0	0	0	0	0	0	0	0	28	0	0	0	0	35	0	0	40	0	0	0	0	0	0	0	14	36	0	0	0	14	17	63	0	17	16	0	0	0	0	45	0	19	0	0	0	18	25	112	0	0	0	0	0	42	8	0	12	30	0	0	0	196	6	9	2	0	0	252	69	0	123	64	0	45	0	0	0	20	0	25	90	74	115	24	94	0	2	44	72	0	302	17	0	12	0	8	27	112	0	138	1	106	0	0	0	0	0	0	0	0	60	0	0	0	0	30	0	0	41	204	0	0	1	20	1	172	34	4	6	0	0	233	15	80	92	29	6	6	0	36	131	147	0	20	0	0	0	45	14	0	216	39	58	0	198	0	105	103	0	11	0	167	0	0	0	0	0	0	0	19	0	71	3	116	0	173	43	36	0	10	8	73	0	17	0	74	89	165	49	287	7	0	51	116	17	101	96	0	15	0	77	0	40	51	1	18	37	0	162	103	33	51	119	72	93	0	0	94	29	0	101	0	19	1	3	22	0	0	0	123	102	0	95	0	50	0	0	43
10	0	0	0	0	0	0	0	0	0	0	0	0	0	0	0	0	0	0	0	0	0	0	0	0	0	0	0	0	0	0	0	0	0	0	0	0	0	0	0	0	0	0	0	0	0	0	0	0	0	0	0	0	0	0	0	0	0	0	0	0	0	0	0	0	0	0	0	0	0	0	0	0	0	0	0	0	0	0	0	0	0	0	0	0	0	0	0	0	0	0	0	0	0	0	0	0	0	0	0	0	0	0	0	0	0	0	0	0	0	0	0	0	0	0	0	0	0	0	0	0	0	0	0	0	0	0	0	0	0	0	0	0	0	0	0	0	0	0	0	0	0	0	0	0	0	0	0	0	0	0	0	0	0	0	0	0	0	0	0	0	0	0	0	0	0	0	0	0	0	0	0	0	0	0	0	0	0	0	0	0	0	0	0	0	0	0	0	15	0	0	0	0	0	0	0	0	0	0	0	0	0	0	0	0	0	0	47	0	0	0	0	0	0	0	0	0	0	0	0	0	0	0	0	0	0	0	0	0	0	0	0	0	0	0	0	0	0	0	0	0	0	0	0	0	0	0	0	0	0	0	0	0	0	0	0	0	0	0	0	0	0	0	0	0	0	0	0	0	0	0	0	0	0	0	0	0	0	0	0	0	0	0	0	0	0	0	0	0	0	0	0	0	0	0	0	0	0	0	0	0	0	0	0	85	0	0	0	0	0	0	0	0	0	0	0	0	0	0	0	3	0	0	0	0	0	0	0	0	0	0	0	0	0	0	0	0	0	0	0	0	0	0	0	3	0	0	0	0	0	0	0	0	0	0	0	0	0	0	0	0	0	0	0	0	0	0	0	0	0	0	0	0	0	0	0	0	0	0	0	0	0	0	0	0	0	0	0	0	0	0	0	0	0	0	0	0	88	0	0	0	0	0	0	0	0	0	50	22	0	0	0	0	0	0	0	0	0	0	0	0	0	0	0	22	3	0	0	0	0	0	0	2	63	0	0	0	0	0	0	20	0	0	0	0	0	0	0	0	0	0	11	0	101	0	0	0	2	0	0	0	0	0	0	0	0	0	0	0	0	0	0	165	0	0	0	0	0	0	0	0	0	0	0	0	0	0	1	0	0	0	0	0	0	19	0	0	0	0	0	0	0	57	30	0	19	54	0	3	0	0	0	0	0	66	0	0	0	53	0	0	0	1	0	0	0	67	78	146	0	0	0	0	0	54	0	0	0	0	0	0	117	5	36	0	41	0	0	0	21	164	0	4	0	51	0	4	0	0	44	160	0	0	0	0	0	0	0	0	0	0	0	0	0	0	0	0	0	0	147	0	0	0	0	22	44	0	150	0	0	0	0	34	34	0	0	0	0	0	0	0	0	29	0	15	5	0	0	107	89	56	34	0	0	0	0	194	174	0	0	7	0	0	0	113	22	0	0	142	66	100	54	0	35	76	0	82	0	22	2	0	0	51	43	243	78	11	4	0	0	0	77	0	35	0	0	64	0	55	0	62	0	109	16	145	0	10	0	0	0	0	0	9	0	0	0	0	0	188	0	0	99	93	0	0	1	62	28	67	0	0	0	0	0	21	238	44	33	390	23	0	0	89	48	105	0	0	0	29	0	0	28	0	26	0	105	0	14	2	212	132	0	22	0	233	0	0	0	0	4	15	0	135	0	54	32	14	0	62	24	129	0	11	0	11	0	51	0	146	160	167	110	16	0	0	125	43	12	16	36	0	77	0	125	0	66	106	17	107	0	0	30	30	0	115	99	134	45	0	0	32	1	0	108	0	0	0	0	0	0	0	0	123	124	0	134	0	306	0	0	7
11	0	0	0	0	0	0	0	0	0	0	0	0	0	0	0	0	0	0	0	0	0	0	0	0	0	0	0	0	0	9	0	0	0	0	0	0	0	0	0	0	0	0	0	0	0	0	0	0	0	0	0	0	0	0	0	0	0	0	0	0	0	0	0	0	0	0	0	0	0	0	0	0	0	0	0	0	0	0	0	0	0	0	0	0	0	0	0	0	0	9	0	0	0	0	0	0	0	0	0	0	7	4	0	0	0	0	0	0	0	0	0	0	0	0	0	0	0	0	0	0	0	0	0	12	2	0	0	76	0	0	0	0	0	0	15	38	0	19	0	0	0	0	0	0	0	0	0	0	0	0	0	0	0	0	0	0	0	0	0	0	0	0	0	55	0	0	0	0	0	0	0	0	0	0	0	0	0	8	0	0	0	0	0	0	0	0	0	0	0	0	0	0	0	11	0	13	0	0	0	0	0	0	0	0	0	0	0	0	0	0	0	0	28	0	0	1	0	0	0	0	0	0	11	0	0	14	0	0	0	0	0	0	0	0	0	18	0	0	0	5	0	0	0	54	0	0	0	0	0	0	1	0	0	6	1	0	0	0	0	0	20	0	0	0	0	0	0	0	0	0	0	0	0	0	0	74	0	0	0	0	0	0	0	0	0	0	0	0	0	0	50	0	2	0	0	0	0	0	0	0	0	0	0	0	0	0	0	0	4	0	0	0	0	2	0	0	0	8	0	0	0	0	0	0	0	1	0	0	0	0	0	0	0	0	0	0	0	2	0	0	0	0	95	0	6	0	0	0	0	0	0	0	0	0	0	0	93	0	0	18	0	0	0	0	0	0	0	0	0	0	0	0	14	0	0	0	0	0	0	0	0	0	0	0	0	0	0	0	0	0	0	0	0	0	0	0	7	3	0	2	0	0	0	0	0	0	0	0	0	0	0	0	0	0	0	0	0	0	0	0	0	0	0	0	0	0	0	24	0	0	0	0	0	0	0	0	0	0	0	0	0	0	0	0	1	0	0	0	0	0	0	0	147	0	0	17	0	0	0	2	0	0	0	0	0	1	0	0	0	55	0	0	6	13	0	11	0	1	1	0	0	0	0	0	0	0	1	0	0	0	0	0	0	0	0	0	0	0	0	0	0	22	17	0	114	0	0	0	0	0	0	0	0	0	0	0	0	20	0	62	0	0	0	0	0	52	58	140	0	0	0	0	0	68	0	0	1	0	0	0	0	0	0	0	0	0	0	0	160	96	0	0	0	245	0	0	0	19	48	175	0	0	0	0	0	0	0	0	0	0	0	0	0	0	0	0	0	0	0	0	0	0	2	0	0	0	101	0	0	0	0	29	0	0	0	0	0	0	0	0	0	11	0	95	0	0	0	43	0	49	0	0	0	0	0	100	0	0	0	0	0	0	0	79	2	0	0	0	0	106	8	0	125	55	0	0	0	0	0	0	0	0	0	281	219	0	57	0	0	0	109	0	65	0	0	0	0	79	0	25	0	124	0	105	0	0	0	15	0	6	0	5	0	0	0	0	0	9	0	60	0	113	0	2	0	215	0	64	0	0	0	0	0	65	0	0	0	6	0	0	18	77	35	126	0	0	0	0	0	0	0	0	83	0	38	0	45	0	15	40	0	0	39	49	0	0	0	0	0	0	0	91	0	36	38	75	0	19	0	76	0	0	0	43	0	180	3	74	50	52	0	5	0	0	157	214	0	42	143	0	95	0	17	0	25	48	0	2	0	0	0	170	0	119	23	139	8	0	0	146	0	0	126	0	0	0	0	0	0	0	0	112	14	0	2	0	18	0	6	10
12	0	0	0	0	0	0	0	0	0	0	0	0	0	0	51	0	0	0	0	0	0	0	0	0	0	0	0	0	0	0	0	0	0	0	5	0	0	0	0	4	17	0	0	0	0	0	0	0	0	0	0	0	0	0	0	0	0	0	0	0	0	0	0	0	0	0	0	0	0	0	0	0	0	0	0	0	0	0	0	0	0	0	0	0	0	0	0	0	0	0	0	12	0	0	0	0	0	0	0	38	0	0	0	0	9	0	0	0	0	0	0	0	0	0	0	5	0	0	0	0	0	0	0	8	0	0	0	0	0	0	0	0	0	0	0	0	5	0	0	0	0	0	0	0	0	0	0	0	0	0	0	0	0	0	0	0	0	0	0	0	0	0	0	0	0	0	0	0	0	0	0	0	0	0	0	0	0	0	0	0	1	0	0	0	0	0	0	3	0	0	0	0	68	0	0	0	0	0	0	0	0	0	0	0	0	0	0	0	0	0	0	0	0	0	0	0	0	2	0	0	0	0	0	0	0	0	0	0	0	0	0	0	0	0	0	0	0	0	0	0	0	0	0	0	0	0	0	3	0	0	0	0	0	0	0	0	0	0	0	0	7	0	0	0	0	0	0	0	0	0	0	0	0	0	0	0	0	0	0	0	2	0	0	0	0	0	0	0	0	0	0	0	30	0	0	0	0	0	0	0	0	0	0	0	0	0	0	0	0	0	0	0	0	0	0	0	0	2	0	0	2	0	0	0	0	0	0	0	0	0	0	0	0	0	0	0	0	0	0	0	0	0	0	0	0	0	0	0	0	0	0	0	0	0	0	0	43	0	0	0	2	0	0	0	0	0	43	0	0	0	0	0	0	0	0	0	0	0	0	0	0	0	0	0	1	0	0	0	13	0	0	0	0	0	0	0	38	0	0	0	0	0	0	0	0	0	0	0	0	0	0	0	0	0	2	0	0	0	0	0	0	0	0	0	0	0	0	0	0	0	0	0	2	0	0	0	0	0	0	0	0	0	0	0	0	0	0	0	0	0	0	0	94	0	0	29	2	0	0	0	0	0	0	0	0	0	0	0	0	0	0	20	1	6	0	0	0	0	0	0	0	0	0	0	0	0	0	0	0	8	0	0	0	0	0	0	0	0	0	0	0	17	9	0	116	0	0	0	0	0	0	0	0	35	2	0	0	137	0	0	0	0	0	0	0	68	36	130	0	1	0	0	0	197	0	0	0	0	0	0	0	0	0	0	0	0	0	0	14	225	0	0	0	81	0	0	0	0	53	79	0	0	0	0	0	0	0	0	0	0	0	0	0	0	0	0	0	0	0	0	0	0	12	0	0	0	0	0	0	0	0	6	0	0	0	0	0	0	0	0	0	116	0	0	0	0	0	1	93	177	0	0	0	0	0	132	0	0	1	0	0	0	0	102	0	0	0	1	97	10	59	0	44	41	0	0	0	0	0	0	0	0	0	101	30	0	107	0	55	0	121	0	64	19	0	91	0	44	0	29	0	30	22	175	0	0	0	0	0	0	0	0	0	0	0	0	0	77	0	0	0	54	0	0	0	43	0	17	0	0	0	0	0	189	0	0	0	18	2	0	0	110	107	36	0	0	0	0	0	0	0	0	44	0	102	0	12	0	149	88	0	0	0	169	0	0	0	0	0	0	0	43	0	51	79	19	1	163	0	6	0	0	3	28	0	3	0	100	125	61	0	50	0	0	54	47	0	45	38	0	97	0	0	0	110	220	0	99	0	0	32	123	0	104	87	51	7	0	0	14	0	0	98	0	0	0	0	0	0	0	0	7	88	0	43	0	57	0	0	0
13	0	0	0	0	0	0	0	0	0	0	0	0	0	0	0	0	0	0	0	0	0	0	0	0	0	0	0	0	0	0	0	0	0	0	0	0	0	0	0	0	0	0	0	0	0	0	0	0	0	0	0	0	0	0	0	0	0	0	0	0	0	0	0	0	0	0	0	0	0	0	0	0	0	0	0	0	0	0	0	0	0	0	0	0	0	0	0	0	0	0	0	0	0	0	0	0	0	0	0	0	0	0	0	0	0	0	0	3	0	0	0	0	0	0	0	0	0	0	0	0	0	0	0	0	0	0	0	0	0	0	0	0	0	0	0	0	0	0	0	0	0	0	0	0	0	0	0	0	0	0	0	0	0	0	0	0	0	0	0	0	0	0	0	14	0	20	0	0	0	0	0	0	0	0	0	0	0	0	0	0	0	0	0	0	0	0	0	0	0	0	0	0	0	0	0	0	0	0	0	3	0	0	0	0	0	0	0	0	0	0	0	0	0	0	0	0	0	0	0	0	22	0	0	0	0	0	0	0	3	5	0	0	0	0	0	0	0	0	0	0	0	0	0	0	0	0	0	0	0	0	0	0	0	0	0	0	0	0	3	0	0	0	0	0	0	0	0	0	0	0	0	15	0	0	0	0	0	0	0	0	0	0	0	0	0	0	0	0	0	0	0	0	0	0	0	0	0	0	0	0	0	0	0	0	0	0	0	0	0	0	0	0	0	0	0	0	0	0	0	0	0	0	0	0	0	0	0	0	0	0	0	0	0	0	0	0	0	0	0	0	32	0	0	0	0	0	0	0	0	0	0	0	0	0	0	0	0	1	0	0	0	0	0	0	0	0	0	0	0	0	0	0	0	0	0	0	0	0	0	0	0	0	0	0	0	0	0	0	0	0	0	0	0	0	0	0	0	0	0	4	0	0	0	0	0	0	0	0	0	0	0	0	0	0	0	0	0	0	0	0	0	0	0	0	0	0	0	0	0	0	0	0	0	0	0	0	0	0	0	0	0	0	0	0	0	0	0	0	0	0	0	0	279	0	0	0	0	0	0	0	0	0	0	0	0	0	0	0	0	0	0	0	4	0	0	0	0	0	0	0	0	0	0	0	0	0	0	0	0	0	0	0	0	0	0	0	0	0	0	0	0	0	173	0	14	0	0	0	0	0	0	0	0	0	0	0	0	10	0	0	0	0	0	0	0	54	0	207	0	0	0	0	0	74	0	0	0	0	0	0	0	0	0	0	0	0	0	0	0	53	0	0	0	41	0	0	0	0	71	122	0	0	0	0	0	0	0	0	0	0	0	0	0	0	0	0	0	0	0	0	0	0	0	0	0	0	0	0	0	0	0	0	0	0	0	0	0	0	0	0	0	2	0	0	0	0	0	0	0	130	0	0	0	0	0	0	0	0	0	0	0	0	0	0	0	0	0	0	0	66	185	0	42	29	0	0	8	0	0	0	0	0	0	78	45	0	0	0	0	0	177	0	56	0	0	0	0	169	0	1	0	0	0	95	0	0	0	0	0	0	0	0	0	0	9	0	0	0	0	0	0	2	0	0	0	0	0	12	0	0	0	0	0	21	0	0	0	0	0	0	0	24	26	11	0	0	0	0	0	0	0	0	41	0	16	0	0	0	44	219	0	0	0	182	0	0	0	0	0	0	0	0	0	0	146	134	0	205	0	0	0	0	0	0	0	122	0	51	42	140	0	0	0	0	0	38	0	151	84	0	0	0	0	0	61	56	0	0	0	0	44	65	0	99	0	146	156	0	0	64	0	0	71	0	0	0	0	0	0	0	0	6	78	0	0	0	0	0	0	0
14	0	0	0	0	0	0	0	0	0	0	0	0	0	0	0	0	0	0	0	0	0	0	0	0	0	0	0	0	0	0	0	0	0	0	0	0	0	0	0	0	0	0	0	0	0	0	0	0	0	0	0	0	0	0	0	0	0	0	0	0	0	0	8	0	0	0	0	0	0	0	0	0	0	0	0	0	0	0	0	0	0	0	0	0	0	0	0	0	0	0	0	0	0	0	0	0	0	0	0	0	0	0	0	0	0	1	0	0	0	0	0	0	0	0	0	0	0	0	0	0	0	0	0	0	0	2	0	0	0	0	0	7	0	0	0	0	0	0	0	2	0	0	0	0	0	0	0	0	0	0	0	0	0	0	0	0	0	0	0	0	0	0	0	0	0	0	0	0	0	0	0	0	0	0	0	0	0	0	0	0	0	0	2	0	6	0	52	0	0	0	0	0	0	28	0	0	0	0	0	0	0	0	0	0	0	0	0	0	0	0	8	0	1	0	0	0	0	0	0	0	0	0	0	0	0	2	0	0	0	0	0	0	0	0	0	63	0	0	0	0	0	25	0	0	0	0	0	0	0	0	0	1	0	0	0	0	0	0	0	0	0	0	0	0	0	0	0	0	0	0	0	0	0	0	0	0	0	0	0	0	0	9	40	0	0	0	0	0	0	0	0	0	67	0	0	0	0	0	0	0	0	0	0	0	0	0	0	0	28	0	0	0	0	4	0	0	0	43	0	0	0	3	3	0	0	0	0	55	0	0	0	0	0	0	0	0	38	0	0	0	35	0	0	0	0	0	0	0	0	0	0	0	0	0	0	0	0	0	1	0	0	0	0	0	0	0	0	0	0	0	0	14	1	0	0	0	0	0	0	0	0	0	0	0	0	0	0	0	0	0	0	0	0	0	0	0	41	0	0	0	0	0	0	0	0	0	55	0	0	0	0	0	0	0	0	0	0	0	0	0	0	37	0	0	0	0	0	0	0	0	0	0	0	0	0	0	0	0	0	21	0	0	0	2	0	0	0	0	18	0	0	0	75	0	0	0	0	0	0	0	0	0	0	0	0	33	0	0	0	0	0	31	0	0	0	0	0	0	0	0	0	0	0	0	1	0	6	0	0	17	0	0	0	0	0	0	0	3	0	3	0	91	91	0	152	0	0	0	1	0	0	0	6	5	0	0	0	129	4	0	0	0	0	0	0	176	28	78	0	0	0	0	0	37	0	0	0	0	0	0	0	0	0	0	0	0	0	0	91	85	0	0	0	53	0	0	3	0	128	10	0	0	0	0	0	1	0	0	0	0	0	7	0	9	0	0	0	0	0	0	0	0	0	0	0	4	36	0	0	0	0	233	0	0	0	0	0	0	0	0	0	200	0	5	0	0	0	14	0	129	0	0	0	71	0	101	0	0	50	0	0	0	0	18	15	0	0	0	0	220	10	0	51	50	0	0	0	0	0	0	1	7	0	33	160	22	129	0	0	0	200	0	99	0	0	149	0	13	1	160	0	51	133	39	0	0	0	0	0	0	0	0	0	0	0	0	0	11	0	4	0	150	0	0	2	72	0	101	0	0	1	0	0	127	1	0	0	122	0	9	0	49	2	165	0	0	0	0	0	0	0	0	39	7	92	0	31	3	169	65	0	0	0	155	0	0	7	0	0	0	0	75	0	75	115	95	0	24	1	88	0	0	51	28	0	197	6	149	123	85	1	217	0	0	3	77	0	172	78	0	103	0	148	0	25	32	5	37	1	0	82	77	12	42	9	52	260	0	0	148	0	0	119	0	2	0	0	0	0	0	0	92	61	26	193	0	20	15	0	36
15	0	0	0	0	0	19	0	0	0	0	0	0	0	0	0	0	0	0	0	0	0	0	0	0	0	0	0	0	0	0	0	0	0	0	0	0	0	0	0	0	0	0	0	0	0	0	0	0	0	0	0	0	0	0	0	0	0	0	0	0	0	0	0	0	0	0	0	0	0	0	0	0	0	0	0	0	0	0	0	0	0	0	0	0	0	0	0	0	0	0	0	0	0	0	0	0	0	0	0	0	0	0	0	0	0	0	0	0	0	0	0	0	0	0	0	0	0	0	0	0	0	0	0	0	0	0	0	0	0	0	0	0	0	0	0	0	0	0	0	0	0	0	0	0	0	0	0	0	0	0	0	0	0	0	0	0	0	0	0	0	0	0	0	0	0	0	0	0	0	0	0	0	0	0	0	0	0	0	0	0	0	0	0	0	0	0	0	0	0	0	0	0	0	0	0	0	0	0	0	0	0	0	0	0	0	0	0	0	0	0	0	0	0	0	0	0	0	0	0	0	0	0	0	6	0	0	0	0	0	0	1	0	0	0	0	0	0	0	0	0	0	0	0	0	0	6	0	0	175	0	0	0	0	0	0	0	0	0	0	0	2	0	0	0	0	0	0	0	0	0	0	0	0	0	0	0	4	0	0	0	0	0	0	1	0	0	0	0	0	0	0	0	0	0	0	0	0	0	0	0	0	0	0	0	0	0	0	0	0	0	0	0	0	0	0	0	0	0	0	3	0	0	0	0	0	0	0	0	0	0	0	0	0	0	0	0	0	0	0	0	0	0	0	0	0	0	0	0	0	0	0	0	0	0	0	0	0	0	0	0	0	0	0	0	0	0	0	0	0	0	0	0	0	0	0	0	0	0	0	0	0	0	0	0	0	0	0	0	0	0	0	0	0	38	0	0	33	0	0	0	0	0	0	0	0	0	0	9	0	0	0	0	0	0	0	0	0	0	0	0	0	0	0	0	0	0	0	0	0	0	0	0	0	0	0	0	0	4	0	0	0	0	0	0	0	0	0	0	0	0	0	0	34	0	0	0	0	0	0	0	0	0	0	0	0	0	0	0	0	0	0	0	0	0	0	0	0	0	2	0	0	0	0	0	0	0	0	0	0	0	0	0	0	0	0	0	0	0	0	0	0	176	46	0	191	0	0	0	0	0	0	0	0	0	0	0	0	128	0	0	0	0	0	0	0	32	57	267	0	0	0	0	0	96	0	0	0	0	0	0	0	0	0	0	0	0	0	0	0	169	0	0	0	48	0	0	0	0	139	51	0	0	0	0	0	0	0	0	8	0	0	0	0	0	0	0	0	0	1	0	0	0	0	0	0	0	0	0	0	0	0	0	0	0	0	0	0	0	0	0	0	140	0	0	0	0	0	0	0	147	0	0	0	0	0	0	0	0	0	0	0	0	0	0	0	0	0	0	0	138	95	0	152	5	0	0	0	0	0	0	0	0	0	209	202	0	4	1	0	0	54	0	126	0	0	0	0	116	0	26	0	3	0	88	0	0	0	0	0	0	0	0	0	0	0	0	0	0	0	0	0	293	0	0	0	2	0	73	0	4	0	0	0	106	0	0	0	0	0	0	0	204	103	0	0	0	0	0	0	0	0	0	111	0	13	0	120	0	48	65	0	1	0	340	0	0	0	0	0	0	0	0	0	0	54	108	0	76	0	64	0	0	0	221	0	28	0	271	102	154	0	97	0	0	14	123	0	115	125	0	7	0	0	0	77	282	0	0	0	0	0	7	0	64	0	81	0	0	0	49	0	0	57	0	0	0	0	0	0	0	0	86	11	0	0	0	0	0	0	0
16	0	0	0	0	0	0	0	0	0	0	0	0	0	0	0	0	0	0	0	0	0	0	0	0	0	0	0	0	0	0	0	0	0	0	0	82	0	0	0	0	0	0	0	0	0	0	0	0	0	0	0	0	0	0	0	0	0	0	0	0	0	0	0	16	0	0	0	0	0	0	0	0	0	0	0	0	0	0	0	0	0	0	0	0	0	0	0	0	0	0	0	0	0	0	0	0	0	0	0	0	0	0	0	0	9	0	0	0	0	0	0	0	0	0	0	0	0	0	0	0	0	0	0	0	0	0	0	0	0	0	14	0	0	0	0	0	0	0	0	20	9	0	0	0	0	0	0	0	0	0	0	0	0	0	0	0	0	0	0	0	0	0	0	0	0	0	0	0	0	0	0	0	0	0	0	0	0	0	0	0	0	0	0	0	0	0	0	0	0	0	0	0	0	0	0	0	0	0	0	0	0	0	0	0	0	2	0	0	0	0	0	0	0	0	0	0	0	0	0	0	0	0	0	0	0	0	0	0	0	0	0	0	0	0	0	0	0	0	0	0	0	0	0	0	0	0	0	0	14	0	0	0	0	0	0	0	0	0	0	0	0	0	0	0	0	0	0	0	0	0	0	0	0	0	0	0	0	0	0	0	0	0	24	8	0	0	0	0	0	0	0	0	2	0	0	0	7	0	0	13	0	0	0	0	0	0	0	0	0	0	0	0	0	13	0	0	0	0	0	0	0	0	0	0	0	0	0	0	0	0	0	0	0	0	0	2	0	0	0	0	0	0	0	0	0	0	0	0	0	0	0	0	8	0	0	0	0	0	0	0	0	0	0	0	0	0	0	0	0	0	0	0	0	0	0	0	0	0	3	0	0	0	0	0	0	0	0	0	0	0	0	0	0	0	0	1	114	0	0	0	0	0	0	0	0	0	0	0	0	0	0	0	0	0	0	0	15	0	0	0	0	0	0	0	0	0	0	0	0	0	0	0	0	0	0	0	0	0	0	16	0	0	0	0	0	0	0	0	0	0	0	0	93	0	0	0	0	0	0	0	0	0	0	0	0	0	0	0	0	0	0	0	0	0	0	0	0	0	0	0	0	0	0	0	0	0	0	0	0	0	0	0	0	0	0	0	0	0	0	0	0	21	94	0	39	0	0	0	0	0	1	0	0	0	0	0	0	2	0	0	0	0	0	0	0	183	27	75	0	0	0	0	0	74	0	0	0	0	0	0	0	0	1	0	3	0	0	0	36	50	0	0	0	85	0	0	0	0	63	51	0	0	0	0	0	0	0	0	0	0	0	0	0	0	0	5	0	0	0	0	0	0	0	0	0	0	16	0	0	0	0	31	0	0	0	0	0	0	0	0	0	94	0	0	0	0	0	0	0	87	0	0	0	0	56	71	0	0	0	0	0	0	0	93	0	0	0	0	0	65	212	0	37	42	0	0	0	0	0	0	14	0	0	305	61	0	61	0	0	0	123	0	58	0	0	95	0	107	0	183	0	63	0	218	0	0	0	0	0	0	3	0	0	0	24	0	0	0	0	0	0	66	0	0	0	0	0	92	0	0	0	0	0	19	0	0	0	0	0	0	0	76	11	1	3	0	0	0	0	0	0	0	93	0	68	0	161	0	106	30	0	0	50	52	0	0	0	0	0	0	0	185	4	9	44	81	0	32	0	148	0	0	0	23	0	25	7	244	73	11	3	95	0	0	77	41	0	39	177	0	38	0	38	0	113	47	0	15	0	0	0	161	0	0	0	171	77	0	8	82	0	0	40	0	0	0	0	0	0	0	0	64	76	0	18	0	0	0	0	0
17	0	0	0	0	0	0	0	0	0	0	0	0	0	0	0	0	0	0	0	0	0	0	0	0	0	0	0	0	0	0	0	0	0	0	0	0	0	0	0	0	0	0	0	0	0	0	0	0	0	0	0	0	0	0	0	0	0	0	0	0	0	0	0	0	0	0	0	0	0	0	0	0	0	0	0	0	0	0	0	0	0	0	0	0	0	0	0	0	0	0	0	0	0	0	0	0	0	0	0	0	0	2	0	0	0	0	0	0	0	0	0	0	0	0	0	0	8	0	0	0	0	0	0	0	0	0	0	0	0	0	0	0	0	0	0	0	0	0	0	0	0	0	0	0	0	0	0	0	0	0	0	0	0	0	0	0	0	0	0	0	0	0	0	0	0	0	0	0	0	0	0	0	0	0	0	0	0	0	0	0	0	0	1	0	0	0	0	0	0	0	0	0	0	0	0	0	0	0	0	0	0	0	0	0	0	0	0	0	0	0	0	0	0	0	0	0	0	0	0	0	0	0	0	0	0	0	0	0	0	0	0	1	0	0	0	0	0	0	0	0	0	0	0	0	0	0	0	0	0	0	0	0	0	0	0	0	0	0	0	0	0	0	0	0	0	0	0	0	0	0	0	0	0	0	0	0	0	0	0	0	0	0	0	0	0	0	0	0	0	0	0	0	0	0	0	0	0	0	0	0	0	0	0	0	0	0	0	0	0	0	0	0	0	0	0	0	0	0	0	0	0	0	0	0	0	0	0	0	0	0	0	0	0	0	0	0	0	0	0	0	0	0	0	0	0	0	0	0	0	0	0	0	0	0	0	0	0	0	0	0	0	0	0	0	0	0	0	0	0	0	0	0	0	0	147	0	0	0	0	0	54	1	0	0	0	0	1	0	0	0	0	0	0	0	0	0	17	0	0	0	0	0	0	0	0	0	0	0	0	0	0	0	0	0	0	0	0	0	0	0	0	0	0	0	0	0	0	0	0	0	0	0	0	0	0	0	0	0	0	0	0	0	0	0	0	0	0	0	0	0	0	0	132	0	0	0	0	0	0	0	0	0	0	0	0	0	0	0	0	0	0	0	0	0	0	0	0	0	0	0	0	1	0	0	0	0	0	0	0	0	0	0	0	0	0	0	0	0	0	0	0	8	118	0	26	0	0	0	0	0	0	0	0	116	0	0	0	80	0	0	0	0	0	0	0	3	23	13	0	0	0	0	0	70	0	0	0	0	0	0	0	0	0	28	0	0	0	0	0	1	0	0	0	34	0	0	0	0	117	28	0	0	0	0	0	0	0	0	0	0	0	0	0	0	0	0	0	0	0	0	0	0	0	0	0	0	0	0	0	0	0	10	0	0	0	0	0	0	0	0	0	18	0	0	0	0	0	0	0	107	0	0	0	9	0	0	0	0	0	0	0	0	0	87	0	0	0	0	0	114	259	0	95	0	0	0	0	0	0	2	0	0	0	126	36	0	0	0	0	0	113	0	51	0	0	0	0	17	0	30	0	60	0	134	0	0	0	0	0	0	0	0	0	0	0	0	0	38	0	0	0	4	0	0	0	0	0	134	0	0	0	0	0	48	0	0	0	0	0	0	0	96	131	64	0	0	0	0	4	0	0	0	78	0	93	0	5	0	257	160	0	0	0	86	0	0	18	0	0	0	0	0	0	0	47	52	2	4	0	29	0	0	0	18	0	101	0	220	28	154	0	0	4	0	8	55	0	111	186	0	10	0	0	0	131	77	0	0	0	0	37	70	0	53	0	88	60	0	0	1	0	0	96	0	0	0	0	0	7	0	0	67	0	0	0	0	0	0	0	0
18	0	0	0	0	0	0	0	0	0	0	0	0	0	0	0	0	0	0	0	6	0	0	0	0	7	0	0	0	0	0	0	0	0	0	0	0	0	0	0	0	0	0	0	0	0	0	0	0	0	0	0	0	0	0	0	0	0	0	0	0	0	0	0	0	0	0	0	0	0	0	0	0	0	0	0	0	0	0	0	0	0	0	0	0	0	0	0	0	0	0	0	0	0	0	0	0	0	0	0	0	0	0	0	0	0	0	0	3	0	0	0	0	0	0	0	0	0	0	0	0	0	0	0	0	0	0	0	0	0	0	0	0	22	0	0	0	0	0	0	0	0	0	6	106	0	0	0	0	0	0	0	0	0	0	0	0	0	0	0	0	0	0	0	0	0	0	0	0	0	0	0	0	0	0	0	0	0	0	0	0	0	0	0	0	0	0	0	0	0	0	0	0	0	0	0	0	0	0	0	0	0	0	0	0	0	0	0	0	0	0	0	0	0	0	0	0	0	0	0	3	0	0	0	0	0	0	0	0	0	0	0	0	0	0	0	0	0	0	0	0	0	0	0	0	0	0	28	0	0	0	5	0	0	0	0	0	0	0	0	0	0	0	0	0	0	0	0	0	0	0	0	0	0	0	0	0	0	0	0	0	0	0	0	0	5	0	0	0	0	0	0	0	0	0	0	0	0	0	0	0	0	0	0	0	0	0	0	0	0	0	0	0	0	0	0	0	0	0	0	0	0	4	0	0	0	0	0	0	0	2	0	0	0	0	0	0	0	0	0	22	0	0	0	0	0	0	0	0	0	0	0	0	0	0	0	0	0	0	0	0	0	0	0	0	1	0	0	0	0	36	0	0	0	0	0	0	0	0	0	0	0	0	0	0	0	0	0	0	0	0	0	0	0	0	0	0	140	0	0	0	0	0	0	0	0	0	0	0	0	0	0	0	0	0	0	0	0	0	25	1	0	0	0	0	0	0	0	0	0	0	0	0	0	0	0	0	0	0	0	0	0	0	0	0	0	0	0	0	0	0	0	0	48	0	0	0	0	0	0	0	0	0	0	0	0	0	0	0	0	0	0	0	0	0	0	0	0	0	0	0	0	0	0	0	0	0	0	0	0	0	0	0	0	0	0	0	0	0	0	3	0	1	32	0	75	0	0	0	0	0	0	0	0	0	0	0	0	15	0	0	0	0	0	0	0	48	113	137	0	0	242	0	0	37	0	0	0	0	1	0	0	0	0	2	8	0	0	0	7	219	0	2	0	24	0	0	1	0	31	83	0	0	0	0	0	0	0	0	0	0	0	0	0	0	0	0	0	0	0	0	0	0	0	0	0	0	43	0	0	0	0	2	0	0	0	0	0	5	0	0	0	19	0	0	0	0	0	0	30	62	0	0	0	0	0	42	0	0	0	0	0	0	0	77	10	0	0	0	0	255	89	0	305	71	0	0	0	0	1	0	0	0	0	95	89	0	0	0	0	0	68	0	309	0	0	0	0	291	0	177	0	142	0	138	0	0	0	2	0	0	0	0	0	0	0	0	0	111	0	0	0	20	0	0	0	0	0	106	0	0	0	18	0	66	0	49	0	0	0	0	0	30	49	108	1	0	0	0	0	0	4	0	95	0	91	0	21	0	119	29	0	0	0	562	0	0	0	0	0	0	0	5	0	0	188	42	0	33	8	11	0	21	0	105	0	18	0	53	21	78	0	10	0	0	63	28	0	38	34	0	56	0	1	0	54	102	0	22	0	0	189	38	0	238	137	77	32	0	0	71	0	0	77	0	0	1	0	0	0	2	0	17	26	0	1	0	103	0	0	0
19	0	0	0	0	0	0	0	0	0	24	0	0	0	0	0	0	0	0	0	0	0	0	0	0	0	0	0	0	0	0	0	0	0	0	0	0	0	0	0	0	0	0	0	0	0	0	0	0	0	0	0	0	0	0	0	0	0	0	0	0	0	0	0	0	0	0	0	0	0	0	27	0	0	0	0	0	0	0	0	0	0	0	0	0	0	0	0	0	0	0	0	0	0	0	0	0	0	0	0	0	0	0	0	0	0	0	0	0	0	0	0	0	56	0	0	0	0	0	0	0	0	0	0	0	0	0	0	0	0	4	0	0	0	0	0	0	0	0	0	0	0	27	0	0	0	0	0	0	0	0	0	0	0	0	0	0	0	0	0	0	0	0	0	0	0	3	0	0	0	0	0	0	0	0	0	0	2	0	22	0	0	0	0	0	0	0	0	0	0	0	0	0	0	0	0	0	0	0	0	0	0	0	0	0	0	0	0	0	0	0	0	0	0	0	0	0	0	0	0	0	0	0	0	0	0	0	0	0	0	0	0	0	0	0	0	0	0	0	0	10	0	0	0	0	4	0	0	0	0	0	0	0	0	0	0	0	0	0	0	0	0	0	0	0	12	0	2	0	0	0	0	0	0	0	0	0	0	0	0	0	0	0	0	0	0	0	0	0	0	0	0	0	0	0	0	0	50	0	0	0	0	0	0	0	0	0	0	0	0	1	0	0	0	0	0	0	0	0	0	0	0	1	0	0	0	0	0	0	0	0	0	0	0	0	0	0	0	0	0	0	0	0	0	0	0	0	0	0	0	0	0	0	32	0	0	0	0	0	0	0	0	0	0	1	0	0	0	0	0	0	0	0	0	0	0	0	0	2	0	0	1	0	2	0	0	0	0	0	0	0	0	0	0	13	0	0	0	0	0	0	0	0	0	0	0	0	0	0	0	0	0	0	0	0	0	0	0	0	0	0	0	0	0	0	0	0	0	0	0	0	4	0	0	0	0	0	1	0	0	0	0	0	3	0	0	0	0	0	0	1	0	0	37	0	0	0	0	0	0	0	0	0	0	0	0	0	0	0	0	0	0	0	0	0	0	0	0	0	0	0	0	0	0	0	0	0	0	0	0	0	0	0	0	0	0	0	0	0	3	0	0	0	0	0	0	0	0	0	6	0	0	0	0	0	0	0	0	0	0	0	0	0	0	0	0	0	0	0	0	0	0	13	0	0	0	0	0	0	0	0	0	0	0	0	0	0	0	0	0	0	0	0	0	0	0	0	0	0	118	0	0	0	0	0	0	0	0	0	0	0	0	0	0	0	0	0	0	0	0	0	0	0	0	0	0	0	0	0	1	0	0	0	0	0	0	0	0	3	0	0	0	0	0	0	0	205	0	0	0	32	0	0	0	0	0	0	0	0	0	0	0	0	0	0	0	0	0	0	0	31	0	0	0	0	0	0	0	0	0	0	0	0	0	0	0	0	0	0	0	0	17	0	23	0	0	0	0	0	0	62	0	0	0	0	0	0	0	0	0	0	12	0	0	0	0	0	0	0	0	0	0	0	0	0	0	0	0	0	0	0	14	35	0	0	0	0	0	0	0	0	0	48	0	0	3	0	0	0	2	0	0	0	0	0	85	0	0	14	0	0	0	0	0	155	0	0	0	0	0	0	0	0	0	0	0	0	0	0	0	0	0	0	0	0	0	0	0	0	0	81	0	0	0	2	0	0	0	144	16	0	0	0	0	0	0	56	0	0	0	0	0	25	0	0	0	190	0	0	0	0	0	0	0	0	0	0	0	0	0	0	0	45	0	0	0	0	0	0	0	0
20	0	0	0	0	0	0	0	0	0	0	0	0	0	0	0	0	0	0	0	0	0	0	0	0	0	0	0	0	0	0	0	0	0	0	0	0	0	0	0	0	0	0	0	0	0	0	0	0	0	0	0	0	0	0	0	0	0	0	0	0	0	0	0	0	0	0	0	0	0	0	0	0	0	0	0	0	0	0	0	0	0	0	0	0	0	0	0	0	0	0	0	0	0	0	0	0	0	0	0	0	0	0	0	0	0	0	0	0	0	0	0	0	0	0	0	0	0	0	0	0	0	0	0	0	0	0	0	0	0	0	0	0	0	0	0	0	0	0	0	0	0	0	0	0	0	0	0	0	0	0	0	0	0	0	0	0	0	0	0	0	0	0	0	0	0	0	0	0	0	0	0	0	0	0	0	0	0	0	0	0	0	0	0	0	0	0	0	0	0	0	0	0	0	0	0	0	0	0	0	0	0	0	0	0	0	0	0	0	0	0	0	0	0	0	0	0	0	0	0	0	0	0	0	0	0	0	0	0	0	0	0	0	0	0	0	0	0	0	0	0	0	0	0	0	4	0	0	0	0	0	0	0	0	0	0	0	0	0	0	0	0	0	0	0	0	0	0	0	0	0	0	0	0	0	0	21	0	0	0	0	0	0	0	0	0	0	0	0	0	0	0	0	0	0	0	37	0	12	0	0	0	0	0	0	0	0	0	0	0	0	0	0	0	0	6	0	0	0	0	0	0	0	0	0	0	0	0	0	0	27	0	0	0	0	0	0	0	0	0	0	0	0	0	0	0	0	0	0	0	0	0	0	0	0	0	0	0	0	0	0	0	0	0	0	0	0	0	0	0	0	0	0	0	0	0	0	0	0	0	0	9	0	0	0	0	0	0	0	0	0	0	0	0	0	0	0	0	0	0	0	0	0	0	0	0	0	0	0	0	0	0	0	0	0	0	0	0	0	0	0	0	0	0	0	0	0	0	0	0	0	0	0	0	0	0	0	0	0	0	0	0	0	0	0	0	0	0	0	0	0	0	0	0	0	0	0	0	0	0	0	0	0	0	0	0	0	0	0	0	0	0	0	0	0	0	0	0	0	0	0	0	0	0	0	0	0	0	0	0	0	11	0	0	0	0	0	0	0	0	0	0	0	0	0	0	0	0	0	0	0	0	0	0	0	0	0	0	0	1	0	0	0	0	0	0	0	0	0	0	0	0	0	0	0	0	0	0	0	5	0	0	0	0	6	0	0	0	0	0	0	0	0	0	0	0	0	0	0	0	0	0	0	0	0	0	0	0	0	0	0	0	0	0	0	0	0	0	0	0	0	0	0	0	0	0	0	0	0	0	0	0	0	0	0	0	0	0	0	0	0	0	0	0	0	34	0	0	0	0	0	0	0	0	0	0	0	0	0	0	0	0	0	0	0	0	0	0	0	0	55	0	0	0	0	0	0	0	0	0	0	0	0	0	0	0	0	0	18	0	0	0	0	0	0	0	0	0	0	0	0	0	0	0	0	0	0	0	0	0	0	0	0	4	0	0	0	0	0	0	0	0	0	0	0	0	0	0	0	0	0	0	0	20	0	0	0	0	0	0	0	0	46	0	0	0	0	0	0	0	0	0	0	0	0	115	0	0	0	0	53	0	0	0	24	0	0	0	0	0	0	0	0	0	0	0	0	0	0	0	0	0	0	0	0	0	0	0	3	0	89	0	0	0	0	0	0	0	8	0	0	0	0	0	0	0	0	0	0	0	0	0	28	7	0	0	1	0	0	0	0	0	0	0	0	0	0	0	0	4	0	0	21	0	0	0	0	8	0	0	0
21	0	0	0	0	0	0	0	0	0	0	0	0	0	21	0	0	0	0	0	0	0	0	0	0	0	0	0	0	0	0	0	0	0	0	0	0	0	0	0	0	0	0	0	0	0	0	0	0	0	0	0	0	0	0	0	0	0	0	0	0	0	0	0	0	0	0	0	0	0	0	0	0	0	0	0	0	0	0	0	0	0	0	0	0	0	0	0	0	0	0	0	0	0	0	0	0	0	0	0	0	0	0	0	0	0	0	0	0	0	11	0	0	0	0	0	25	2	7	0	0	0	0	0	0	0	0	0	0	0	0	0	0	0	0	5	0	0	0	66	0	0	0	0	0	0	0	0	0	0	0	0	0	0	0	0	0	0	0	0	0	0	0	0	0	0	0	0	0	0	0	0	0	1	0	0	0	0	0	0	3	0	0	0	0	0	0	0	0	0	0	0	0	0	0	0	0	0	0	0	0	0	0	0	0	0	0	16	6	0	2	0	0	0	0	0	0	0	0	0	0	0	1	0	0	0	0	0	0	0	3	0	0	0	0	0	0	0	0	0	0	1	0	0	0	0	0	0	0	0	0	0	0	0	0	0	0	0	0	5	0	0	0	0	8	0	0	0	0	0	0	0	0	0	0	0	0	0	0	0	0	0	73	0	0	0	0	0	0	0	0	0	15	0	0	0	0	0	0	0	0	0	0	1	28	0	0	0	0	0	0	5	0	0	0	0	0	38	0	0	0	0	0	0	0	0	0	2	2	0	0	0	0	0	10	0	0	0	1	0	0	0	0	0	0	0	0	0	0	0	0	0	0	0	0	0	0	0	0	0	6	0	0	9	0	0	0	0	0	4	0	0	0	0	0	0	0	0	0	0	0	0	18	25	0	0	0	3	1	0	4	0	2	0	4	0	0	0	0	0	0	0	6	0	0	0	1	0	0	7	0	37	0	0	0	0	0	1	0	1	0	0	0	0	0	0	0	0	0	0	0	0	0	0	0	0	0	4	0	0	0	0	0	0	0	0	0	1	0	5	17	3	0	0	0	0	0	0	0	2	0	0	0	0	0	13	3	0	0	0	0	0	0	0	0	0	5	0	0	0	0	0	0	0	0	0	0	0	12	0	0	0	0	0	5	1	0	0	0	1	10	0	0	0	0	0	0	0	0	0	0	0	0	0	0	0	4	0	0	0	0	0	1	0	0	0	0	4	0	0	2	0	49	0	0	18	0	0	0	2	0	0	0	0	0	0	0	0	1	0	0	0	0	0	0	0	0	0	1	322	0	4	0	47	0	0	0	0	0	0	0	0	0	0	0	0	19	9	2	0	0	0	0	0	1	0	0	0	0	1	0	0	0	4	0	0	0	12	0	0	0	2	0	0	0	0	0	0	0	0	0	0	0	1	0	0	0	0	0	0	0	0	0	0	0	0	0	0	0	0	13	0	1	0	0	0	0	0	0	0	0	11	0	0	0	0	0	0	0	0	0	0	14	38	0	0	0	0	0	0	0	0	0	0	0	0	0	0	0	0	0	0	0	0	0	1	0	0	0	0	103	0	0	0	4	0	0	0	0	1	0	0	0	0	0	0	0	0	0	0	0	0	80	0	14	5	0	0	0	11	0	0	0	0	0	36	0	0	0	0	0	2	0	0	79	24	0	0	0	0	0	0	0	0	0	0	57	17	0	0	0	0	0	0	0	0	0	0	0	0	17	0	0	0	0	0	0	0	0	0	0	0	17	0	0	0	0	0	0	0	0	5	35	0	0	0	88	66	0	4	0	0	0	0	0	0	0	0	0	0	0	6	14	0	0	0	0	0	0	0	0
22	0	0	0	0	0	0	0	0	0	0	0	0	0	0	0	0	0	0	0	0	0	0	0	0	0	0	0	0	0	0	0	0	0	42	0	0	0	0	0	0	0	0	0	0	0	0	0	0	0	0	0	0	0	0	0	0	0	0	0	0	0	0	0	0	0	0	0	0	0	0	0	0	0	0	0	0	0	0	0	0	0	0	0	0	0	0	0	0	0	0	66	0	0	0	0	4	0	0	0	0	0	0	0	0	6	0	0	0	0	0	1	0	0	0	0	0	0	4	0	0	0	0	0	0	0	0	0	0	0	0	0	0	0	0	0	0	2	0	0	0	0	0	0	2	0	0	0	0	0	0	0	0	0	1	0	0	0	0	0	0	0	0	0	0	0	0	0	0	0	0	0	0	0	1	0	0	0	0	0	0	0	0	0	7	0	0	0	0	0	0	0	0	0	0	0	0	0	3	0	0	0	0	0	0	0	0	0	0	0	0	0	0	1	0	0	0	24	0	0	0	0	0	0	0	0	0	9	0	0	0	0	0	0	0	1	0	0	0	0	31	0	0	14	0	0	0	0	0	4	0	0	0	0	0	0	0	3	0	0	0	21	0	0	0	0	0	43	0	0	0	0	0	0	0	0	0	0	0	0	1	0	0	0	0	0	0	0	0	0	0	3	0	0	0	0	0	0	0	0	0	0	5	0	0	0	0	0	0	0	32	0	0	0	0	0	0	0	0	0	0	2	0	0	0	1	0	0	0	0	0	0	0	0	0	0	0	0	0	0	0	0	0	0	0	0	0	0	0	0	0	8	0	0	0	1	0	0	0	0	0	0	0	0	0	0	0	0	3	0	0	1	0	0	0	4	2	2	0	0	0	0	1	0	0	0	0	0	0	0	0	0	0	0	0	0	0	0	0	0	0	0	0	0	0	0	4	0	0	0	0	2	0	0	0	50	0	14	0	0	0	0	0	0	0	0	0	4	0	0	18	0	0	0	0	0	0	1	0	0	0	0	0	0	0	0	0	0	0	0	0	0	0	0	1	1	0	0	0	0	0	0	0	0	0	0	0	0	0	0	0	3	0	1	0	0	0	0	0	0	0	0	0	0	0	0	0	1	0	2	0	0	0	0	0	0	0	0	0	0	0	0	0	0	0	0	0	0	0	7	0	0	0	0	0	0	0	0	0	0	0	0	0	0	0	0	0	0	0	6	1	0	0	0	0	0	0	0	0	0	0	0	0	0	0	0	0	1	0	0	0	0	0	0	0	0	0	0	0	129	0	0	32	19	0	0	0	0	0	0	0	0	0	0	0	0	0	0	0	0	4	0	0	0	0	0	0	0	0	0	0	0	0	0	0	5	0	0	0	0	0	0	0	0	0	0	0	0	0	0	0	0	0	0	0	0	0	0	0	0	0	27	0	0	0	0	0	0	0	0	40	0	0	0	0	0	0	0	0	0	0	0	0	3	0	0	0	0	0	0	0	0	39	57	0	3	0	0	0	0	0	0	0	0	0	0	0	0	0	0	0	0	0	0	0	0	0	0	0	0	6	0	0	0	0	0	0	0	0	0	0	0	0	0	0	0	0	0	0	0	0	0	37	0	0	0	0	0	0	0	0	0	0	0	0	48	47	0	0	0	41	0	0	0	66	0	0	0	0	0	0	0	0	0	0	30	0	0	0	0	0	0	0	0	0	0	0	0	0	0	0	0	0	0	0	0	0	0	2	24	0	0	0	0	0	0	0	0	0	0	0	0	0	0	0	0	183	0	0	0	0	0	0	0	0	0	0	0	0	5	0	0	0	0	0	0	0	0	0	2	0
23	0	0	0	0	0	0	0	0	0	0	0	0	0	0	0	0	0	0	0	0	0	0	0	0	0	0	0	0	0	0	0	0	0	0	0	0	0	0	0	0	0	0	0	0	0	0	0	0	0	0	0	0	0	0	0	0	0	0	0	0	0	0	0	0	0	0	0	0	0	0	0	0	0	0	0	0	0	0	0	0	0	0	0	0	0	0	0	0	0	0	0	0	0	0	0	0	0	0	0	0	0	0	0	0	0	0	0	0	2	0	0	0	0	0	0	0	0	20	0	0	0	0	0	0	0	0	0	0	0	0	0	0	0	0	0	0	0	0	0	0	0	0	0	0	0	0	0	0	0	0	0	0	0	0	0	0	0	0	0	0	0	0	0	0	0	0	0	0	0	0	0	0	0	0	0	0	0	0	0	0	0	0	0	0	0	0	0	0	0	0	0	0	0	0	0	0	0	0	0	0	0	3	0	0	0	0	0	0	0	0	0	0	0	0	0	0	0	0	0	0	0	0	0	0	0	0	0	0	0	0	0	17	0	0	0	0	0	0	1	10	0	0	0	0	0	0	0	0	0	0	5	0	0	0	0	0	0	0	0	0	0	0	0	0	0	0	0	0	0	0	0	0	0	0	0	0	0	0	0	0	1	0	0	0	0	0	0	0	0	0	0	0	0	0	0	0	4	0	4	0	0	0	0	0	0	0	0	0	0	0	0	0	0	0	0	0	0	0	0	0	0	0	0	0	0	4	0	0	0	0	0	0	0	0	1	0	0	0	0	0	0	0	0	0	0	0	0	0	0	0	0	0	9	0	5	0	0	0	0	0	0	1	0	0	8	0	0	0	0	0	0	0	0	0	0	0	0	0	0	0	0	0	0	0	0	0	0	0	0	0	0	0	0	0	0	0	0	0	0	14	0	1	0	0	0	0	0	0	0	0	0	0	0	0	0	0	0	0	0	0	0	0	0	0	0	0	0	0	0	0	0	0	0	0	0	0	0	0	0	0	0	0	0	0	0	0	0	0	0	0	0	0	60	0	0	0	0	0	0	0	0	0	0	0	90	0	0	0	0	0	0	0	0	0	0	0	0	0	0	0	0	0	0	0	0	0	0	0	0	0	0	0	0	0	0	0	1	0	0	0	0	0	0	0	0	0	0	0	0	0	0	0	0	0	0	0	0	0	0	0	0	0	3	0	0	0	0	3	0	0	0	0	0	116	0	0	4	0	0	0	0	0	0	0	0	0	0	0	0	0	0	0	0	41	0	0	0	0	210	0	0	0	0	11	0	0	0	0	0	0	0	0	0	0	0	0	0	6	0	0	0	0	0	0	0	0	0	0	0	0	0	0	0	0	0	0	0	0	0	0	0	74	0	0	0	0	1	0	0	48	0	0	0	0	0	0	0	0	0	0	0	0	0	0	0	0	0	0	0	50	97	0	0	0	0	0	0	0	0	0	0	0	0	8	151	0	0	0	0	0	0	0	85	0	0	0	0	12	0	43	0	0	0	50	0	0	0	0	0	0	0	0	0	1	0	0	0	0	0	0	0	0	0	0	0	0	0	0	0	0	0	0	0	1	0	0	0	0	0	0	0	57	66	0	0	0	0	0	0	0	0	0	26	0	21	0	0	0	0	51	0	0	3	81	0	0	2	0	0	0	0	0	0	6	0	73	0	0	0	0	0	0	0	0	0	21	0	28	0	155	0	0	22	0	0	0	0	96	118	0	0	0	0	0	19	99	3	0	5	0	0	226	0	0	0	55	0	0	0	11	0	0	32	0	0	0	0	0	0	0	0	143	0	0	0	0	0	0	0	0
24	0	0	0	0	0	0	0	0	0	0	0	0	0	0	0	0	0	9	0	0	0	0	0	0	66	0	0	0	0	0	0	0	0	0	0	0	0	0	0	0	0	0	0	0	0	0	0	0	0	0	0	0	0	0	0	0	0	0	0	0	0	0	0	0	0	0	0	0	0	0	0	0	0	0	0	0	15	0	0	0	0	0	0	0	0	0	0	0	0	0	0	0	0	0	0	0	0	0	0	0	0	0	0	0	14	7	0	0	0	0	0	0	0	0	10	0	0	0	0	12	0	0	0	5	0	0	0	0	0	0	11	0	0	0	0	0	0	0	0	16	0	0	0	0	0	0	0	0	0	0	0	0	24	0	0	0	0	2	0	0	0	0	0	0	0	0	0	0	0	0	0	0	0	5	0	0	0	0	0	0	0	0	0	0	0	0	0	0	0	0	0	0	0	0	0	0	0	0	0	0	0	0	0	0	0	0	0	0	0	0	3	1	0	0	0	0	0	0	4	0	0	0	0	0	20	0	0	0	0	0	4	0	0	0	0	0	0	0	0	0	0	0	0	0	2	0	0	0	0	0	80	0	0	0	0	0	0	0	0	0	16	0	0	0	0	0	0	0	0	0	0	0	0	0	1	3	0	0	0	0	0	0	0	0	0	47	0	0	0	0	0	0	0	0	0	0	0	0	0	0	0	0	40	0	0	0	0	0	0	0	0	0	0	0	0	5	0	0	0	0	0	88	0	0	0	0	54	0	0	0	0	0	0	0	0	0	0	0	1	0	0	0	0	0	0	0	0	0	0	0	0	0	32	0	0	0	7	9	14	0	0	0	0	0	0	0	0	0	0	0	0	32	4	0	0	0	0	0	0	0	0	1	0	0	0	0	0	0	0	0	0	0	0	0	0	0	0	2	0	0	0	0	0	0	0	0	0	0	0	0	0	0	1	0	0	0	0	0	0	0	0	0	0	0	0	0	0	0	0	0	0	0	0	0	0	0	0	0	0	0	0	5	0	0	7	0	0	0	0	0	0	0	0	0	0	0	0	0	0	0	0	0	0	0	0	0	0	0	0	0	0	0	0	9	0	0	0	0	0	0	0	13	0	0	0	0	0	0	0	0	0	20	0	0	0	0	0	0	0	0	0	0	0	0	0	0	0	0	0	0	0	0	0	0	0	0	0	0	0	0	0	1	0	0	0	0	0	0	0	2	0	0	0	0	0	0	0	3	0	0	0	0	0	0	0	0	0	0	0	0	0	0	0	0	0	0	0	12	8	0	0	0	0	0	0	0	0	0	0	0	0	0	0	0	0	0	2	0	0	0	0	0	0	0	0	0	0	0	0	0	0	0	0	0	0	0	0	3	0	0	0	0	0	0	0	47	0	0	0	13	0	0	5	4	0	0	0	0	0	0	0	1	0	0	0	1	0	0	0	165	130	0	0	0	0	0	0	0	0	0	0	0	0	0	0	0	0	0	0	0	17	0	116	0	0	0	23	9	0	3	0	0	0	0	0	0	0	0	0	0	0	9	0	0	0	0	0	0	0	3	0	0	0	0	0	0	0	0	0	0	0	0	0	0	0	0	0	0	0	0	0	88	0	0	0	1	0	1	0	6	0	0	0	0	12	0	0	0	0	16	0	0	0	222	0	0	0	0	0	0	1	0	0	0	21	3	0	0	0	0	0	0	0	0	0	0	0	109	0	15	0	0	0	0	0	0	0	16	95	0	0	0	0	0	13	262	0	0	0	0	0	38	0	0	0	28	0	0	6	97	0	0	46	0	0	0	0	0	0	0	0	80	0	0	0	0	0	0	0	0
