0	0	0	0	0	0	0	0	0	0	0	0	0	0	0	0	0	0	0	0	0	0	0	0	0	0	0	0	0	0	0	0	0	0	0	0	0	0	0	0	0	0	0	0	0	0	0	0	0	0	0	0	0	0	0	0	0	0	0	0	0	0	0	0	0	0	0	0	0	0	0	0	0	0	0	0	0	0	0	0	0	0	0	0	0	0	0	0	0	0	0	0	0	0	0	0	0	0	0	0	0	12	12	12	12	12	12	12	12	12	12	12	12	12	12	12	12	12	12	12	12	12	12	12	12	12	12	12	12	12	12	12	12	12	12	12	12	12	12	12	12	12	12	12	12	12	12	12	12	12	12	12	12	12	12	12	12	12	12	12	12	12	12	12	12	12	12	12	12	12	12	12	12	12	12	12	12	12	12	12	12	12	12	12	12	12	12	12	12	12	12	12	12	12	12	12	12	12	12	12	12	24	24	24	24	24	24	24	24	24	24	24	24	24	24	24	24	24	24	24	24	24	24	24	24	24	24	24	24	24	24	24	24	24	24	24	24	24	24	24	24	24	24	24	24	24	24	24	24	24	24	24	24	24	24	24	24	24	24	24	24	24	24	24	24	24	24	24	24	24	24	24	24	24	24	24	24	24	24	24	24	24	24	24	24	24	24	24	24	24	24	24	24	24	24	24	24	24	24	24	24	48	48	48	48	48	48	48	48	48	48	48	48	48	48	48	48	48	48	48	48	48	48	48	48	48	48	48	48	48	48	48	48	48	48	48	48	48	48	48	48	48	48	48	48	48	48	48	48	48	48	48	48	48	48	48	48	48	48	48	48	48	48	48	48	48	48	48	48	48	48	48	48	48	48	48	48	48	48	48	48	48	48	48	48	48	48	48	48	48	48	48	48	48	48	48	48	48	48	48	48	72	72	72	72	72	72	72	72	72	72	72	72	72	72	72	72	72	72	72	72	72	72	72	72	72	72	72	72	72	72	72	72	72	72	72	72	72	72	72	72	72	72	72	72	72	72	72	72	72	72	72	72	72	72	72	72	72	72	72	72	72	72	72	72	72	72	72	72	72	72	72	72	72	72	72	72	72	72	72	72	72	72	72	72	72	72	72	72	72	72	72	72	72	72	72	72	72	72	72	72	96	96	96	96	96	96	96	96	96	96	96	96	96	96	96	96	96	96	96	96	96	96	96	96	96	96	96	96	96	96	96	96	96	96	96	96	96	96	96	96	96	96	96	96	96	96	96	96	96	96	96	96	96	96	96	96	96	96	96	96	96	96	96	96	96	96	96	96	96	96	96	96	96	96	96	96	96	96	96	96	96	96	96	96	96	96	96	96	96	96	96	96	96	96	96	96	96	96	96	96	120	120	120	120	120	120	120	120	120	120	120	120	120	120	120	120	120	120	120	120	120	120	120	120	120	120	120	120	120	120	120	120	120	120	120	120	120	120	120	120	120	120	120	120	120	120	120	120	120	120	120	120	120	120	120	120	120	120	120	120	120	120	120	120	120	120	120	120	120	120	120	120	120	120	120	120	120	120	120	120	120	120	120	120	120	120	120	120	120	120	120	120	120	120	120	120	120	120	120	120	144	144	144	144	144	144	144	144	144	144	144	144	144	144	144	144	144	144	144	144	144	144	144	144	144	144	144	144	144	144	144	144	144	144	144	144	144	144	144	144	144	144	144	144	144	144	144	144	144	144	144	144	144	144	144	144	144	144	144	144	144	144	144	144	144	144	144	144	144	144	144	144	144	144	144	144	144	144	144	144	144	144	144	144	144	144	144	144	144	144	144	144	144	144	144	144	144	144	144	144
0	0	0	0	0	0	0	0	0	0	0	0	0	0	0	0	0	0	0	0	0	0	0	0	0	0	0	0	0	0	0	0	0	0	0	0	0	0	0	0	0	0	0	0	0	0	0	0	0	0	0	0	0	0	0	0	0	0	0	0	0	0	0	0	0	0	0	0	0	0	0	0	0	0	0	0	0	0	0	0	0	0	0	0	0	0	0	0	0	0	0	0	0	0	0	0	0	0	0	0	0	100	100	100	100	100	100	100	100	100	100	100	100	100	100	100	100	100	100	100	100	100	100	100	100	100	100	100	100	100	100	100	100	100	100	100	100	100	100	100	100	100	100	100	100	100	100	100	100	100	100	100	100	100	100	100	100	100	100	100	100	100	100	100	100	100	100	100	100	100	100	100	100	100	100	100	100	100	100	100	100	100	100	100	100	100	100	100	100	100	100	100	100	100	100	100	100	100	100	100	100	100	100	100	100	100	100	100	100	100	100	100	100	100	100	100	100	100	100	100	100	100	100	100	100	100	100	100	100	100	100	100	100	100	100	100	100	100	100	100	100	100	100	100	100	100	100	100	100	100	100	100	100	100	100	100	100	100	100	100	100	100	100	100	100	100	100	100	100	100	100	100	100	100	100	100	100	100	100	100	100	100	100	100	100	100	100	100	100	100	100	100	100	100	100	100	100	100	100	100	100	100	100	100	100	100	100	100	100	100	100	100	100	100	100	100	100	100	100	100	100	100	100	100	100	100	100	100	100	100	100	100	100	100	100	100	100	100	100	100	100	100	100	100	100	100	100	100	100	100	100	100	100	100	100	100	100	100	100	100	100	100	100	100	100	100	100	100	100	100	100	100	100	100	100	100	100	100	100	100	100	100	100	100	100	100	100	100	100	100	100	100	100	100	100	100	100	100	100	100	100	100	100	100	100	100	100	100	100	100	100	100	100	100	100	100	100	100	100	100	100	100	100	100	100	100	100	100	100	100	100	100	100	100	100	100	100	100	100	100	100	100	100	100	100	100	100	100	100	100	100	100	100	100	100	100	100	100	100	100	100	100	100	100	100	100	100	100	100	100	100	100	100	100	100	100	100	100	100	100	100	100	100	100	100	100	100	100	100	100	100	100	100	100	100	100	100	100	100	100	100	100	100	100	100	100	100	100	100	100	100	100	100	100	100	100	100	100	100	100	100	100	100	100	100	100	100	100	100	100	100	100	100	100	100	100	100	100	100	100	100	100	100	100	100	100	100	100	100	100	100	100	100	100	100	100	100	100	100	100	100	100	100	100	100	100	100	100	100	100	100	100	100	100	100	100	100	100	100	100	100	100	100	100	100	100	100	100	100	100	100	100	100	100	100	100	100	100	100	100	100	100	100	100	100	100	100	100	100	100	100	100	100	100	100	100	100	100	100	100	100	100	100	100	100	100	100	100	100	100	100	100	100	100	100	100	100	100	100	100	100	100	100	100	100	100	100	100	100	100	100	100	100	100	100	100	100	100	100	100	100	100	100	100	100	100	100	100	100	100	100	100	100	100	100	100	100	100	100	100	100	100	100	100	100	100	100	100	100	100	100	100	100	100	100	100	100	100	100	100	100	100	100	100	100	100	100	100	100	100	100	100	100	100	100	100	100	100	100	100	100	100	100	100	100	100	100	100	100	100	100	100	100	100	100	100	100	100	100	100	100	100	100	100	100	100	100	100	100	100	100	100	100	100	100	100	100	100	100	100	100	100	100	100	100	100	100	100	100	100	100	100	100	100	100	100	100	100	100	100	100	100	100	100	100	100	100	100	100	100	100	100	100	100	100	100	100	100	100	100	100
1	0	0	0	0	0	0	0	0	0	0	0	0	0	0	0	0	0	0	0	0	0	0	0	0	0	0	0	0	0	0	0	0	0	0	0	0	0	0	0	0	0	0	0	0	0	0	0	0	0	0	0	0	0	0	0	0	0	0	0	0	0	0	0	0	0	0	0	0	0	0	0	0	0	0	0	0	0	0	0	0	0	0	0	0	0	0	0	0	0	0	0	0	0	0	0	0	0	0	0	0	0	19	0	0	30	16	0	0	0	18	0	0	134	34	0	0	0	0	0	47	44	7	0	0	172	0	25	5	15	7	12	0	0	6	0	7	28	7	0	0	0	0	0	0	9	0	0	0	24	0	4	0	0	0	0	0	0	0	0	0	0	6	15	65	115	0	0	0	0	0	0	0	0	6	11	0	0	3	0	0	8	0	38	0	0	0	51	0	0	17	0	0	0	0	0	6	16	61	13	0	2	2	2	0	1	11	0	91	3	40	0	0	3	18	6	11	0	21	7	2	6	0	0	0	0	0	0	0	0	0	0	12	65	69	6	2	0	91	0	3	1	0	16	8	4	0	0	23	6	11	11	13	7	0	0	9	2	26	0	1	4	0	0	58	0	8	5	45	23	0	0	0	49	0	0	24	0	17	1	0	25	24	0	4	0	0	14	37	60	0	8	0	21	114	0	0	0	48	16	11	47	0	0	1	71	0	0	3	101	2	7	0	240	15	13	9	4	0	0	1	0	1	4	169	34	3	8	0	120	79	0	71	0	3	9	0	1	3	12	20	0	100	0	57	96	0	0	7	0	15	2	0	0	0	0	11	1	6	0	0	1	38	0	0	90	0	65	16	0	9	95	38	54	1	28	135	0	39	66	1	18	49	2	13	8	0	28	4	8	0	0	0	29	1	1	1	0	13	1	0	21	65	72	138	12	69	0	33	159	119	11	93	101	30	24	0	0	0	146	83	18	3	103	74	6	70	48	0	1	86	35	0	12	88	13	2	70	0	0	11	6	103	90	0	4	100	69	202	0	0	121	75	0	257	213	2	0	71	69	9	45	0	3	9	99	27	67	75	0	47	145	82	82	26	0	0	28	130	61	0	0	112	0	1	43	57	5	12	93	0	22	48	70	11	26	64	11	0	1	5	53	85	68	1	97	37	58	0	48	233	163	0	96	5	75	51	78	0	36	329	182	0	47	0	14	172	111	104	50	13	0	8	0	29	64	68	0	148	0	6	46	18	101	22	15	275	10	174	2	224	154	51	120	126	38	203	0	42	52	201	0	76	87	3	0	47	40	17	33	51	69	65	18	28	0	106	91	1	177	80	19	89	0	0	52	55	4	79	1	161	52	101	142	2	180	1	0	23	15	20	141	107	70	1	107	217	117	24	23	120	27	59	5	62	72	0	39	69	9	74	35	42	191	0	14	239	55	162	376	41	5	52	59	16	128	89	87	274	13	122	223	108	405	45	119	8	35	196	106	15	54	33	0	168	82	224	29	60	29	8	17	60	5	204	92	7	0	27	17	0	0	163	0	0	45	178	75	41	234	298	94	74	161	37	11	0	45	188	41	147	81	64	150	93	85	175	42	110	63	33	104	151	167	68	382	78	68	183	105	136	4	50	247	135	59	56	108	101	41	40	120	53	44	175	86	9	171	62	38	114	23	60	105	68	4	63	188	165	59	66	22	0	112	136	150	27	70	167	15	30	124	76	26	30	392	361	40	30	123	125	110	170	44	252	87	122	0	71	0	112	7	325	47	145	229	81	84	264	43	72	1	115	99	4	36	22	80	117	0	58	59	101	92	55	0	34	80	26	105	113
2	0	0	0	0	0	0	0	0	0	0	0	0	0	0	0	0	0	0	0	0	0	0	0	0	0	0	0	0	0	0	0	0	0	0	0	0	0	0	0	0	0	0	0	0	0	0	0	0	0	0	0	0	0	0	0	0	0	0	0	0	0	0	0	0	0	0	0	0	0	0	0	0	0	0	0	0	0	0	0	0	0	0	0	0	0	0	0	0	0	0	0	0	0	0	0	0	0	0	0	0	85	0	0	0	0	0	4	0	45	0	0	0	0	132	114	13	0	0	21	0	0	1	0	0	14	0	0	44	4	26	0	0	22	0	0	4	0	4	0	0	2	0	0	1	21	1	0	0	2	3	0	0	0	0	22	0	0	0	25	0	106	0	0	34	0	0	0	26	0	0	0	0	2	23	0	0	0	4	0	0	43	0	0	0	30	0	0	62	0	0	0	12	39	0	7	8	0	7	0	0	4	0	55	0	5	0	0	0	4	23	2	10	0	0	121	5	0	0	0	0	18	60	0	0	0	0	0	37	0	0	0	33	0	0	0	4	0	37	90	0	0	63	24	21	3	9	2	2	13	4	0	32	50	0	70	22	3	18	0	0	24	3	0	0	20	5	1	78	10	0	3	0	0	0	18	0	0	1	0	11	48	21	4	0	0	0	16	0	145	0	0	0	0	201	0	0	4	0	57	0	14	0	11	8	130	137	0	22	83	71	2	0	46	87	7	0	13	6	0	4	127	0	35	46	0	144	0	42	84	3	0	23	9	98	122	0	13	67	0	1	0	0	0	252	58	0	32	0	0	169	119	0	0	0	0	2	153	18	0	0	0	246	1	28	77	0	170	123	13	0	0	13	36	33	0	118	24	31	418	25	0	140	20	229	51	0	0	0	12	115	3	0	2	3	4	6	17	35	6	9	87	92	81	106	96	108	0	58	117	82	1	134	10	4	4	0	0	0	85	336	77	32	28	205	165	3	120	2	36	109	0	2	50	42	72	0	76	3	0	2	15	286	63	17	6	123	50	6	0	6	17	0	0	44	257	54	123	166	204	85	151	6	14	93	72	41	2	136	35	117	173	32	58	17	0	0	0	0	0	0	22	24	0	60	60	7	38	137	0	0	0	1	0	165	1	118	0	14	33	83	82	138	40	0	134	97	91	124	38	96	76	48	183	12	194	19	308	0	20	36	47	0	68	2	173	88	283	183	57	147	2	60	0	77	0	17	17	117	1	211	36	58	0	0	31	238	177	181	6	94	17	161	135	3	24	154	73	0	70	68	8	14	42	0	0	39	97	13	26	229	135	69	0	14	15	25	26	1	40	72	0	62	47	5	242	108	26	33	83	126	57	7	320	23	17	34	28	138	87	5	0	71	50	8	76	221	49	10	231	34	121	49	0	475	35	1	49	75	8	89	58	18	5	8	129	79	39	203	65	100	9	40	376	54	60	20	12	138	69	190	119	75	13	38	53	50	132	66	56	82	28	47	1	96	66	57	0	40	13	0	129	45	64	56	54	27	7	65	73	22	75	131	2	17	75	89	60	52	106	44	216	174	13	148	215	30	506	305	0	32	104	80	69	222	110	201	44	80	33	103	156	66	119	86	75	58	50	75	188	49	84	114	67	39	45	31	21	120	27	176	119	184	34	54	99	68	57	16	82	65	166	66	194	173	1	147	27	104	55	100	64	28	222	32	25	30	176	176	41	60	117	146	85	0	63	245	88	48	282	297	64	122	150	152	37	120	0	232	4	10	0	84	19	9	173	31	155	2	125	107	0	15	73	21	1	48	85	78	2	180	36	19	130	86	8	72	8	140	340	46
3	0	0	0	0	0	0	0	0	0	0	0	0	0	0	0	0	0	0	0	0	0	0	0	13	0	0	0	0	0	0	0	0	0	0	0	0	0	0	0	0	0	0	0	0	0	0	0	0	0	0	0	0	0	0	0	0	0	0	0	0	0	0	0	0	0	0	0	0	0	0	0	0	0	0	0	0	0	0	0	0	0	0	0	0	0	0	0	0	0	0	0	0	0	0	0	0	0	0	0	0	23	0	0	0	0	0	0	0	0	0	0	0	0	0	0	0	0	0	0	0	0	0	0	0	0	0	0	0	0	0	0	0	0	0	0	0	0	0	0	0	0	0	0	0	0	0	0	0	0	0	0	0	0	0	0	0	0	0	0	0	0	0	0	0	0	0	0	0	0	0	0	0	0	0	0	0	0	0	0	0	0	0	0	0	0	13	0	0	0	0	0	0	0	0	0	0	0	0	86	0	0	0	0	0	0	0	0	0	0	2	0	0	0	0	95	0	0	0	0	0	0	18	0	0	0	0	0	1	0	0	0	0	0	0	0	0	0	86	0	0	0	0	0	0	0	0	0	0	0	0	0	15	0	0	0	0	0	0	0	0	0	0	0	0	0	0	0	0	0	0	0	0	0	0	0	0	0	0	0	0	36	109	0	0	0	0	0	0	0	0	0	0	0	43	0	0	0	0	0	0	54	0	0	0	104	43	0	0	207	0	0	1	83	168	0	0	0	0	1	0	67	0	0	73	0	32	0	0	0	12	0	51	0	5	0	0	0	0	0	0	0	0	0	366	110	0	0	0	0	39	52	0	0	0	0	0	3	0	0	0	0	47	0	3	66	0	163	157	0	3	0	0	0	17	0	0	0	0	84	0	0	61	0	299	9	0	0	0	0	0	0	0	0	0	0	3	0	0	0	0	41	57	54	80	190	47	0	13	82	297	0	33	113	0	0	0	0	0	80	81	121	224	114	32	74	0	63	0	24	0	0	0	30	105	122	0	111	0	0	0	0	49	7	1	0	291	311	32	0	0	22	0	0	24	6	22	3	98	36	0	86	0	94	97	141	17	51	150	0	53	116	33	133	0	0	0	0	0	0	0	0	248	0	143	178	69	129	0	0	0	0	0	0	28	0	264	0	0	0	146	49	83	10	0	217	171	133	0	22	130	99	0	199	0	101	66	23	0	126	65	70	0	29	0	125	17	112	74	232	0	0	54	0	121	4	0	0	99	0	0	0	102	0	2	32	103	31	119	0	122	94	163	82	73	79	32	32	0	57	38	0	72	56	0	0	120	151	3	123	55	198	106	0	43	0	72	241	0	127	43	0	24	0	0	111	32	66	46	59	93	70	4	167	0	108	0	0	177	31	0	0	78	39	0	41	149	129	0	52	134	44	143	0	97	114	0	61	154	0	34	38	125	72	0	0	64	38	71	15	120	139	40	53	130	9	92	35	8	245	62	26	47	151	254	28	29	86	61	34	60	128	75	0	63	92	104	0	51	37	0	29	112	0	91	46	0	0	159	160	35	31	49	0	0	212	161	216	351	117	0	258	170	141	155	50	0	76	64	0	125	157	119	71	95	65	275	27	109	159	118	240	117	67	77	36	70	236	11	82	109	4	125	83	56	18	151	17	71	31	82	66	23	156	88	229	81	133	265	107	27	68	124	50	187	0	21	43	92	111	152	212	82	191	62	37	222	246	171	83	36	124	50	76	67	67	61	72	35	25	30	153	324	63	49	380	60	0	57	0	193	0	88	40	71	219	132	54	88	137	10	0	43	67	0	0	39	93	262	42	21	82	131	62	71	0	152	4	123	24	35
4	0	0	0	0	0	0	0	0	0	0	0	0	0	0	0	0	0	0	0	0	0	0	0	65	0	0	0	0	0	0	0	0	0	0	0	0	0	48	0	0	0	0	0	0	0	0	0	0	0	0	0	0	0	0	0	0	0	0	0	0	0	0	0	0	0	0	0	0	0	0	0	0	0	0	0	0	0	0	0	0	0	0	0	0	0	0	0	0	0	0	0	0	0	0	0	0	0	0	0	0	0	0	0	0	0	0	0	0	0	0	0	0	0	0	0	0	0	0	0	0	0	0	0	0	0	0	0	38	0	0	0	0	0	0	0	0	0	0	0	0	0	0	0	0	0	0	0	0	0	0	0	0	0	0	0	0	0	0	0	0	0	0	0	0	28	0	0	0	0	0	0	0	0	0	0	0	0	0	0	0	0	0	0	0	0	0	0	0	0	0	0	0	0	0	0	0	0	0	0	0	0	3	0	6	0	8	0	0	0	0	25	0	0	0	120	0	0	0	0	0	0	0	0	0	0	0	0	0	0	0	0	0	0	0	0	0	0	0	0	0	0	0	0	0	0	0	0	0	0	0	52	0	0	0	0	0	0	0	0	0	0	0	0	0	0	0	0	0	0	0	0	0	0	0	0	0	0	0	0	0	0	20	0	0	0	0	4	22	0	0	35	0	0	0	0	0	0	0	0	0	12	0	0	0	119	3	0	0	13	0	0	0	145	115	0	0	0	0	0	0	0	0	24	85	0	97	0	2	0	14	0	199	0	0	0	0	0	0	0	0	0	4	0	53	230	0	0	0	0	104	0	0	0	0	0	0	14	0	0	0	0	67	0	0	93	0	110	0	0	0	0	0	0	0	0	0	0	27	96	0	0	35	0	55	0	0	0	0	0	0	0	0	0	0	0	0	0	0	0	0	191	96	27	52	82	58	0	91	23	149	0	21	131	0	0	15	0	0	97	43	67	0	76	76	117	7	106	0	72	0	0	0	5	51	115	0	6	0	0	0	0	129	50	0	0	178	101	46	0	0	108	0	0	87	153	152	0	30	82	0	106	0	13	18	65	99	3	29	0	74	67	0	120	0	4	0	0	0	0	0	4	39	0	20	83	86	290	0	0	0	0	0	0	0	0	21	0	0	0	29	18	49	29	0	69	100	162	0	40	60	23	0	13	0	18	22	58	0	23	8	4	0	108	1	12	298	134	77	13	0	0	195	0	141	0	0	0	46	0	0	12	0	0	0	11	47	37	21	0	182	66	186	35	60	28	72	25	0	91	4	0	41	172	0	0	3	87	0	150	15	70	153	0	482	0	54	11	0	55	68	0	91	0	0	150	186	0	81	0	253	25	0	144	0	8	0	0	160	31	0	0	111	129	0	54	13	166	0	81	0	12	91	0	13	75	0	87	29	0	18	22	15	3	0	0	289	332	127	0	0	0	53	67	72	0	0	141	157	166	41	163	19	74	13	51	44	30	68	351	47	36	61	0	104	47	6	0	117	40	0	16	296	0	201	84	0	0	3	137	1	18	0	0	0	167	169	88	0	31	0	1	236	38	170	8	0	106	6	0	80	30	43	40	54	144	48	71	78	122	116	54	9	161	117	327	115	81	88	0	46	0	5	71	187	7	208	35	102	0	156	258	31	182	184	0	35	191	251	261	11	0	40	37	270	0	2	58	57	170	84	50	13	178	26	16	56	327	314	19	105	0	0	10	0	0	28	11	53	0	11	47	85	69	111	8	92	0	15	0	31	0	39	137	55	24	0	153	30	27	178	0	337	0	0	0	202	8	0	0	4	84	0	78	105	0	0	7	49	0	33
5	0	0	0	0	0	0	0	0	0	0	0	0	0	0	0	0	0	0	0	0	0	0	4	0	0	0	0	0	0	0	0	0	0	0	0	0	0	0	0	0	0	0	0	0	0	0	0	0	0	0	0	0	0	0	0	0	0	0	0	0	0	0	0	0	0	0	0	0	0	0	0	0	0	0	0	0	0	0	0	0	0	0	0	0	0	0	0	0	0	0	0	0	0	0	0	0	0	0	0	0	0	0	0	0	0	0	0	0	0	0	0	0	0	0	0	0	0	0	0	0	0	0	2	0	0	0	0	0	2	2	0	0	0	0	0	0	0	0	0	0	0	0	2	0	0	0	0	0	0	0	0	0	0	0	0	0	0	0	0	0	0	0	0	0	39	0	0	0	0	0	0	0	0	0	0	0	0	0	0	0	0	0	0	0	6	0	0	0	0	0	0	0	0	0	0	11	0	0	0	33	0	0	0	0	0	0	0	0	0	0	0	0	3	0	183	0	0	0	0	0	0	1	0	0	0	0	0	0	0	4	0	0	0	0	0	0	0	3	0	0	0	0	17	43	0	0	0	0	7	0	0	28	0	0	0	0	0	0	4	0	0	0	0	1	0	0	0	0	9	0	0	0	0	8	0	0	0	0	0	0	0	79	0	0	0	0	5	0	0	0	0	0	0	0	0	0	0	0	0	0	1	2	0	0	168	0	0	0	169	0	0	0	61	40	0	0	0	0	0	0	12	0	1	41	66	69	0	67	132	0	0	85	0	3	48	17	0	0	0	0	0	0	0	85	71	52	0	0	0	31	20	0	0	0	0	0	0	0	0	0	0	71	18	0	40	0	47	132	1	0	0	0	2	0	0	158	0	0	188	0	2	0	0	65	293	0	0	0	0	0	5	0	0	0	0	0	0	0	26	0	83	59	90	79	257	81	0	170	133	20	2	75	25	0	16	0	0	0	86	50	98	80	188	106	38	0	12	0	41	28	0	0	33	62	223	0	34	2	0	2	4	87	93	0	0	166	20	27	0	0	61	7	0	77	56	13	3	56	160	0	129	0	8	82	69	114	100	60	0	37	170	79	66	0	0	0	0	0	0	35	0	140	1	41	113	92	27	0	0	0	23	0	0	0	0	77	1	0	0	17	126	84	33	0	72	108	145	0	215	122	162	0	37	0	88	33	8	0	0	97	63	0	249	0	35	130	121	91	279	4	0	87	0	96	0	0	0	29	0	12	0	19	0	0	11	187	72	165	1	145	50	0	101	109	178	163	46	15	106	4	0	21	11	0	0	37	10	94	114	198	52	95	0	215	0	132	58	0	41	69	0	230	0	0	348	154	88	22	89	117	2	0	42	0	37	2	2	36	131	0	0	17	119	0	74	76	170	0	65	56	15	90	0	210	82	0	140	116	0	75	111	81	7	0	59	58	402	157	55	25	0	104	105	208	0	173	161	60	109	33	152	0	108	131	0	36	8	103	107	81	35	20	0	104	133	50	14	86	24	0	75	34	0	155	292	0	0	3	141	68	23	13	1	0	39	64	94	27	96	0	55	24	50	55	108	0	5	40	0	8	199	31	51	234	404	207	44	25	151	121	69	11	178	57	126	152	63	62	0	122	0	86	132	158	11	70	82	18	0	153	47	128	119	111	1	101	82	103	171	22	0	71	84	19	0	34	118	98	46	20	66	21	202	154	5	91	17	206	55	10	133	16	53	130	0	67	26	72	1	90	90	29	13	164	123	160	84	127	0	109	0	53	146	107	62	5	53	180	14	134	0	20	0	0	0	100	70	19	0	27	91	0	112	109	0	0	124	62	1	92
6	0	0	0	0	0	0	0	0	0	0	0	0	0	0	0	0	0	0	0	0	0	0	0	0	0	0	0	0	0	0	0	0	0	0	0	0	0	0	0	0	0	0	0	0	0	0	0	0	0	0	0	0	13	0	0	0	0	0	0	0	0	0	0	0	0	0	0	0	0	0	0	0	0	0	0	0	0	18	0	0	0	0	0	0	0	0	0	0	0	21	0	0	0	0	0	0	0	0	0	0	0	0	12	0	0	0	4	0	0	0	0	0	0	0	0	0	0	0	0	0	43	0	0	5	1	0	0	0	0	5	0	0	0	119	0	0	0	0	0	0	0	0	0	0	0	0	0	0	0	0	0	0	0	0	0	0	0	0	0	18	0	0	0	0	0	0	0	0	0	0	0	0	2	0	0	0	0	0	8	4	7	0	0	0	0	0	0	0	0	0	0	0	0	0	2	9	5	0	0	0	0	0	0	0	2	5	0	0	0	27	0	4	3	18	66	0	0	0	0	0	0	3	0	0	0	0	0	1	15	29	0	0	0	0	0	0	0	121	13	0	0	102	11	0	23	0	0	0	0	0	0	2	0	0	0	0	2	20	0	0	34	0	0	0	0	0	0	138	0	0	0	0	1	0	0	0	0	1	0	0	3	45	0	0	0	0	35	0	73	0	0	12	7	47	0	0	0	27	47	0	29	0	0	0	224	3	0	0	25	0	0	6	30	215	0	0	0	0	0	0	100	0	7	67	42	168	0	0	93	109	0	41	0	25	0	0	0	0	0	1	0	73	2	27	38	16	0	0	0	81	1	0	0	0	0	0	37	0	0	0	0	142	0	1	57	0	48	1	1	0	0	0	3	0	0	2	0	4	76	0	0	153	32	317	95	0	0	0	13	119	0	20	0	0	0	0	0	1	0	0	25	211	37	66	112	498	0	72	195	74	0	132	64	0	0	0	0	0	55	182	20	32	123	54	50	0	82	0	29	52	0	2	167	128	13	1	180	0	0	0	10	53	231	0	0	283	39	0	0	0	19	0	0	50	164	44	34	25	21	1	129	12	60	136	38	73	93	53	0	94	103	39	145	8	0	4	37	56	0	0	13	41	99	65	96	151	44	0	61	3	0	26	0	244	3	189	1	0	0	266	6	124	31	0	51	385	100	3	66	53	15	0	232	8	48	27	77	0	97	56	111	0	98	0	376	205	170	108	332	0	0	60	109	25	2	0	45	39	0	23	74	46	0	0	165	110	115	19	38	18	72	0	98	45	184	131	8	0	59	14	0	20	308	0	0	160	96	27	145	159	75	90	0	102	0	72	327	12	80	37	0	82	0	0	116	124	68	325	105	101	61	11	69	0	41	30	200	119	48	0	1	235	58	55	25	164	39	0	136	85	33	73	3	104	25	0	42	54	12	223	160	97	101	0	40	27	10	172	105	107	51	35	210	154	211	56	63	23	41	140	132	68	120	72	54	27	37	268	27	125	120	121	18	85	34	40	0	37	253	0	153	93	0	112	217	0	0	37	326	160	79	62	12	2	29	54	158	44	50	17	84	49	5	225	115	0	52	139	106	29	55	99	76	60	238	103	168	86	33	91	223	51	98	72	92	182	63	55	53	152	28	90	51	125	34	104	73	89	68	285	50	98	89	97	210	31	75	69	40	54	36	108	66	42	0	99	39	157	69	130	63	156	36	107	38	35	69	8	129	52	116	94	66	0	1	16	16	84	182	353	7	166	109	108	194	96	0	38	0	85	0	80	51	58	96	79	24	73	80	83	0	90	16	0	0	66	42	71	0	322	95	0	171	74	0	68	195	140	52	160
7	0	0	0	0	0	0	11	0	0	0	0	0	0	0	0	0	0	0	0	0	0	0	0	0	0	0	0	0	0	0	0	0	0	0	0	0	0	0	0	0	0	0	0	0	0	0	0	0	0	0	0	0	0	0	0	0	0	0	0	0	0	7	0	0	0	0	0	0	0	0	0	0	0	0	0	0	0	0	0	0	0	0	0	0	0	0	0	0	0	0	0	0	0	0	0	0	0	0	0	0	3	0	0	0	0	7	3	0	0	6	0	0	0	0	0	6	0	0	0	0	0	47	0	0	0	0	0	125	0	0	0	0	0	0	0	0	0	0	0	0	0	0	0	0	0	0	0	0	0	0	0	0	0	0	0	0	0	0	0	0	2	0	0	0	0	0	0	0	0	0	0	0	0	0	0	0	0	0	0	0	0	0	0	0	0	0	76	0	0	0	0	10	0	0	0	7	0	0	2	0	0	0	0	0	0	0	0	0	0	0	0	0	0	11	7	0	15	75	8	0	92	6	0	0	0	0	1	0	0	0	0	1	9	0	0	0	0	10	154	15	0	29	0	0	0	78	0	0	51	0	0	3	3	0	0	0	0	63	2	0	0	0	0	0	0	2	10	4	0	0	0	0	0	0	0	2	0	0	56	0	18	55	0	0	0	0	19	0	8	0	0	0	0	7	0	0	12	16	0	0	25	0	0	0	377	119	0	87	102	130	2	1	200	169	0	0	0	0	0	0	26	10	5	43	93	129	0	4	13	40	0	172	0	6	0	0	0	0	0	0	0	0	0	215	42	0	0	0	0	42	39	0	0	0	0	0	82	0	0	4	0	49	0	16	69	0	298	4	0	0	0	0	26	0	5	137	0	51	73	0	0	143	0	120	124	0	6	0	0	47	0	0	46	0	0	4	0	0	1	0	176	87	269	176	23	136	0	244	9	87	0	77	160	0	27	0	0	2	117	201	166	41	32	80	167	0	260	0	70	290	0	0	160	280	2	3	15	12	0	0	4	26	67	7	0	70	100	2	0	0	24	0	0	239	21	36	12	30	59	33	82	0	168	176	117	47	74	73	0	76	125	53	87	0	0	0	0	1	0	41	17	324	0	59	142	69	63	0	85	0	5	0	0	30	50	236	105	34	16	180	127	26	273	0	108	151	105	0	37	80	137	6	149	0	30	35	121	0	35	153	139	0	239	0	239	27	15	61	56	0	0	96	0	83	7	0	0	89	0	10	29	52	14	3	34	159	153	122	0	177	50	0	46	17	107	67	10	43	112	18	0	68	123	0	0	290	58	13	151	106	184	54	0	178	47	67	54	0	151	102	0	66	6	1	70	96	125	42	76	133	77	2	31	0	114	25	0	88	55	14	100	211	20	14	187	26	74	42	20	53	117	59	4	213	119	0	68	131	5	1	80	27	97	0	17	47	228	35	334	60	70	20	20	148	123	12	104	241	45	86	136	144	79	9	165	177	84	57	193	141	21	123	0	63	51	232	0	119	7	0	253	13	0	136	76	25	8	19	146	11	13	118	0	0	61	169	141	53	149	8	73	125	288	111	211	0	336	39	61	140	94	173	147	134	11	124	161	94	27	120	81	91	211	44	85	108	48	2	62	197	27	22	64	203	49	65	145	73	7	203	131	269	31	15	176	164	11	20	74	133	90	60	66	65	0	155	132	36	209	247	86	104	64	145	197	53	37	378	124	226	50	121	129	133	164	16	62	95	78	87	14	318	38	89	39	36	1	55	0	103	9	207	107	22	48	153	145	185	63	154	0	71	100	17	0	21	34	85	0	84	174	175	124	94	1	16	24	249	73	58
8	0	0	0	0	0	0	0	0	0	0	0	0	0	0	0	0	0	0	0	0	0	0	0	0	0	0	0	0	28	0	0	0	0	0	0	0	0	0	0	0	0	0	0	0	0	0	0	0	9	0	0	0	0	0	0	0	0	0	0	0	0	0	0	0	0	0	0	0	0	0	0	0	0	0	0	0	0	0	0	0	0	0	0	0	0	0	0	0	0	0	0	0	0	0	0	0	0	0	0	0	0	0	0	0	0	0	0	0	6	0	0	0	0	0	0	0	0	0	0	0	0	0	0	0	0	0	0	6	0	0	0	0	16	0	0	0	0	0	0	0	0	45	0	0	0	0	0	0	0	0	0	0	0	0	0	0	0	0	0	0	0	0	0	0	0	0	0	0	0	0	0	0	0	0	0	0	0	0	0	0	0	0	0	0	0	0	0	0	0	0	0	89	0	0	0	0	0	0	0	38	0	36	0	0	0	0	0	0	1	47	0	0	0	0	110	0	0	19	0	0	0	5	0	0	0	0	0	0	0	0	0	0	0	0	0	0	0	93	80	0	0	0	0	0	0	22	8	0	5	0	0	0	1	0	0	0	0	115	0	0	0	0	0	0	0	54	4	94	0	0	0	0	0	4	0	11	143	0	0	0	0	70	1	0	0	0	14	0	1	1	0	0	0	32	0	0	0	3	0	0	12	0	0	17	64	134	0	0	125	5	2	0	33	148	3	0	0	6	0	0	16	1	61	50	8	19	0	2	19	25	0	243	0	84	46	0	9	0	0	0	0	9	0	89	39	0	0	0	0	45	12	0	0	0	0	0	66	0	3	0	0	93	0	113	178	0	135	30	11	0	0	0	9	290	0	94	0	0	80	14	0	118	0	103	115	0	108	0	42	33	1	0	5	0	0	6	0	1	0	0	50	515	98	184	52	16	0	84	183	43	25	86	142	2	59	0	0	0	74	176	101	30	35	144	107	0	170	0	42	140	0	0	146	42	124	31	88	0	0	0	34	151	62	0	0	76	77	69	0	0	48	0	0	143	89	266	1	31	80	43	378	0	15	97	67	94	216	66	0	95	136	10	36	94	0	0	0	0	0	0	31	116	0	61	136	53	84	0	3	0	16	1	0	0	15	111	26	11	11	99	15	100	179	0	148	108	25	0	28	40	19	0	81	0	62	118	84	0	61	152	215	0	19	0	14	78	21	209	87	0	1	38	0	74	10	0	0	78	0	1	8	46	33	0	121	102	283	76	0	141	156	65	92	55	293	256	22	3	167	295	0	72	163	3	0	112	46	128	60	124	146	385	0	123	0	97	9	0	24	56	0	130	3	0	61	97	29	68	178	141	90	10	135	3	95	30	73	8	29	0	72	173	47	6	76	44	56	0	77	102	80	117	1	68	31	0	138	371	2	99	70	146	114	19	171	23	117	92	135	39	177	43	40	52	87	12	49	73	76	141	16	128	64	118	70	158	27	136	122	23	32	179	0	237	56	92	0	69	199	0	131	55	0	7	53	0	0	24	79	61	171	84	0	59	40	187	42	149	63	24	113	15	97	137	49	0	29	169	7	171	43	103	65	205	218	119	9	133	94	74	55	42	38	126	131	37	99	107	153	62	23	112	36	169	56	73	185	126	1	194	40	125	248	18	15	75	123	39	89	83	35	117	86	154	0	38	31	66	113	107	108	164	256	72	161	34	96	208	100	75	158	123	161	165	27	34	60	75	111	129	108	156	86	88	48	127	0	29	8	260	0	132	93	41	142	238	249	66	135	213	0	118	47	14	0	525	361	174	0	243	23	288	29	65	0	45	12	198	82	237
9	0	0	0	0	0	0	0	0	0	0	0	0	0	0	0	0	0	0	0	0	0	0	0	0	0	0	0	0	0	0	0	0	0	0	0	0	0	0	0	0	0	0	0	0	0	0	0	0	0	0	0	0	0	0	0	0	0	0	0	0	0	0	0	0	0	0	0	0	0	0	0	0	0	0	0	0	0	0	0	0	0	0	0	0	0	0	0	0	0	0	0	0	0	0	0	0	0	0	0	0	0	0	0	0	0	0	0	0	0	0	0	0	0	0	0	0	0	0	0	0	0	0	0	0	0	0	0	0	0	0	0	0	0	0	0	0	0	0	0	0	0	0	0	0	0	0	0	0	0	0	0	0	0	0	0	0	0	0	0	0	0	0	0	0	0	0	0	0	0	0	0	0	0	0	0	0	0	0	0	0	0	0	0	0	0	0	0	0	0	0	0	0	0	0	0	0	0	0	0	0	0	0	0	0	0	0	0	0	0	0	0	0	0	0	34	0	0	0	0	0	0	0	0	0	0	0	0	0	0	0	0	0	0	0	0	0	0	0	0	0	0	0	0	0	0	0	0	0	0	0	0	0	0	0	0	0	0	0	0	0	0	0	0	0	0	0	0	0	0	0	0	0	0	0	0	0	0	0	0	0	0	0	0	0	0	0	0	0	0	0	0	0	0	0	0	0	0	0	0	0	0	0	0	0	0	0	0	0	0	0	0	0	53	0	0	0	0	0	0	0	0	0	0	0	0	0	0	0	0	0	0	0	0	0	0	0	0	0	0	0	0	0	0	35	0	0	0	0	0	0	0	0	0	0	0	0	0	0	0	0	0	0	0	0	0	0	0	0	0	0	0	0	0	0	0	0	0	0	0	0	0	0	0	0	0	0	0	0	0	27	0	0	0	0	0	0	0	0	0	0	0	0	14	20	1	0	0	0	1	0	0	0	5	0	0	0	0	0	0	0	73	0	0	0	4	0	0	0	0	0	0	0	69	1	0	0	87	0	0	0	0	0	0	0	0	43	53	0	0	0	2	0	0	0	0	0	0	116	0	0	0	0	0	0	1	1	0	50	0	0	0	0	0	0	0	0	0	0	0	0	0	0	0	0	3	0	0	0	0	0	0	0	0	0	0	0	0	0	0	0	27	4	5	0	0	125	0	0	0	0	1	0	15	0	15	0	39	0	0	32	84	0	0	0	0	146	148	11	26	0	0	1	0	9	0	0	0	163	0	0	0	124	0	0	0	0	0	3	0	0	0	0	0	1	0	176	0	0	14	103	0	14	103	0	0	51	0	0	0	0	12	0	0	2	0	0	0	0	124	0	0	3	0	0	2	0	5	6	0	49	13	0	0	0	48	0	0	0	21	0	0	121	0	0	0	0	7	0	0	95	284	0	0	22	55	0	43	0	0	0	49	15	269	0	0	0	33	568	121	138	87	171	0	0	266	50	0	16	0	39	140	9	0	57	139	0	104	12	58	12	5	0	0	200	36	165	0	46	0	0	48	0	0	0	6	0	0	0	31	0	0	453	0	0	112	20	182	153	0	0	58	67	9	0	170	0	143	89	0	135	0	140	29	58	35	9	29	83	0	10	0	294	0	16	0	45	1	113	103	0	0	82	173	0	70	0	0	77	0	10	1	0	0	0	119	0	62	4	0	8	99	0	0	6	0	60	2	240	1	0	17	0	110	0	0	0	24	50	76	206	22	97	0	0	89	36	45	166	281	4	52	131	111	0	47	3	0	32	0	0	0	38	0	0	2	125	0	28	0	123	0	0	74	0	0	6	22	50	0	47	0	43	52	0	0	91	9	1	178	33
10	0	0	0	0	0	0	0	0	0	0	0	0	0	0	0	0	0	0	0	0	0	0	0	0	0	0	0	0	0	0	0	0	0	0	0	0	0	0	0	0	0	0	0	0	0	0	0	0	0	0	0	0	0	0	0	0	0	0	0	0	0	0	0	0	0	0	0	0	0	0	0	0	0	0	0	0	0	0	0	0	0	0	0	0	0	0	0	0	0	0	0	0	0	0	0	0	0	0	0	0	0	0	0	0	0	0	0	0	0	0	0	0	0	0	0	0	0	0	0	0	0	0	0	0	0	0	0	0	0	0	0	0	0	0	0	0	0	0	0	0	0	0	0	0	0	0	0	0	0	0	0	0	0	0	0	0	0	0	0	0	0	0	0	0	0	0	0	0	0	0	0	0	0	0	0	0	0	0	0	0	0	0	0	0	0	0	0	0	0	0	0	0	0	0	0	0	0	0	0	0	0	0	0	0	0	0	0	0	0	0	0	0	0	0	0	0	0	0	0	0	0	0	0	0	0	0	0	0	0	0	0	0	0	0	0	0	0	0	0	0	0	0	0	0	0	0	0	0	0	0	0	0	0	0	0	0	0	0	0	0	0	0	0	0	0	0	0	0	0	0	0	0	0	0	0	0	0	0	0	0	0	0	0	0	0	0	0	0	0	0	0	0	0	0	0	0	0	0	0	0	0	0	0	0	0	0	0	0	17	0	0	0	76	0	0	0	0	0	0	0	0	0	0	0	0	0	0	0	0	0	0	0	0	0	0	0	0	0	0	0	0	0	0	8	0	0	0	0	0	0	0	0	0	0	0	0	0	0	0	0	0	7	0	0	3	0	0	0	0	0	0	0	0	0	0	0	0	0	0	0	0	0	0	0	0	0	0	0	0	0	0	0	0	0	0	0	0	0	0	0	0	0	117	108	0	0	0	0	19	0	0	0	34	0	0	0	0	0	0	0	1	0	0	0	1	0	0	0	0	0	0	0	211	0	0	0	42	0	0	0	0	2	93	0	0	0	0	0	0	0	0	0	0	0	0	0	0	186	0	5	0	0	0	2	0	0	0	0	0	0	0	0	0	0	0	0	0	0	0	0	0	0	0	9	0	0	52	0	0	0	0	0	0	0	0	0	0	0	0	0	0	0	0	0	1	0	0	0	0	0	1	0	27	0	189	0	277	0	0	0	30	0	0	0	0	44	33	12	27	0	0	0	0	8	0	0	0	9	0	0	0	50	0	0	0	0	1	0	0	0	0	0	0	0	0	0	0	0	19	57	0	122	120	0	0	13	0	0	0	0	0	0	0	0	0	19	0	0	142	0	0	0	0	0	28	0	1	35	0	153	9	0	0	0	9	0	0	0	53	0	0	28	1	0	11	5	205	0	0	58	56	0	0	19	167	0	87	0	0	0	0	49	106	0	0	0	0	181	69	100	144	39	0	0	124	33	19	0	38	0	293	178	0	32	55	0	85	7	11	90	0	47	0	59	45	10	0	43	0	0	28	0	0	3	0	0	0	0	126	0	0	109	0	0	11	0	3	81	0	0	28	0	0	8	241	0	68	121	0	14	0	61	10	0	51	131	0	0	0	0	6	70	1	38	0	224	0	106	39	0	0	116	224	2	110	0	0	122	0	0	2	0	0	23	123	0	42	2	0	0	16	0	0	0	0	10	28	28	31	0	0	0	7	0	0	0	0	0	71	33	31	120	0	0	86	96	0	176	77	17	26	13	115	0	209	4	0	52	0	0	0	37	0	0	172	199	0	28	0	68	0	0	141	0	0	1	0	219	0	180	0	145	0	0	0	32	0	0	102	81
11	0	0	0	0	0	0	0	0	0	0	0	0	0	0	0	0	0	0	0	0	0	0	0	0	0	0	0	0	6	0	0	0	0	0	0	0	0	0	0	0	0	0	0	0	0	0	0	0	0	0	0	0	0	0	0	0	0	82	0	0	0	0	0	0	0	0	0	0	0	0	0	0	0	0	0	0	0	0	0	0	0	0	0	0	1	0	0	0	0	0	0	0	0	0	0	0	0	0	0	0	0	14	0	0	2	0	0	0	0	0	0	0	0	0	0	0	0	12	0	0	0	0	0	0	0	0	31	0	19	0	0	0	0	0	0	0	0	0	0	0	0	0	0	0	0	0	0	0	0	0	0	0	0	0	0	0	0	0	0	0	0	0	0	0	0	0	0	0	0	60	0	0	0	0	0	0	0	0	0	0	0	0	0	0	0	0	0	0	0	0	0	0	0	23	0	1	0	0	0	0	0	0	0	0	0	0	4	0	0	0	0	2	0	0	0	0	0	0	0	0	0	0	0	0	4	0	0	0	0	0	0	0	0	193	0	0	0	0	0	0	0	0	0	0	0	0	0	19	2	0	0	0	0	11	0	0	0	0	1	13	3	0	0	0	0	0	15	3	0	0	0	0	28	0	0	0	0	0	0	0	0	0	0	0	0	0	0	0	0	0	0	0	0	0	0	0	0	0	0	0	0	1	0	0	0	5	0	0	0	41	0	0	77	0	0	0	0	0	0	0	0	0	0	0	0	0	0	0	0	0	0	0	0	0	0	0	0	0	0	0	0	0	0	0	0	0	2	0	0	0	0	0	0	0	0	0	0	0	0	0	0	0	0	0	0	0	0	0	0	1	0	0	0	0	0	0	0	0	0	0	2	0	0	0	0	0	0	10	0	0	0	0	0	0	0	0	0	0	0	0	0	0	0	0	0	4	0	0	0	0	0	0	0	0	0	0	2	0	0	0	0	0	0	0	0	0	0	0	0	0	0	0	49	0	0	1	16	0	0	0	0	0	2	0	0	0	0	0	7	0	0	0	0	0	0	0	0	205	0	0	0	0	0	5	0	0	0	0	0	0	0	0	0	0	0	0	0	1	0	0	0	0	0	0	0	0	0	0	0	0	0	0	0	0	0	0	0	0	0	0	0	0	0	0	0	0	0	0	1	0	0	0	0	0	0	0	80	0	0	0	81	0	0	0	2	30	155	0	8	0	0	0	0	72	0	0	0	0	2	0	0	89	0	0	0	0	0	0	0	0	0	0	0	0	0	0	0	0	0	187	0	6	0	0	0	44	0	0	0	0	0	0	32	0	1	0	0	0	206	0	0	0	0	0	0	0	34	64	0	64	0	0	0	0	0	0	0	0	27	0	0	97	0	0	0	0	44	0	0	66	50	0	0	0	0	0	96	0	0	0	0	48	106	0	0	0	0	0	96	71	70	196	0	0	128	6	0	0	36	0	36	127	0	215	21	66	44	10	0	54	0	0	0	0	0	115	0	0	0	0	10	0	0	0	0	0	0	0	20	0	1	198	0	0	0	0	0	224	0	0	9	0	0	0	70	0	116	65	0	9	0	27	289	0	0	0	0	0	0	0	0	94	15	0	0	0	0	250	140	0	0	209	15	0	57	0	1	0	0	0	0	0	0	0	182	0	156	0	0	0	50	0	0	7	3	103	145	9	0	0	0	0	0	0	0	0	0	0	50	171	224	220	0	0	280	61	0	288	71	13	22	0	40	0	29	4	0	118	0	0	0	67	0	0	23	96	0	61	0	19	0	0	117	0	0	0	0	111	0	22	0	30	0	0	0	16	0	0	255	125
12	0	0	0	0	0	0	0	0	0	0	0	0	0	0	0	0	0	0	0	0	0	0	0	0	0	0	0	0	0	0	0	0	0	0	0	0	0	0	0	0	0	0	0	0	0	0	0	0	0	0	0	0	0	0	0	0	0	0	0	0	0	0	0	0	0	0	0	0	0	0	0	0	0	0	0	0	0	0	0	0	0	0	0	0	0	0	0	0	0	0	6	0	0	0	0	0	0	0	0	0	0	0	0	0	0	0	0	5	0	0	0	0	0	0	0	0	0	0	0	0	0	0	0	0	2	0	0	0	0	0	0	0	0	0	0	0	0	0	8	0	0	0	0	0	0	0	0	0	0	0	0	14	0	0	0	0	0	0	0	2	0	0	0	0	0	0	0	0	0	0	0	0	0	0	0	0	0	0	0	0	0	0	0	0	0	0	0	0	0	0	0	0	0	0	0	0	1	0	0	0	0	0	0	0	6	0	0	0	0	0	0	0	0	0	0	0	0	19	0	0	0	0	0	0	0	0	0	0	0	0	0	0	0	0	0	0	0	0	0	0	0	0	0	0	0	0	0	0	0	0	0	11	0	0	0	0	0	0	0	0	0	0	0	0	0	0	0	0	0	0	0	0	0	0	0	0	0	0	0	0	0	0	0	0	0	0	0	0	0	0	0	0	0	0	0	0	0	0	0	0	0	0	0	0	2	0	0	0	0	0	0	0	7	0	0	0	0	0	0	0	0	0	0	0	0	0	0	0	0	0	0	0	0	0	0	0	0	0	0	0	0	0	2	0	13	0	0	0	0	0	0	0	0	0	0	0	0	0	0	0	0	0	0	0	0	0	0	18	12	0	0	0	0	0	0	0	0	23	0	0	0	0	0	0	4	0	0	0	0	0	0	0	0	0	0	0	0	0	0	0	0	0	10	0	0	0	0	0	0	0	0	0	0	0	0	0	0	0	0	0	0	0	0	0	0	0	0	0	0	0	0	0	141	0	0	0	18	0	0	0	1	0	0	0	0	0	0	0	2	0	0	0	0	0	0	3	0	123	0	7	0	0	0	0	0	0	0	0	0	0	0	0	0	0	0	0	0	0	1	0	0	0	0	0	0	0	11	0	0	0	0	0	0	0	0	56	0	0	0	0	3	0	0	0	0	4	0	0	0	8	0	0	0	0	0	0	44	0	0	0	125	0	0	0	0	8	153	0	166	0	0	0	0	59	0	0	0	0	0	0	0	157	0	0	0	0	0	0	0	0	0	0	0	0	13	0	0	0	0	191	0	0	0	0	16	120	0	0	3	0	0	0	0	0	0	0	0	0	1	0	0	0	0	0	17	0	0	0	0	3	0	0	0	0	0	0	0	0	11	0	0	28	0	0	0	0	14	0	0	201	41	0	0	0	0	0	10	0	0	0	0	135	106	0	0	0	0	59	143	17	126	28	0	0	46	149	0	0	5	0	0	61	0	248	166	0	78	15	0	174	0	45	0	0	0	64	0	2	0	0	0	0	0	0	0	0	0	0	75	0	0	112	0	0	0	0	134	40	0	0	6	0	0	0	117	0	136	98	0	0	0	16	60	0	0	0	0	0	0	0	0	32	0	0	0	67	0	52	45	0	0	19	66	0	186	5	0	88	0	0	0	0	1	0	37	0	64	0	0	0	75	0	0	0	0	19	31	60	0	0	0	0	0	0	0	0	1	1	33	139	203	149	0	0	165	15	0	97	10	5	0	0	16	0	120	9	0	44	0	0	0	32	0	0	2	54	0	0	0	33	0	0	92	0	0	0	0	4	0	96	0	76	0	0	0	66	0	0	154	60
13	0	0	0	0	0	0	0	0	0	0	0	0	0	0	0	0	0	0	0	0	0	0	0	0	0	0	0	0	0	0	0	0	0	0	0	0	0	0	0	0	0	0	0	0	0	0	0	0	0	0	0	0	0	0	82	0	0	0	0	0	0	0	0	0	0	0	34	0	0	0	0	0	0	0	0	0	0	0	0	0	0	0	0	0	0	0	0	0	0	0	0	0	0	0	0	0	0	0	0	0	0	0	0	0	0	0	0	0	0	0	0	0	0	0	0	0	0	0	0	0	0	0	0	0	0	0	0	0	0	0	0	0	0	0	0	0	0	0	0	0	0	0	0	0	0	0	0	0	0	0	0	0	0	0	0	0	0	0	0	0	0	0	0	0	0	0	0	0	0	0	0	0	1	0	0	0	0	0	0	0	0	0	0	0	0	0	0	0	0	0	0	0	0	0	0	0	5	0	0	0	0	0	0	0	0	0	0	0	0	0	0	0	0	0	0	0	0	0	0	0	0	0	0	0	0	0	0	0	0	0	0	0	0	0	0	0	2	0	0	0	0	0	0	0	0	0	0	0	0	0	0	0	0	0	0	0	0	0	0	0	0	0	0	0	0	0	0	0	0	0	0	0	0	0	0	0	0	0	0	0	13	0	21	0	0	0	0	0	5	0	0	0	0	0	0	0	0	0	0	0	0	0	0	0	0	0	0	0	0	4	0	0	0	0	0	0	0	0	0	0	0	0	0	0	0	0	0	0	0	0	0	0	0	0	0	0	0	0	0	0	0	0	0	0	0	0	0	0	0	0	0	0	0	0	0	0	0	0	0	0	0	0	0	0	0	0	0	0	0	0	0	0	0	0	0	0	0	0	0	0	0	0	0	0	0	0	0	0	0	0	0	0	0	0	0	0	0	23	0	0	0	0	0	0	0	0	0	0	0	0	0	0	0	0	0	0	0	0	0	0	0	0	0	0	0	0	0	0	0	0	0	0	46	0	0	0	159	0	0	0	0	0	0	0	0	0	0	0	0	0	0	0	0	0	0	0	0	77	0	0	0	0	0	0	0	0	0	0	0	0	0	0	0	0	0	0	0	0	0	0	0	0	0	0	0	0	0	2	16	0	0	0	0	0	0	0	0	0	0	0	0	0	0	0	0	0	0	0	0	0	0	0	0	14	0	0	0	0	0	0	74	0	0	0	0	0	0	0	2	0	0	0	0	0	0	0	0	0	0	0	22	160	3	0	0	0	0	0	10	0	0	0	0	0	0	0	0	0	0	74	0	0	0	0	0	87	0	0	0	0	0	0	0	0	0	0	0	0	0	0	0	0	0	0	0	0	0	0	0	0	0	0	0	0	0	0	0	0	6	0	0	8	0	0	0	0	16	0	0	19	55	0	1	0	0	0	0	0	0	0	0	34	71	0	0	0	0	1	115	125	95	0	0	0	33	90	0	0	0	0	0	15	0	0	11	0	79	0	0	13	0	0	0	0	0	30	7	0	0	0	0	0	0	0	0	0	0	0	0	0	0	62	0	0	0	0	0	148	0	0	0	0	0	0	26	0	179	7	0	0	0	0	34	0	0	0	0	0	0	0	0	58	0	0	0	0	0	60	44	0	0	88	6	0	156	0	0	0	0	0	0	0	0	0	248	0	27	0	0	0	89	0	0	0	0	88	0	0	0	0	0	0	0	0	0	0	0	0	0	173	57	81	0	0	128	0	0	0	5	0	0	0	112	0	50	0	0	33	0	0	0	0	0	0	0	113	0	0	0	0	0	0	90	0	0	0	0	76	0	13	0	107	0	0	0	36	0	0	9	300
14	0	0	0	0	0	0	0	0	0	0	0	0	0	0	0	0	0	0	0	27	0	0	0	0	0	0	0	0	0	0	0	0	0	0	0	0	0	0	0	0	0	0	0	0	0	0	0	0	0	0	0	21	0	0	0	0	0	0	0	0	0	32	0	0	0	0	0	0	0	0	0	0	0	0	0	0	0	0	0	0	0	0	0	0	0	0	0	0	0	0	0	18	0	0	0	0	0	4	0	0	0	0	0	0	0	0	0	0	0	0	0	0	0	0	0	0	0	0	0	0	0	0	0	0	0	0	0	0	0	0	0	0	0	0	0	0	0	0	0	0	0	0	0	0	0	0	0	0	0	0	0	10	0	0	0	0	0	0	0	0	0	0	0	0	0	0	0	0	0	0	0	0	0	0	0	0	0	0	0	0	0	0	2	0	0	0	0	0	0	0	0	0	0	0	0	3	0	0	0	1	0	0	0	0	0	0	12	0	7	0	0	0	1	0	0	0	1	0	0	0	0	0	0	0	0	0	0	0	0	0	0	0	0	0	0	0	0	0	0	0	0	0	0	0	0	0	2	0	0	0	0	0	0	0	0	0	0	0	0	0	4	0	0	0	0	0	0	0	0	0	0	0	1	0	0	0	0	0	0	0	0	0	0	0	0	0	0	0	0	22	0	0	0	0	0	0	0	0	0	35	3	0	0	0	0	3	45	0	0	0	0	0	68	1	0	0	0	0	0	0	0	0	0	0	0	0	0	0	0	0	0	0	0	0	0	0	0	0	0	0	0	0	0	0	0	0	18	0	0	0	0	0	0	0	0	0	0	5	0	0	0	0	0	0	0	0	0	0	0	3	27	0	33	0	0	0	0	1	7	0	0	0	0	0	0	0	0	0	0	0	0	0	0	0	0	0	0	0	0	7	0	0	145	0	0	0	29	0	0	0	0	0	0	0	0	0	1	1	0	0	3	0	0	0	0	0	0	0	0	1	0	0	96	0	0	0	82	0	0	0	0	0	25	0	0	0	0	0	3	0	0	0	17	0	0	0	0	37	0	0	0	0	0	0	0	0	0	0	0	0	0	0	0	0	0	0	0	0	0	0	0	0	0	0	0	0	0	0	0	0	0	0	0	0	8	0	0	0	0	0	0	0	0	1	0	0	0	0	0	13	0	0	0	0	0	0	35	0	0	1	171	48	0	0	1	21	139	0	7	0	0	0	40	87	0	0	9	0	5	0	0	33	0	0	0	0	43	0	0	0	0	0	0	0	0	0	0	0	0	59	0	60	128	0	0	80	0	0	0	0	0	1	0	0	0	0	0	0	65	3	0	0	0	0	18	0	0	173	0	2	0	0	1	0	0	0	0	0	92	0	0	153	0	0	25	0	47	0	0	43	107	0	0	17	11	0	47	1	0	0	0	45	134	6	0	0	0	34	31	110	71	104	0	0	90	104	0	0	102	0	14	162	0	89	74	0	218	3	0	51	0	1	0	0	0	10	0	34	0	0	139	0	0	0	3	0	0	0	37	0	0	24	0	0	0	0	220	18	0	0	47	0	0	0	63	0	13	112	0	0	0	40	152	0	13	16	0	0	0	0	0	141	0	0	0	14	2	75	43	0	0	65	60	0	160	0	0	18	0	0	11	0	5	0	33	0	140	0	9	0	128	0	0	7	0	83	134	53	1	0	0	0	0	0	0	0	3	37	107	86	68	99	4	0	44	48	0	29	102	13	0	0	100	0	70	44	71	171	3	0	0	52	0	0	82	17	0	1	0	45	0	0	137	0	0	0	0	137	12	285	0	137	0	0	0	41	0	0	148	25
15	0	0	0	0	0	0	0	0	0	0	0	0	0	0	0	0	0	0	0	0	0	0	0	0	0	0	0	0	0	0	0	0	0	0	0	0	0	0	0	0	0	0	0	0	0	0	0	0	0	0	0	0	0	0	0	0	0	0	0	0	0	0	0	0	0	0	0	0	0	0	0	0	0	0	0	0	0	0	0	0	0	0	0	0	0	0	0	0	0	0	0	0	0	0	0	0	0	0	0	0	0	0	0	0	0	0	0	0	0	0	0	0	0	0	0	0	0	0	0	0	0	0	0	0	0	0	0	0	0	0	0	0	0	0	0	0	0	0	0	0	0	6	0	0	0	0	0	0	0	0	0	0	0	0	0	0	0	0	0	0	0	0	0	0	0	0	0	0	0	0	0	0	0	0	0	0	0	0	0	0	0	0	0	0	0	0	0	0	0	0	0	0	0	0	0	0	0	0	0	0	0	0	0	0	0	0	0	0	0	0	0	0	0	0	0	0	0	0	0	0	0	0	0	0	0	0	0	0	0	0	0	0	0	0	0	0	0	0	0	0	0	0	0	0	0	0	0	0	0	0	0	0	0	0	0	0	0	1	0	0	0	0	0	0	0	0	0	0	0	0	0	0	0	0	0	6	0	0	0	0	23	0	0	0	0	0	0	0	0	0	0	0	0	0	0	0	0	0	0	0	0	0	0	0	0	0	0	0	0	0	0	0	0	0	0	0	0	0	0	0	0	0	0	0	0	0	0	0	0	0	0	0	0	0	0	0	25	0	0	0	0	0	0	0	0	0	0	0	0	0	0	0	0	0	0	0	0	0	0	0	0	0	0	0	0	0	0	0	0	0	0	0	0	0	0	0	0	0	0	0	0	0	0	0	0	0	0	0	0	0	0	0	0	0	0	0	0	0	0	0	0	0	0	0	0	0	0	0	0	0	0	0	0	0	0	0	0	0	0	0	0	0	0	0	0	0	0	0	0	0	0	0	142	0	0	0	224	0	0	0	0	0	0	0	0	0	0	0	0	0	0	0	0	0	0	0	0	157	0	0	0	0	0	0	0	0	0	0	0	0	0	0	0	0	0	0	0	0	0	0	0	0	0	0	0	0	0	0	0	0	17	0	0	0	0	0	0	0	0	0	0	0	0	0	0	11	13	0	0	0	0	0	0	0	0	0	72	0	0	0	108	0	0	0	0	0	48	1	0	0	0	0	0	2	0	0	0	0	0	0	0	15	0	0	0	0	0	0	0	0	0	0	0	0	0	0	0	0	0	152	0	0	0	0	0	100	0	0	0	0	0	0	0	0	0	0	0	0	0	0	0	0	0	0	0	0	0	0	0	0	0	0	0	0	0	0	0	0	6	0	0	33	2	0	0	0	130	0	0	21	19	0	0	0	0	0	94	0	0	0	0	62	313	0	0	0	0	0	102	90	43	29	0	0	152	182	0	0	0	0	0	43	0	0	276	0	32	0	0	53	0	0	0	0	0	6	0	0	0	0	0	0	0	0	1	0	0	0	33	0	0	93	0	0	0	0	52	107	0	0	0	0	0	0	94	0	72	24	0	0	0	0	29	0	0	61	0	0	0	0	0	85	0	0	0	0	0	127	50	0	0	2	93	0	170	0	0	0	0	0	0	0	0	0	121	0	63	0	0	0	132	0	0	0	0	35	96	165	0	0	0	0	0	0	0	0	0	0	103	202	93	130	0	0	14	72	0	220	22	0	0	0	25	0	40	0	0	117	0	0	0	35	0	0	0	182	0	0	0	0	0	0	80	0	0	0	0	64	0	93	0	193	0	0	0	59	0	0	91	170
16	0	0	0	0	0	0	0	0	0	0	0	0	0	0	0	0	0	0	0	0	0	0	0	0	0	16	0	0	0	0	0	0	0	0	0	0	0	0	0	0	0	0	0	0	0	0	0	0	0	0	0	0	0	0	0	0	0	0	0	0	0	0	0	0	0	0	0	0	0	0	0	0	0	0	0	0	0	0	0	0	0	0	0	0	0	0	0	0	0	0	0	0	26	0	0	0	0	0	0	0	0	0	0	0	0	0	0	0	0	0	0	0	0	0	21	0	0	0	0	0	0	0	0	0	0	0	0	0	0	0	0	0	0	0	0	0	0	17	0	0	0	0	0	0	0	0	0	0	0	0	0	0	0	0	0	0	0	0	0	0	0	0	0	0	0	0	0	0	0	0	0	0	0	0	0	0	0	0	0	0	0	0	0	0	0	0	0	0	0	0	0	0	0	0	0	0	0	0	0	0	0	0	0	0	0	0	0	0	0	0	0	0	0	0	0	0	0	0	0	0	0	0	0	0	0	0	0	0	0	0	2	0	0	0	0	0	0	0	0	0	9	0	0	0	0	0	0	0	0	0	0	0	0	0	0	0	0	0	0	0	0	0	0	0	2	0	0	0	0	0	0	0	0	0	0	0	0	1	0	0	0	0	0	0	0	0	0	0	0	0	0	0	0	0	0	0	0	0	0	0	0	0	0	10	0	0	0	0	0	0	0	0	15	3	0	0	0	0	0	0	0	0	0	0	0	0	0	0	2	0	0	0	0	0	0	0	0	0	0	0	0	0	0	0	0	0	0	0	20	0	0	0	0	0	0	0	0	4	0	0	0	0	0	0	0	0	0	0	0	0	0	0	0	0	0	0	0	0	0	0	0	0	8	0	0	0	0	0	0	0	0	0	0	0	0	0	0	58	0	0	1	0	0	0	0	0	0	0	0	0	0	0	0	0	0	31	0	0	0	0	0	0	0	0	0	0	0	0	0	0	0	0	95	0	0	0	92	0	0	0	0	0	0	0	0	0	0	0	0	0	0	0	97	0	0	0	0	201	0	0	0	0	0	0	0	0	0	0	0	0	0	0	0	0	0	0	0	0	1	0	0	0	0	0	0	0	0	0	0	0	0	0	0	0	1	0	0	0	0	0	0	0	0	0	0	0	0	0	0	0	23	0	0	0	0	0	153	0	0	0	69	2	0	0	0	0	218	0	129	0	0	0	0	41	0	0	0	0	0	0	0	18	0	0	0	0	0	0	0	0	0	0	0	0	0	0	0	0	0	84	0	0	3	0	0	131	0	0	0	0	0	0	0	0	0	0	0	0	57	0	0	0	0	0	0	0	0	46	0	0	0	0	0	0	0	0	0	0	31	0	0	100	0	0	0	0	12	0	0	138	109	0	0	0	0	1	100	0	0	0	0	74	12	0	0	0	0	74	166	3	229	57	0	0	40	11	0	0	65	0	3	50	0	156	53	1	71	0	0	18	0	0	0	0	0	38	0	29	0	1	179	0	0	0	0	0	0	0	245	0	0	157	0	0	0	0	147	96	0	0	0	0	0	0	151	0	29	178	0	0	0	23	247	0	0	0	0	0	0	0	0	33	0	0	0	0	0	14	127	0	0	229	132	0	146	0	0	47	0	0	0	0	0	0	35	0	173	0	0	0	99	0	0	0	0	164	230	27	0	0	0	0	0	0	0	2	0	0	97	107	118	166	0	0	28	101	0	1	66	0	0	0	21	0	24	59	0	22	0	0	0	54	0	0	0	145	0	0	0	127	0	0	15	0	0	0	0	156	2	81	0	333	0	0	0	103	0	0	84	26
17	0	0	0	0	0	0	0	0	0	0	0	0	0	0	0	0	0	0	0	0	0	0	0	0	0	0	0	0	0	0	0	0	0	0	0	0	0	0	0	0	0	0	0	0	0	0	0	0	0	0	0	0	0	0	0	0	0	0	0	0	0	0	0	0	0	0	0	0	0	0	0	0	0	0	0	0	0	0	0	0	0	0	0	0	0	0	0	0	0	0	0	0	0	0	0	0	0	0	0	0	0	0	0	0	0	0	0	0	0	0	0	0	0	0	0	0	0	0	0	0	0	0	0	0	0	0	0	0	0	0	0	0	0	0	0	0	0	0	0	0	0	0	0	0	0	0	0	0	0	0	0	0	0	0	0	0	0	0	0	0	0	0	0	0	0	0	0	0	0	0	0	0	0	0	0	0	0	0	0	0	0	0	0	0	0	0	0	0	0	0	0	0	0	0	0	0	0	0	0	0	0	0	0	0	0	0	0	0	0	0	0	0	0	0	0	0	0	0	0	0	0	0	0	0	0	0	0	0	0	0	0	0	0	0	0	0	0	0	0	0	0	0	0	0	0	0	0	0	0	0	0	0	0	0	0	0	0	0	0	0	0	0	0	0	0	0	0	0	0	0	0	0	0	0	0	0	0	0	0	0	0	0	0	0	0	0	0	0	0	0	0	0	0	0	0	0	0	0	0	0	0	0	0	0	0	0	0	0	0	0	0	0	0	0	0	0	0	0	0	2	0	0	0	0	0	0	0	0	0	0	0	0	0	0	0	0	0	0	0	0	0	0	0	0	0	0	0	0	0	0	0	0	0	0	0	0	0	0	0	0	0	0	0	0	0	0	0	0	0	0	0	0	0	0	0	0	0	0	0	0	0	0	0	0	0	0	0	4	0	0	0	0	0	0	0	0	0	0	0	0	0	0	0	0	0	0	0	0	0	0	0	0	0	0	0	0	0	0	0	0	32	0	0	0	0	0	0	0	0	0	0	0	55	0	0	0	170	0	0	0	0	0	16	0	0	0	0	0	0	0	0	0	0	0	0	0	0	9	0	0	0	0	0	0	0	0	0	0	0	0	0	0	0	0	0	0	0	0	0	0	0	0	0	0	0	0	0	0	0	0	0	0	0	0	0	0	0	0	0	0	0	0	0	0	0	0	20	0	0	0	0	0	0	0	0	0	0	0	0	0	88	0	0	0	0	0	48	0	0	0	0	0	0	0	0	0	0	0	0	0	0	8	0	0	0	0	0	0	0	0	0	0	0	0	0	0	0	0	0	105	0	0	0	0	0	133	0	0	0	0	0	0	0	0	0	0	0	0	0	0	0	0	0	0	0	0	0	0	0	0	0	0	0	0	0	0	0	0	0	0	0	48	0	0	0	0	0	2	0	162	37	0	0	0	0	0	0	0	0	0	0	66	163	0	0	0	0	0	11	34	103	5	0	0	145	57	0	0	0	0	0	216	0	52	0	0	158	87	0	128	0	0	0	0	0	8	0	0	0	0	7	0	0	0	0	0	0	0	0	0	0	172	0	0	0	0	0	25	0	0	0	0	0	0	47	0	145	103	0	0	0	82	50	0	0	0	0	0	0	0	0	33	0	0	0	1	0	1	162	0	0	0	22	0	104	0	0	0	0	4	0	0	0	0	142	0	98	0	0	0	34	0	0	0	0	13	47	29	0	0	0	0	0	0	0	0	0	0	139	99	28	14	0	0	70	2	0	45	91	0	0	0	126	0	54	0	0	33	0	0	0	0	9	0	1	144	0	0	0	0	0	0	29	0	0	0	0	69	0	106	0	157	0	0	0	112	0	0	208	283
18	0	0	0	0	0	0	0	0	0	0	0	0	0	0	0	0	0	0	0	0	0	0	0	0	0	0	0	0	0	0	0	0	0	0	0	0	0	0	0	0	0	0	0	0	0	0	0	0	0	0	0	0	0	0	0	0	0	0	0	0	0	0	0	0	0	0	0	0	0	0	0	0	0	0	0	0	0	0	0	0	0	0	0	0	0	0	0	0	0	0	0	0	0	0	0	0	0	0	0	0	0	0	0	0	0	0	0	0	0	0	0	0	0	0	0	0	0	0	0	0	0	0	0	0	0	0	0	0	0	0	0	0	0	0	0	0	0	0	0	0	0	0	0	0	61	0	0	0	0	0	0	0	0	0	0	0	0	0	0	3	0	0	0	0	0	0	0	0	0	0	0	0	0	0	0	0	0	0	0	0	0	0	0	0	0	0	0	0	0	0	10	0	0	0	0	0	0	0	0	9	101	0	0	0	0	0	0	0	0	0	0	0	0	0	0	0	0	0	0	0	0	0	0	0	0	0	0	0	0	0	0	0	0	0	0	0	0	0	0	0	0	0	0	0	0	0	0	0	0	0	0	0	0	0	0	0	0	0	0	0	0	0	0	0	0	0	0	0	0	0	0	0	0	0	0	0	0	0	0	0	0	0	0	0	0	0	0	0	0	0	0	0	0	0	0	0	0	0	0	0	0	0	4	0	0	0	0	0	0	0	0	0	0	0	0	0	0	0	0	0	0	2	0	0	0	0	0	1	0	0	0	0	0	0	0	0	0	0	0	0	0	0	0	0	0	0	0	0	0	0	0	0	0	0	0	0	0	0	0	0	0	0	0	0	0	0	0	0	0	5	0	0	0	0	0	0	0	0	0	33	0	0	0	0	0	6	0	0	0	0	0	0	0	0	0	0	0	0	0	0	0	0	0	0	88	0	0	0	3	0	0	0	0	0	0	0	20	0	0	0	0	0	0	0	0	0	0	0	0	0	0	0	57	0	0	0	39	0	0	0	0	0	0	0	3	0	0	0	0	0	0	0	0	0	0	0	0	294	0	0	0	0	0	0	0	0	0	1	0	0	0	0	0	0	0	0	0	0	0	0	0	0	0	0	0	0	0	0	0	0	0	0	0	0	0	0	0	0	0	0	0	0	0	0	0	0	0	0	0	0	18	2	0	0	0	0	156	0	0	0	56	0	0	0	0	0	65	0	25	0	0	0	0	0	0	0	0	0	0	0	0	83	0	0	0	0	0	0	0	0	0	0	2	0	0	0	0	0	0	38	0	0	0	0	0	132	1	0	0	0	0	0	0	0	0	0	0	0	0	0	0	0	0	0	0	0	0	44	0	0	0	0	0	0	0	0	0	0	2	0	0	0	0	0	38	0	81	0	0	88	13	0	0	0	0	0	121	0	0	0	0	44	60	0	0	0	0	0	416	133	44	25	0	0	61	201	0	0	4	0	21	274	0	27	37	0	397	0	0	46	0	0	0	0	0	190	0	1	0	0	80	0	0	0	0	0	0	2	10	0	0	88	0	0	0	0	0	78	0	0	0	0	0	0	46	0	16	188	0	0	0	26	27	0	0	0	0	0	0	0	0	250	0	1	0	23	0	159	41	0	0	94	0	0	67	0	0	0	0	0	4	0	0	0	139	0	0	2	0	0	112	0	0	0	0	87	126	2	0	0	0	0	0	0	0	0	0	0	168	148	68	302	0	0	221	26	0	9	180	1	0	0	49	0	80	18	0	87	0	0	0	0	0	0	0	23	0	0	0	0	0	0	279	0	2	0	0	54	0	94	0	108	0	0	0	82	0	0	45	140
19	0	0	0	0	0	0	0	0	0	0	0	0	0	0	0	0	0	0	31	0	0	0	0	0	0	0	0	0	0	0	0	0	0	0	0	0	0	0	0	0	0	0	0	0	0	0	0	0	0	0	0	0	0	0	0	0	0	79	0	0	4	0	0	0	0	0	0	0	0	0	0	0	0	0	0	0	0	0	0	0	0	0	0	0	0	0	0	0	0	0	0	0	0	0	0	0	0	0	0	0	0	0	0	52	0	0	0	0	0	0	0	0	0	0	0	0	0	56	0	0	6	0	0	0	0	0	0	0	0	0	0	0	0	0	0	0	0	0	0	0	0	0	0	0	0	0	20	0	0	0	0	0	0	0	0	0	0	0	0	0	8	0	0	0	0	0	0	0	0	0	0	0	0	0	0	4	0	0	0	0	0	0	0	0	2	0	0	0	0	0	0	0	0	0	0	0	0	0	0	0	0	68	0	0	0	0	0	0	0	1	0	0	0	0	0	0	0	0	0	0	0	0	0	0	0	0	0	0	0	0	0	0	0	0	0	0	0	0	0	0	0	0	0	0	0	0	0	0	0	0	0	0	1	0	0	0	0	0	8	0	0	0	0	0	0	14	0	0	0	0	0	0	0	0	0	0	0	0	0	5	0	0	0	0	1	24	0	0	0	0	0	0	0	0	0	0	0	0	2	10	0	0	0	0	0	0	0	0	0	0	1	17	0	0	0	0	0	0	0	0	0	0	1	0	0	0	0	0	0	8	0	0	0	0	0	0	0	0	0	0	0	0	0	0	0	31	14	0	0	26	0	3	0	0	4	0	0	0	0	0	0	0	100	0	0	0	0	0	0	0	0	14	2	0	0	0	0	0	0	0	0	0	0	0	0	0	0	3	0	0	0	0	9	0	3	0	0	0	0	66	0	0	0	0	0	0	0	0	0	0	0	0	0	0	0	9	0	0	0	0	0	0	0	0	0	0	0	0	10	0	0	0	0	0	0	12	0	0	0	0	0	0	0	0	0	0	0	0	0	0	0	1	0	0	0	0	0	19	0	4	0	0	0	0	0	0	0	0	0	0	80	0	0	0	0	0	0	0	0	0	0	0	0	0	0	0	0	0	0	4	0	0	0	0	0	0	0	0	0	0	0	0	0	5	0	0	0	0	0	0	0	0	0	0	0	0	0	0	0	0	0	0	0	0	0	0	0	0	0	0	0	0	0	0	0	0	0	0	0	0	0	0	0	0	0	0	0	0	0	0	0	2	0	0	0	0	0	0	0	0	0	0	0	0	0	0	0	0	0	0	0	0	0	0	0	0	0	0	0	0	0	0	0	0	0	0	0	0	0	0	0	0	0	0	0	31	0	0	0	0	0	0	0	0	0	0	0	36	0	75	0	0	0	0	0	0	0	0	0	0	0	0	13	0	0	0	0	0	0	0	49	0	0	0	47	0	0	0	0	0	0	0	0	0	0	0	0	0	0	0	0	0	0	0	0	0	0	0	0	10	0	0	0	0	0	0	11	0	0	0	0	60	0	0	0	0	0	138	0	0	0	0	0	0	0	0	0	116	0	0	0	0	387	0	0	0	0	0	0	0	0	103	0	0	0	0	0	0	20	0	3	7	0	0	78	0	0	0	0	0	0	0	0	0	0	0	0	0	0	0	0	0	0	0	0	0	0	0	0	0	0	0	0	0	0	0	0	0	0	0	0	0	0	0	119	0	0	0	160	0	0	0	0	0	32	0	0	68	0	0	20	0	0	0	0	134	0	0	0	3	0	0	56	0	0	0	0	0	0	0	0	5	0	0	0	80	0	0	31	0
20	0	0	0	0	0	0	0	0	0	0	0	0	0	0	0	0	0	0	0	0	0	0	0	0	0	0	0	0	0	0	0	0	0	0	0	0	0	0	0	0	0	0	0	0	0	0	0	0	0	0	0	0	0	0	0	0	0	0	0	0	0	0	0	0	0	0	0	0	0	0	0	0	0	12	0	0	0	0	0	0	0	0	0	0	0	0	0	0	0	0	0	0	0	0	0	0	0	0	0	0	0	0	0	0	0	2	0	0	0	0	0	0	0	0	0	0	0	0	0	0	0	0	0	0	0	0	0	0	0	0	0	0	0	0	0	0	0	0	0	0	64	0	0	0	0	0	0	0	0	0	0	0	0	3	0	0	0	0	0	0	0	0	0	0	0	0	0	0	0	0	0	0	0	0	0	0	0	0	0	0	0	0	0	0	0	0	0	0	0	0	0	0	0	0	0	0	0	0	0	0	0	0	0	0	0	0	0	0	0	0	0	0	0	0	0	0	2	0	0	0	0	0	0	0	0	0	0	0	0	0	0	0	0	0	0	0	0	0	0	0	0	0	0	0	0	0	0	0	0	0	0	0	0	0	0	0	0	0	0	0	0	0	0	0	0	0	0	0	0	0	0	0	0	0	0	0	0	0	0	0	0	0	0	0	0	0	0	0	0	0	0	0	0	0	0	0	0	0	0	0	0	0	0	0	0	0	0	0	0	0	0	39	0	0	6	0	0	0	0	0	0	0	0	0	0	0	0	0	0	0	0	0	0	0	0	0	0	0	0	0	0	0	0	0	0	0	0	0	0	0	0	0	0	0	0	0	0	0	0	0	0	0	0	0	0	0	0	0	0	0	0	0	0	0	0	0	0	0	0	0	0	0	0	0	0	0	0	0	0	0	0	0	0	0	0	0	0	0	0	0	0	0	0	0	0	0	0	0	0	0	0	0	0	0	0	0	0	0	0	0	0	0	0	0	0	0	0	0	0	0	0	0	0	0	0	0	0	0	0	0	0	0	0	0	0	0	0	0	0	0	0	1	0	0	0	0	0	0	0	0	0	0	0	0	0	0	0	0	0	0	0	0	0	30	0	0	0	0	0	10	0	0	0	0	0	0	0	0	0	0	0	0	0	0	0	0	0	0	0	0	0	0	0	2	0	0	0	0	0	0	4	0	0	0	0	0	0	0	0	0	0	0	0	0	0	0	0	0	0	0	0	0	0	0	0	3	0	0	0	0	0	0	0	0	0	0	0	0	0	0	0	0	0	2	0	0	0	0	0	0	0	0	29	0	0	0	0	0	0	0	0	0	0	0	0	0	0	0	0	0	0	0	0	0	7	0	0	0	0	0	0	0	0	0	0	0	0	0	0	0	0	0	0	0	0	0	0	20	0	5	0	0	0	2	0	0	0	0	0	0	0	0	224	0	3	0	0	0	0	44	0	0	0	0	101	0	0	0	0	0	0	0	0	0	0	0	0	0	0	0	0	0	0	0	0	0	0	0	0	0	0	0	1	0	0	0	0	0	0	0	0	0	0	8	5	0	0	0	0	0	0	0	0	0	0	0	0	0	0	0	0	0	177	0	0	0	0	0	0	0	0	154	0	0	0	0	0	0	120	0	0	0	0	0	186	0	0	0	0	0	0	0	0	0	0	0	0	0	0	0	0	0	0	0	0	0	0	0	0	0	0	0	0	0	0	0	0	0	0	0	0	0	0	0	50	1	0	0	44	0	0	0	0	0	9	0	0	23	43	0	0	0	0	1	0	24	0	0	0	0	0	0	94	0	0	0	0	0	0	0	0	0	0	0	0	0	0	0	0	0
21	0	0	0	0	0	0	0	0	0	0	0	0	0	0	0	0	0	0	0	0	0	0	0	0	0	0	0	0	0	0	0	0	0	0	0	0	0	0	0	0	0	0	0	0	0	0	8	0	0	0	0	0	0	0	0	0	0	0	0	0	0	0	0	0	0	0	0	0	0	0	0	0	0	0	0	0	0	0	0	0	0	0	0	0	0	49	0	0	0	0	0	0	0	0	0	0	0	0	0	0	0	0	0	0	2	0	0	0	0	0	0	0	0	0	0	0	11	0	0	0	0	0	0	0	0	0	0	0	0	0	0	0	0	0	0	0	0	0	0	0	0	0	0	0	0	0	0	0	0	0	0	0	0	0	0	0	0	0	0	15	0	0	0	0	0	0	0	0	0	0	0	0	0	0	0	0	0	0	9	0	0	1	0	2	0	0	0	0	0	0	0	0	0	0	0	0	0	0	0	0	30	2	0	0	0	0	0	0	0	0	0	0	0	10	0	0	0	0	0	0	0	0	0	0	0	1	0	0	0	0	0	0	0	0	0	0	0	0	0	0	1	0	0	0	0	0	0	0	0	0	0	0	0	0	0	0	13	0	0	0	0	0	0	0	158	0	0	0	0	0	0	0	0	0	0	0	0	0	0	32	0	0	0	0	0	0	0	0	0	0	0	0	0	0	0	0	0	0	0	1	0	0	0	0	0	0	0	1	0	0	4	0	0	0	0	0	0	0	0	0	0	0	0	0	0	0	2	0	0	0	0	0	0	0	0	0	0	0	0	0	1	0	53	4	0	0	0	0	0	0	0	0	0	0	0	0	0	0	0	0	0	0	0	0	0	0	0	0	0	0	0	0	0	0	0	0	0	7	5	0	0	1	0	0	0	0	0	0	0	0	0	0	0	0	0	0	0	0	0	0	0	0	0	0	0	0	0	0	0	0	2	0	0	0	0	0	0	0	44	0	0	0	0	0	0	1	0	0	30	0	0	0	0	0	0	0	0	1	0	0	0	0	0	0	0	0	0	6	0	0	0	11	0	0	0	0	0	0	8	0	0	0	0	0	0	6	0	0	0	0	0	0	0	0	0	0	0	0	0	0	0	79	0	0	0	7	2	0	0	0	0	0	0	0	0	0	0	2	0	0	0	0	0	0	8	0	0	0	0	0	0	0	0	0	0	0	0	0	0	0	0	0	0	0	0	0	0	0	0	0	0	0	1	0	0	0	0	0	0	0	0	0	0	0	0	0	1	0	0	0	0	0	0	0	0	0	0	0	0	0	0	0	0	0	0	0	0	0	0	0	0	0	0	0	0	0	2	0	0	0	0	0	0	0	0	0	0	0	0	0	2	0	0	0	0	0	1	0	0	3	0	0	0	0	0	0	0	2	5	52	0	0	0	0	0	0	0	0	0	0	0	0	117	0	0	0	0	0	0	0	0	0	0	1	50	0	0	0	0	0	0	0	0	0	0	2	0	0	0	0	4	0	0	14	0	0	0	0	0	0	0	0	0	0	0	0	0	0	0	59	0	0	0	0	0	0	9	8	0	0	0	0	0	1	0	0	0	0	0	0	0	0	131	0	5	0	20	10	0	3	0	30	0	0	0	1	0	0	12	0	0	4	0	0	17	0	0	0	11	0	0	0	0	2	7	0	0	0	0	0	0	0	0	0	0	0	0	0	0	0	0	0	0	0	0	0	0	0	0	0	0	0	0	0	119	0	0	0	116	0	0	0	0	0	0	0	28	110	4	0	0	0	0	0	0	0	0	0	0	2	0	0	113	0	0	0	0	0	0	0	0	76	0	0	0	26	0	0	0	0
22	0	0	0	0	0	0	0	0	0	0	0	0	0	0	0	94	0	0	0	0	0	0	0	0	0	0	0	0	0	0	0	0	0	0	0	0	0	0	0	0	0	0	0	0	0	0	0	0	0	0	0	0	0	0	0	0	0	0	0	0	0	0	45	0	0	0	0	0	0	0	0	0	0	0	0	0	0	0	0	0	0	0	0	0	0	0	0	0	0	0	0	0	0	0	0	0	0	0	0	0	0	0	0	0	0	7	0	0	0	0	0	9	5	0	0	0	0	0	1	0	0	0	21	0	54	0	0	2	0	0	4	0	0	0	0	0	0	0	0	0	0	0	0	0	0	0	0	0	0	0	0	0	0	1	0	0	0	3	0	0	0	0	0	0	0	0	0	1	0	0	13	0	0	0	1	0	0	0	0	0	3	0	21	0	0	0	1	1	0	12	0	0	0	0	0	0	0	0	0	0	0	0	3	0	0	0	0	0	0	0	34	0	0	0	0	16	0	0	0	0	0	0	0	0	0	0	0	9	0	0	0	0	0	44	0	0	5	0	0	29	0	0	0	0	0	0	0	0	0	0	6	0	0	0	0	0	0	0	0	0	0	0	0	0	0	0	0	0	0	0	0	20	0	0	0	0	0	0	0	0	0	0	0	0	0	0	0	0	0	0	0	0	0	0	0	0	0	0	0	0	0	0	15	0	0	0	1	0	0	0	0	0	0	1	0	0	9	0	0	0	0	0	0	0	0	0	0	0	0	28	0	0	0	0	0	0	0	0	32	0	2	0	0	10	0	0	1	0	0	28	0	0	0	0	0	0	0	0	0	6	0	0	0	0	0	0	0	1	59	0	26	0	0	0	0	0	0	0	0	3	0	0	0	0	0	0	0	5	0	0	0	0	15	0	0	0	0	0	0	0	0	0	0	0	0	0	2	0	0	0	0	0	0	0	0	0	0	0	0	0	0	0	0	2	0	13	0	0	0	0	0	1	0	0	0	0	0	0	0	0	0	0	0	0	0	0	0	0	0	0	0	0	0	0	0	0	2	0	0	0	2	0	0	0	0	0	0	0	0	0	0	0	0	0	0	1	0	0	15	0	0	0	0	0	0	0	0	0	0	0	0	0	1	0	0	0	0	1	0	0	0	0	0	0	0	0	0	0	0	0	0	1	0	0	0	0	0	0	0	0	0	0	0	0	0	0	0	0	0	0	0	0	0	0	0	0	0	0	0	0	0	0	0	0	0	0	0	0	0	0	0	0	0	0	1	0	0	0	0	0	0	0	0	0	0	0	0	0	6	0	0	0	0	0	1	0	0	0	0	0	0	0	0	0	0	0	0	0	0	0	0	6	0	0	0	31	0	0	0	0	7	0	0	0	0	0	0	13	0	1	0	0	0	0	0	0	0	0	0	0	0	0	19	0	0	0	0	0	0	0	0	0	0	0	72	0	0	0	0	0	0	0	0	0	0	0	0	0	0	0	0	0	37	0	0	0	0	0	0	0	0	0	0	0	0	10	1	0	0	0	0	0	5	0	0	0	0	0	0	0	0	0	0	0	0	7	0	0	0	0	0	0	0	0	0	0	0	0	0	0	0	25	0	0	0	0	0	0	14	0	0	5	0	0	119	0	0	0	0	0	0	0	0	0	0	1	0	0	0	0	0	0	0	0	17	0	0	0	0	0	0	2	0	0	0	0	0	0	84	0	0	0	0	0	130	0	0	0	93	0	0	0	0	0	0	0	1	0	0	0	0	0	0	0	0	62	0	0	0	0	21	0	26	0	0	0	0	0	1	0	0	192	0	0	0	0	0	0	27	0
23	0	0	0	0	0	0	0	0	0	0	0	0	0	0	0	0	0	0	0	0	0	0	0	0	31	0	0	0	0	0	0	0	0	0	0	0	0	0	0	0	0	0	0	0	0	0	0	0	0	0	0	0	0	0	0	0	0	0	0	0	0	0	0	0	0	0	0	0	0	0	0	0	0	0	0	0	0	0	0	0	0	0	0	0	0	0	0	0	0	0	0	0	0	0	0	0	0	0	0	0	0	0	0	0	0	0	0	0	0	0	0	0	0	0	0	0	0	0	0	0	0	0	0	0	0	0	0	0	0	0	0	0	0	0	0	0	0	0	0	0	0	0	0	0	0	0	0	0	0	0	0	0	0	0	0	0	0	0	0	0	0	0	0	0	0	0	12	0	0	0	0	0	0	0	0	0	0	0	0	0	0	0	27	0	0	0	0	0	0	0	0	20	0	0	0	0	0	0	0	0	0	0	0	6	0	0	0	1	0	0	0	0	0	0	0	0	0	0	0	0	0	0	0	0	0	0	0	0	0	0	0	0	0	0	0	0	0	0	0	0	7	0	0	0	0	0	0	0	0	0	0	0	0	0	0	0	0	0	0	0	0	0	0	0	0	0	0	22	0	0	0	0	0	0	0	0	0	0	0	0	0	0	0	0	0	0	0	0	0	0	0	0	0	0	0	0	0	0	1	0	0	0	0	0	0	0	0	0	0	0	0	0	0	0	0	0	0	0	0	0	0	0	0	0	0	0	0	0	0	0	0	0	0	0	0	0	0	0	0	0	0	0	0	0	0	0	0	0	0	17	0	0	0	0	0	0	0	0	0	0	0	0	0	0	0	0	0	0	0	0	0	0	0	0	0	0	0	0	0	0	0	0	0	0	0	16	0	3	0	0	0	0	0	0	0	0	0	0	0	0	0	0	0	0	0	0	0	0	1	0	0	0	0	0	0	0	0	0	0	0	0	0	0	0	0	0	0	0	0	0	0	0	0	0	0	0	0	0	0	0	0	23	0	0	0	0	0	0	0	0	0	0	0	0	0	0	0	0	0	0	0	0	0	0	0	0	0	0	0	0	0	0	0	0	0	0	0	0	0	0	0	0	0	0	0	0	22	0	0	0	0	0	0	0	0	0	0	0	0	0	0	0	0	0	0	0	0	0	0	0	0	0	0	0	0	0	0	1	0	0	0	0	0	0	0	0	0	0	0	0	0	0	0	0	0	0	0	0	0	0	0	5	0	0	0	0	0	0	0	0	0	0	0	0	0	0	0	0	0	75	0	0	0	0	0	0	0	0	0	0	0	0	0	0	0	0	25	0	0	0	0	0	0	0	0	0	0	0	0	0	0	0	0	0	0	0	0	0	0	0	0	0	0	0	0	0	0	0	0	47	0	0	0	0	0	0	0	0	0	0	0	1	43	0	0	0	0	0	0	0	78	0	0	0	146	0	0	0	0	0	0	60	0	0	0	0	0	0	0	0	1	0	0	0	0	0	0	0	0	0	0	0	0	0	0	0	0	0	0	0	0	61	0	0	0	0	0	334	0	0	0	0	0	0	0	0	0	0	0	28	0	0	82	0	0	0	1	0	0	0	0	102	0	0	0	0	0	0	185	0	0	0	0	0	114	0	0	0	0	0	0	0	0	17	65	0	0	0	0	0	0	0	0	0	0	0	16	0	0	0	0	0	0	0	0	2	0	0	0	10	0	1	0	0	119	0	0	0	170	0	0	0	0	0	101	0	0	25	0	0	0	0	0	0	0	53	0	0	0	0	0	0	70	0	0	0	0	63	0	0	0	236	0	0	0	68	5	1	40	0
24	0	0	0	0	0	0	0	0	0	0	0	0	0	0	0	0	0	0	0	0	0	0	0	0	0	0	0	0	0	0	0	0	0	0	58	0	0	0	0	0	27	0	0	0	0	0	0	0	0	35	0	0	0	0	0	0	0	0	1	36	0	0	0	0	0	0	0	0	0	0	0	0	0	0	0	0	0	0	0	0	0	0	0	0	0	0	0	0	0	0	0	0	0	0	0	0	0	0	0	0	0	37	0	0	32	0	0	0	19	0	0	0	0	0	0	0	0	0	0	0	0	0	1	0	0	0	0	0	0	0	0	0	0	0	0	0	0	0	0	1	0	0	0	0	0	2	4	0	0	0	0	0	0	0	0	0	0	0	0	0	0	0	0	0	0	0	0	110	0	0	0	0	0	0	0	0	8	0	0	0	0	0	0	0	0	0	0	0	0	3	0	0	0	0	0	0	0	0	0	0	0	45	0	0	0	0	0	0	0	0	0	0	0	0	0	0	0	3	1	0	0	1	0	0	0	0	31	0	0	36	0	0	0	4	0	11	0	0	0	0	0	0	0	0	0	0	0	0	0	0	0	0	0	0	0	0	0	0	0	4	4	0	0	0	0	0	0	0	0	0	0	0	0	0	0	0	0	0	0	0	0	0	0	1	0	0	0	0	0	0	0	0	0	0	0	41	0	0	0	0	0	0	0	0	0	0	0	0	0	0	0	0	0	0	0	0	0	0	0	0	0	0	0	0	0	0	3	20	0	0	0	0	0	0	0	2	0	0	0	0	0	0	0	0	0	0	0	0	0	0	9	0	0	0	0	0	0	0	0	0	0	0	0	0	0	0	0	0	8	0	0	0	0	0	0	0	0	0	1	0	0	0	0	0	0	0	0	0	1	15	0	0	1	0	0	0	0	0	0	0	0	0	0	0	0	2	0	1	0	0	0	0	13	0	0	0	0	0	0	0	0	0	0	0	0	0	0	20	0	0	0	0	0	0	0	0	0	3	0	0	0	0	0	0	0	0	0	0	0	0	0	0	0	0	0	0	0	0	0	1	0	0	0	0	0	0	0	0	0	0	1	0	0	0	6	0	1	0	0	0	0	0	0	11	0	0	0	0	0	26	0	0	0	0	0	0	0	0	0	0	0	0	0	0	0	0	0	0	0	0	0	0	0	0	0	0	0	3	0	0	0	0	0	0	0	0	0	0	0	0	0	0	0	0	0	0	0	0	3	0	0	0	0	0	0	0	0	0	0	0	0	0	0	0	0	0	0	0	0	0	0	0	0	0	0	0	0	0	0	0	0	0	4	0	0	0	0	0	0	0	1	0	0	0	0	0	0	0	0	0	2	0	0	0	0	0	0	0	0	0	0	0	0	1	0	0	0	0	0	47	0	0	0	0	0	0	0	0	0	0	8	0	44	0	5	0	0	0	0	0	38	0	0	0	97	0	0	0	0	0	0	103	0	0	10	0	0	0	0	0	0	0	0	0	0	0	5	0	0	4	0	0	0	0	0	0	24	0	0	0	0	103	0	0	0	0	0	110	0	0	0	1	0	0	0	0	0	0	0	0	0	0	9	0	0	0	0	0	0	0	0	227	0	0	0	0	0	0	38	0	0	0	0	0	42	0	0	0	0	0	0	0	11	0	0	0	0	0	0	0	0	0	0	0	0	0	0	0	0	0	0	0	0	0	0	0	0	0	0	0	7	0	0	0	123	0	0	0	94	0	0	0	0	0	28	0	0	24	19	0	0	0	0	0	0	121	0	0	0	0	0	0	132	0	0	0	0	58	0	0	0	387	0	0	0	54	0	0	17	0
