0	0	0	0	0	0	0	0	0	0	0	0	0	0	0	0	0	0	0	0	0	0	0	0	0	0	0	0	0	0	0	0	0	0	0	0	0	0	0	0	0	0	0	0	0	0	0	0	0	0	0	0	0	0	0	0	0	0	0	0	0	0	0	0	0	0	0	0	0	0	0	0	0	0	0	0	0	0	0	0	0	0	0	0	0	0	0	0	0	0	0	0	0	0	0	0	0	0	0	0	0	12	12	12	12	12	12	12	12	12	12	12	12	12	12	12	12	12	12	12	12	12	12	12	12	12	12	12	12	12	12	12	12	12	12	12	12	12	12	12	12	12	12	12	12	12	12	12	12	12	12	12	12	12	12	12	12	12	12	12	12	12	12	12	12	12	12	12	12	12	12	12	12	12	12	12	12	12	12	12	12	12	12	12	12	12	12	12	12	12	12	12	12	12	12	12	12	12	12	12	12	24	24	24	24	24	24	24	24	24	24	24	24	24	24	24	24	24	24	24	24	24	24	24	24	24	24	24	24	24	24	24	24	24	24	24	24	24	24	24	24	24	24	24	24	24	24	24	24	24	24	24	24	24	24	24	24	24	24	24	24	24	24	24	24	24	24	24	24	24	24	24	24	24	24	24	24	24	24	24	24	24	24	24	24	24	24	24	24	24	24	24	24	24	24	24	24	24	24	24	24	48	48	48	48	48	48	48	48	48	48	48	48	48	48	48	48	48	48	48	48	48	48	48	48	48	48	48	48	48	48	48	48	48	48	48	48	48	48	48	48	48	48	48	48	48	48	48	48	48	48	48	48	48	48	48	48	48	48	48	48	48	48	48	48	48	48	48	48	48	48	48	48	48	48	48	48	48	48	48	48	48	48	48	48	48	48	48	48	48	48	48	48	48	48	48	48	48	48	48	48	72	72	72	72	72	72	72	72	72	72	72	72	72	72	72	72	72	72	72	72	72	72	72	72	72	72	72	72	72	72	72	72	72	72	72	72	72	72	72	72	72	72	72	72	72	72	72	72	72	72	72	72	72	72	72	72	72	72	72	72	72	72	72	72	72	72	72	72	72	72	72	72	72	72	72	72	72	72	72	72	72	72	72	72	72	72	72	72	72	72	72	72	72	72	72	72	72	72	72	72	96	96	96	96	96	96	96	96	96	96	96	96	96	96	96	96	96	96	96	96	96	96	96	96	96	96	96	96	96	96	96	96	96	96	96	96	96	96	96	96	96	96	96	96	96	96	96	96	96	96	96	96	96	96	96	96	96	96	96	96	96	96	96	96	96	96	96	96	96	96	96	96	96	96	96	96	96	96	96	96	96	96	96	96	96	96	96	96	96	96	96	96	96	96	96	96	96	96	96	96
0	0	0	0	0	0	0	0	0	0	0	0	0	0	0	0	0	0	0	0	0	0	0	0	0	0	0	0	0	0	0	0	0	0	0	0	0	0	0	0	0	0	0	0	0	0	0	0	0	0	0	0	0	0	0	0	0	0	0	0	0	0	0	0	0	0	0	0	0	0	0	0	0	0	0	0	0	0	0	0	0	0	0	0	0	0	0	0	0	0	0	0	0	0	0	0	0	0	0	0	0	100	100	100	100	100	100	100	100	100	100	100	100	100	100	100	100	100	100	100	100	100	100	100	100	100	100	100	100	100	100	100	100	100	100	100	100	100	100	100	100	100	100	100	100	100	100	100	100	100	100	100	100	100	100	100	100	100	100	100	100	100	100	100	100	100	100	100	100	100	100	100	100	100	100	100	100	100	100	100	100	100	100	100	100	100	100	100	100	100	100	100	100	100	100	100	100	100	100	100	100	100	100	100	100	100	100	100	100	100	100	100	100	100	100	100	100	100	100	100	100	100	100	100	100	100	100	100	100	100	100	100	100	100	100	100	100	100	100	100	100	100	100	100	100	100	100	100	100	100	100	100	100	100	100	100	100	100	100	100	100	100	100	100	100	100	100	100	100	100	100	100	100	100	100	100	100	100	100	100	100	100	100	100	100	100	100	100	100	100	100	100	100	100	100	100	100	100	100	100	100	100	100	100	100	100	100	100	100	100	100	100	100	100	100	100	100	100	100	100	100	100	100	100	100	100	100	100	100	100	100	100	100	100	100	100	100	100	100	100	100	100	100	100	100	100	100	100	100	100	100	100	100	100	100	100	100	100	100	100	100	100	100	100	100	100	100	100	100	100	100	100	100	100	100	100	100	100	100	100	100	100	100	100	100	100	100	100	100	100	100	100	100	100	100	100	100	100	100	100	100	100	100	100	100	100	100	100	100	100	100	100	100	100	100	100	100	100	100	100	100	100	100	100	100	100	100	100	100	100	100	100	100	100	100	100	100	100	100	100	100	100	100	100	100	100	100	100	100	100	100	100	100	100	100	100	100	100	100	100	100	100	100	100	100	100	100	100	100	100	100	100	100	100	100	100	100	100	100	100	100	100	100	100	100	100	100	100	100	100	100	100	100	100	100	100	100	100	100	100	100	100	100	100	100	100	100	100	100	100	100	100	100	100	100	100	100	100	100	100	100	100	100	100	100	100	100	100	100	100	100	100	100	100	100	100	100	100	100	100	100	100	100	100	100	100	100	100	100	100	100	100	100	100	100	100	100	100	100	100	100	100	100	100	100	100	100	100	100	100	100	100	100	100	100	100	100	100	100	100	100	100	100	100	100	100	100	100	100	100	100	100	100	100	100	100	100	100	100	100	100
1	49	20	11	17	7	81	7	0	0	29	0	96	25	137	48	7	17	0	70	41	153	0	7	102	95	0	23	16	1	3	52	114	132	0	0	36	39	21	0	36	49	0	46	0	151	18	54	88	57	0	117	22	44	135	2	0	32	0	36	120	0	0	0	42	0	17	0	285	42	139	185	42	0	51	42	0	93	0	0	115	10	11	55	0	10	0	87	19	0	10	69	188	171	35	174	7	38	112	45	15	84	60	31	78	46	75	265	44	13	95	30	148	181	49	25	161	25	39	64	8	3	73	193	124	121	15	215	142	8	279	185	28	7	19	22	37	5	113	35	38	49	70	159	101	37	58	105	90	49	34	61	19	36	60	106	35	113	1	11	24	43	25	6	12	16	47	90	3	22	126	21	13	127	192	14	14	18	42	31	32	42	70	232	29	91	95	1	0	209	0	50	11	230	224	14	26	60	12	45	71	1	0	42	23	19	5	132	41	24	2	3	2	1	3	44	23	2	6	18	25	8	20	1	5	45	16	44	2	4	0	41	10	1	8	136	45	31	3	7	3	0	2	7	1	34	15	1	5	13	64	134	17	1	14	25	19	194	3	85	16	38	3	1	24	5	106	6	0	3	5	16	296	9	56	4	4	3	5	40	47	5	0	36	11	14	0	1	2	11	2	138	4	34	71	10	1	5	13	57	5	1	0	0	0	79	0	0	0	0	0	0	11	0	1	117	0	0	0	0	27	0	0	0	0	2	0	1	0	0	0	0	0	0	0	1	1	0	0	0	0	0	0	0	2	0	3	0	0	0	0	0	2	0	0	0	0	0	22	1	0	1	1	0	0	0	0	0	0	0	0	0	0	11	0	0	0	0	0	23	0	1	0	0	0	0	0	0	0	0	0	0	0	1	1	43	0	0	0	0	1	0	0	0	0	0	0	0	0	130	0	0	0	181	0	0	0	0	0	0	0	0	0	8	0	0	0	0	0	0	0	0	0	0	0	0	0	0	0	0	0	0	0	63	0	0	0	0	0	0	0	0	0	0	0	0	0	0	0	0	0	0	0	0	0	1	0	0	0	0	0	0	0	0	0	0	0	0	84	0	0	0	0	0	0	0	0	0	0	0	0	0	0	0	81	62	0	0	0	0	0	0	0	0	293	0	0	0	0	0	0	0	0	61	0	0	0	0	0	0	0	0	0	0	81	0	0	0	0	0	0	0	0	0	0	0	0	0	0	0	0	0	0	0	88	0	0	0	0	121	0	0	200	0	93	0	0	0	0	0	0	0	0	0	0	0	0	0	0	0	0	0	0	0	0	0	0	0	0	0	0	0	0	0	0	0	0	0	0	0	0	0	0	0	0	0	0	0	0	0	0
2	48	59	32	120	0	12	30	0	0	86	184	0	0	153	39	33	0	7	17	318	0	122	151	164	0	22	144	102	25	122	0	0	214	33	45	77	19	10	21	9	27	28	122	275	140	28	0	0	7	85	0	24	4	85	86	118	14	30	34	34	0	20	19	132	16	52	25	85	11	52	88	0	51	81	0	0	28	92	19	56	9	62	17	18	66	116	32	3	0	18	9	53	0	0	117	12	0	21	15	23	30	52	156	138	136	7	116	5	82	17	70	12	55	0	12	218	29	174	27	24	127	4	116	105	14	19	5	37	47	3	121	9	54	26	16	110	4	18	15	28	70	11	59	301	0	50	24	171	21	24	105	66	59	7	24	114	53	177	40	7	0	24	38	21	49	9	121	139	8	6	14	34	24	79	39	65	2	109	4	42	71	58	16	46	128	61	15	2	31	329	122	59	312	186	64	32	61	24	53	65	1	13	19	0	0	0	7	43	136	4	12	2	2	0	48	119	1	2	0	1	2	77	0	5	10	68	12	7	1	2	122	10	0	4	129	28	8	2	47	5	4	2	2	18	71	0	0	17	6	23	264	29	0	26	8	8	218	6	130	29	9	88	0	0	1	264	9	1	1	1	1	50	7	3	0	3	9	0	84	49	2	22	71	7	97	0	4	102	17	0	21	6	51	158	4	15	9	1	38	85	0	0	0	0	79	0	0	0	0	0	0	1	0	0	221	0	0	0	0	31	0	0	0	0	0	0	0	1	0	0	0	1	0	0	2	0	0	0	4	0	0	0	0	1	0	0	0	0	0	0	0	1	0	0	0	0	1	89	0	0	3	0	0	1	0	0	4	0	0	2	0	0	168	0	0	0	3	2	9	0	4	0	0	0	0	1	0	0	0	0	14	0	1	0	98	0	0	0	0	0	0	0	0	0	0	0	0	0	252	0	0	0	203	0	0	0	0	0	0	0	0	0	173	0	0	0	0	0	0	0	0	0	0	0	0	0	0	0	0	0	0	0	98	0	0	0	0	0	0	0	0	0	0	0	0	0	0	0	0	0	0	0	0	0	0	0	0	0	0	0	0	0	0	0	0	0	0	412	0	0	0	0	0	0	0	0	0	0	0	0	0	0	0	106	29	0	0	0	0	0	0	0	0	310	0	0	0	0	0	0	0	0	152	0	0	0	0	0	0	0	0	0	0	157	0	0	0	0	0	0	0	0	0	0	0	0	0	3	0	0	0	0	0	135	0	0	0	0	101	0	0	120	0	44	0	0	0	0	0	0	0	0	0	0	0	0	0	0	0	0	0	0	0	0	0	0	0	0	0	0	0	0	0	0	0	0	0	0	0	0	0	0	0	0	0	0	0	0	0	0
3	0	0	0	0	0	0	0	0	0	0	0	0	0	0	0	0	0	0	0	0	0	0	0	0	0	0	0	0	0	0	0	0	0	0	0	0	0	0	0	0	0	0	0	0	0	0	0	0	0	0	0	0	0	0	0	0	0	0	0	0	0	0	0	0	0	0	0	0	0	0	0	0	0	0	0	0	0	0	0	0	0	0	0	0	0	0	0	0	0	0	0	0	0	0	0	0	0	0	0	0	0	0	0	0	0	0	0	0	0	0	0	0	0	0	0	0	0	0	0	0	0	0	0	0	0	0	0	0	0	0	0	0	0	0	0	0	0	0	0	0	0	0	0	0	0	0	0	0	0	0	0	0	0	0	0	0	0	0	0	0	0	0	0	0	0	0	0	0	0	0	0	0	0	0	0	0	0	0	0	0	0	0	0	0	0	0	0	0	0	0	0	0	0	0	0	0	0	0	0	0	0	0	0	0	0	0	0	0	0	0	2	0	0	0	0	0	0	0	0	0	0	0	0	0	0	0	0	0	0	0	0	0	0	0	0	0	0	0	0	0	0	0	0	0	0	0	0	0	0	8	77	0	0	0	0	0	0	0	0	0	0	0	0	0	0	98	0	0	81	0	0	0	0	0	0	0	0	0	12	0	0	0	0	0	0	0	0	0	0	0	7	0	0	0	0	0	0	0	0	0	0	0	0	0	165	0	0	0	0	0	0	1	0	0	87	0	0	0	0	0	0	0	0	0	0	0	0	9	0	0	0	0	0	0	0	0	0	0	0	0	0	0	0	0	0	0	0	0	0	0	0	0	0	0	0	0	0	103	0	0	0	0	0	0	0	0	0	0	0	0	0	0	0	0	0	0	0	0	36	0	0	0	0	0	0	0	0	0	0	0	0	0	0	0	31	0	0	0	0	0	0	0	0	0	0	0	0	0	138	0	0	0	177	0	0	0	0	0	0	0	0	0	64	0	0	0	0	0	0	0	0	0	0	0	0	0	0	0	0	0	0	0	51	0	0	0	0	0	0	0	0	0	0	0	0	0	0	0	0	0	0	0	0	0	0	0	0	0	0	0	0	0	0	1	0	0	0	78	1	0	0	0	0	0	0	0	0	0	0	0	0	0	0	170	122	0	0	0	0	0	0	0	0	102	0	0	0	0	0	0	0	0	58	0	0	0	0	0	0	0	0	0	0	287	0	0	0	0	0	0	0	0	0	0	0	0	0	0	0	0	0	0	0	124	0	0	0	0	221	0	0	42	0	72	0	7	0	0	0	0	0	0	0	0	0	0	0	0	0	0	0	0	0	0	0	0	0	0	0	0	0	0	0	0	0	0	0	0	0	0	0	0	0	0	0	0	0	0	0	0
4	0	0	0	0	0	0	0	0	0	0	0	0	0	0	0	0	0	0	0	0	0	0	0	0	0	0	0	0	0	0	0	0	0	0	0	0	0	0	0	0	0	0	0	0	0	0	0	0	0	1	0	0	0	0	0	0	0	0	0	0	0	0	0	0	0	0	0	0	0	0	0	0	0	0	0	0	0	0	0	0	0	0	0	0	0	0	0	0	0	0	0	0	0	0	0	0	0	0	0	0	0	0	0	0	0	0	0	0	0	0	0	0	0	0	0	0	0	0	0	0	0	0	0	0	0	0	0	0	0	0	0	0	0	0	0	0	0	0	0	0	0	0	0	0	0	0	0	0	0	0	0	0	0	0	0	0	0	0	0	0	0	0	0	0	0	0	0	0	0	0	0	0	0	0	0	0	0	0	0	0	0	0	0	0	0	0	0	0	0	0	0	1	0	0	0	0	0	0	0	0	0	0	0	0	0	0	0	0	0	0	0	0	0	0	0	2	0	0	0	0	0	0	0	0	0	0	0	0	0	0	0	0	0	0	5	0	0	0	0	0	0	0	0	0	0	0	0	0	0	0	0	0	0	0	0	0	0	0	0	0	0	0	0	0	0	0	0	0	0	0	0	0	0	0	0	0	0	0	37	73	0	0	0	0	0	0	0	0	0	0	10	0	0	0	0	0	0	0	13	0	0	0	0	0	33	0	0	0	0	0	0	0	0	28	13	0	0	0	0	0	0	0	0	0	0	0	0	0	0	0	0	0	0	0	0	0	0	0	0	0	0	0	0	0	0	0	0	0	0	0	0	0	0	0	0	0	0	35	0	0	0	0	0	0	0	0	0	0	0	0	0	0	0	0	0	0	0	0	47	0	0	0	0	0	0	0	0	0	0	0	0	0	0	0	87	0	0	0	5	0	0	0	0	0	0	0	0	0	22	0	0	0	6	0	0	0	0	0	0	0	0	0	39	0	0	0	0	0	0	0	0	0	0	0	0	0	0	0	0	0	0	0	104	0	0	0	0	0	0	0	0	0	0	0	0	0	0	1	0	0	0	0	0	0	0	0	0	0	0	0	0	0	0	0	0	0	0	2	0	0	0	0	0	0	0	0	0	0	0	0	0	0	0	122	72	0	0	0	0	0	0	0	0	56	0	0	0	0	0	0	0	0	216	0	0	0	0	0	0	0	0	0	0	57	0	0	0	0	0	0	0	0	0	0	0	0	0	0	0	0	0	0	0	179	0	0	0	0	46	0	0	126	0	92	0	0	0	0	0	0	0	0	0	0	0	0	0	0	0	0	0	0	0	0	0	0	0	0	0	0	0	0	0	0	0	0	0	0	0	0	0	0	0	0	0	0	0	0	0	0
5	0	0	0	0	0	0	0	0	0	0	0	0	0	0	0	0	0	0	0	0	0	0	0	0	0	0	0	0	0	0	0	0	0	0	0	0	0	0	0	0	0	0	0	0	0	0	0	0	0	0	0	0	0	0	0	0	0	0	0	0	0	0	0	0	0	0	0	0	0	0	0	0	0	0	0	0	0	0	0	0	0	0	0	0	0	0	0	0	0	0	0	0	0	0	0	0	0	0	0	0	0	0	0	0	20	0	0	0	0	0	16	0	0	0	0	0	0	0	0	0	0	0	0	0	0	0	0	0	0	0	0	0	0	0	0	0	0	0	0	0	0	0	0	0	0	0	0	0	0	0	0	9	0	0	0	0	0	0	0	0	0	0	0	0	0	0	0	0	0	0	0	0	0	0	0	0	0	0	0	0	0	0	0	0	0	0	0	0	0	0	0	0	0	0	0	0	0	0	0	0	0	0	0	0	0	0	0	0	0	0	0	0	0	5	0	0	0	0	0	0	0	0	0	0	3	0	0	0	0	0	0	0	0	0	0	0	0	0	0	0	0	0	0	0	0	0	0	0	0	51	0	0	0	0	0	0	0	0	0	0	0	0	0	0	0	0	0	0	0	0	0	0	0	0	0	0	0	0	7	0	0	0	0	0	0	0	0	0	0	0	0	0	0	0	0	0	0	0	0	5	0	0	0	0	92	0	0	0	0	0	0	0	0	0	101	0	0	0	0	0	0	0	0	0	0	0	0	0	0	0	0	0	0	0	0	0	0	0	0	0	0	0	0	0	0	0	0	0	0	0	0	0	0	0	0	0	0	51	0	0	1	0	0	0	0	0	0	0	0	0	0	0	0	0	0	0	0	3	0	0	0	0	0	0	0	0	0	0	0	0	0	0	0	0	153	0	0	0	0	0	0	0	0	0	0	0	0	0	67	0	0	0	61	0	0	0	0	0	0	0	0	0	37	0	0	0	0	0	0	0	0	0	0	0	0	0	0	0	0	0	0	0	34	0	0	0	0	0	0	0	0	0	0	0	0	0	0	0	0	0	0	0	0	0	0	0	0	0	0	0	0	0	0	0	0	0	0	331	0	0	0	0	0	0	0	0	0	0	0	0	0	0	0	121	33	0	0	0	0	0	0	0	0	159	0	0	0	0	0	0	0	0	75	0	0	0	0	0	0	0	0	0	0	24	0	0	0	0	0	0	0	0	0	0	0	0	0	0	0	0	0	0	0	12	0	0	0	0	25	0	0	161	0	224	0	0	0	0	0	0	0	0	0	0	0	0	0	0	0	0	0	0	0	0	0	0	0	0	0	0	0	0	0	0	0	0	0	0	0	0	0	0	0	0	0	0	0	0	0	0
6	0	0	0	0	0	0	0	0	0	0	0	0	0	0	0	0	0	0	0	0	0	0	0	0	0	0	0	0	0	0	0	0	0	0	0	0	0	0	0	0	0	0	0	0	0	0	0	0	0	0	0	0	0	0	0	0	0	0	0	0	0	0	0	0	0	0	0	0	0	0	0	0	0	0	0	0	0	0	0	0	0	0	0	0	0	0	0	0	0	0	0	0	0	0	0	0	0	0	0	0	0	0	0	0	0	0	0	0	0	0	0	0	0	0	0	0	0	0	0	0	0	0	0	0	0	2	0	0	0	0	0	0	0	0	0	0	0	0	0	0	0	0	0	0	0	0	0	0	0	0	0	0	0	0	0	0	0	0	0	0	0	0	0	0	0	0	0	0	0	0	0	0	0	0	0	0	0	0	0	0	0	0	0	0	0	0	0	0	0	0	0	0	0	0	0	0	0	0	0	0	0	0	0	0	0	0	0	0	23	0	0	0	0	0	0	26	0	0	0	0	0	0	0	0	0	0	0	0	0	0	0	0	0	0	0	0	0	0	0	0	0	0	0	0	0	0	0	0	0	0	0	0	0	0	0	0	0	0	26	0	0	0	0	0	0	86	0	0	0	0	0	0	0	0	0	0	0	0	0	0	0	0	0	0	0	0	0	0	0	0	0	0	0	0	0	0	0	0	0	0	0	0	0	0	39	0	0	0	0	0	0	0	0	0	20	0	0	0	0	0	0	0	0	0	0	0	0	0	0	0	0	0	0	0	0	0	0	0	0	0	0	0	0	0	0	0	0	0	0	0	0	0	0	0	0	0	0	94	0	0	0	0	0	0	0	0	0	0	0	0	0	0	4	0	0	0	0	0	133	0	0	0	0	0	0	0	0	0	0	0	0	0	0	0	0	1	0	0	0	0	0	0	0	0	0	0	0	0	47	0	0	0	293	0	0	0	0	0	0	0	0	0	44	0	0	0	0	0	0	0	0	0	0	0	0	0	0	0	0	0	0	0	86	0	0	0	0	0	0	0	0	0	0	0	0	0	0	0	0	0	0	0	0	0	0	0	0	0	0	0	0	0	0	0	0	0	0	50	0	0	0	0	0	0	0	0	0	0	0	0	0	0	0	116	209	0	0	0	0	0	0	0	0	53	0	0	0	0	0	0	0	0	48	0	0	0	0	0	0	0	0	0	0	134	0	0	0	0	0	0	0	0	0	0	0	0	0	0	0	0	0	0	0	78	0	0	0	0	10	0	0	54	0	173	0	0	0	0	0	0	0	0	0	0	0	0	0	0	0	0	0	0	0	0	0	0	0	0	0	0	0	0	0	0	0	0	0	0	0	0	0	0	0	0	0	0	0	0	0	0
7	0	0	0	0	0	0	0	0	0	0	0	0	0	0	0	0	0	0	0	0	0	0	0	0	0	0	0	0	0	0	0	0	0	0	0	0	0	0	0	0	0	0	0	0	0	0	0	0	0	0	0	0	0	0	0	0	0	0	0	0	0	0	0	0	0	0	0	0	0	0	0	0	0	0	0	0	0	0	0	0	0	0	0	0	0	0	0	0	0	0	0	0	0	0	0	0	0	0	0	0	0	0	0	0	0	0	0	0	0	0	0	0	0	0	0	0	0	0	0	0	0	0	0	0	0	0	0	0	0	0	0	0	0	0	0	0	0	0	0	0	0	0	0	0	0	0	0	0	0	0	0	0	0	0	0	0	0	0	0	0	0	0	0	0	0	0	0	0	0	0	0	0	0	0	0	0	0	0	0	0	0	0	0	0	13	0	0	0	0	0	0	0	0	0	0	0	0	0	0	0	0	0	0	0	0	0	0	0	0	0	0	0	0	0	0	3	0	0	0	0	0	0	0	0	0	0	0	0	0	0	0	0	0	0	59	0	0	0	0	0	0	0	0	0	0	0	0	0	0	0	5	0	0	0	0	0	0	0	0	0	0	0	0	0	0	27	0	0	0	0	0	0	0	0	0	0	0	0	0	1	0	0	0	0	0	0	0	0	0	0	3	0	0	0	0	0	0	0	0	0	0	0	0	0	183	0	0	0	0	0	0	0	0	2	8	0	0	0	0	1	0	0	6	0	0	0	1	0	0	0	0	0	0	0	0	0	0	0	0	0	0	0	0	0	0	0	0	0	0	0	0	0	0	0	0	0	0	41	0	0	0	0	0	0	0	9	0	0	0	24	0	0	0	0	0	0	0	0	0	0	0	0	0	0	0	0	0	0	0	4	0	0	0	0	239	0	0	0	0	0	0	0	0	0	0	0	0	0	52	0	0	0	70	0	0	0	0	0	0	0	0	0	19	0	0	0	0	0	0	0	0	0	0	0	0	0	0	0	0	0	0	0	301	0	0	0	0	0	0	0	0	0	0	0	0	0	0	0	0	0	0	0	0	0	0	0	0	0	0	0	0	0	0	0	0	0	0	63	0	0	0	0	0	0	0	0	0	0	0	0	0	0	0	193	7	0	0	0	0	0	0	0	0	63	0	0	0	0	0	0	0	0	143	0	0	0	0	0	0	0	0	0	0	147	0	0	0	0	0	0	0	0	0	0	0	0	0	0	0	0	0	0	0	129	0	0	0	0	46	0	0	153	0	188	0	0	0	0	0	0	0	0	0	0	0	0	0	0	0	0	0	0	0	0	0	0	0	0	0	0	0	0	0	0	0	0	0	0	0	0	0	0	0	0	0	0	0	0	0	0
8	0	0	0	0	0	0	0	0	0	0	0	0	0	0	0	0	0	0	0	0	0	0	0	0	0	0	0	0	0	0	0	0	0	0	0	0	0	0	0	0	0	0	0	0	0	0	0	0	0	0	0	0	0	0	0	0	0	0	0	0	0	0	0	0	0	0	0	0	0	0	0	0	0	0	0	0	0	0	0	0	0	0	0	0	0	0	0	0	0	0	0	0	0	0	0	0	0	0	0	0	0	0	29	0	10	0	0	0	0	0	0	0	0	0	0	0	0	0	0	0	0	0	0	0	0	0	0	0	0	0	0	0	0	0	0	0	0	0	0	0	0	0	0	0	0	0	0	0	0	0	0	0	0	0	0	0	0	0	0	0	0	0	0	0	0	0	0	0	0	0	0	0	0	0	0	0	0	0	0	0	0	0	0	0	0	0	0	0	0	0	24	0	0	0	0	0	0	0	0	0	0	0	0	0	0	0	6	0	0	0	0	0	0	0	0	0	0	0	0	0	0	0	0	0	0	0	0	0	0	0	0	0	0	0	0	0	1	0	0	0	0	0	0	0	0	0	0	0	0	0	0	0	0	0	0	0	0	38	0	0	0	0	0	0	0	52	0	0	0	0	0	0	0	0	0	0	0	0	0	0	0	0	0	0	0	0	0	0	0	0	0	0	0	0	0	0	0	0	0	0	0	0	0	0	156	0	0	0	0	0	0	0	0	0	211	0	0	0	0	0	0	0	0	0	0	0	0	0	0	0	0	0	0	0	0	0	0	0	0	0	0	0	0	0	0	1	0	0	0	0	0	0	0	0	0	0	0	150	0	0	0	0	0	22	0	0	0	0	0	0	0	0	0	0	0	0	0	0	70	0	0	0	0	0	0	0	0	0	0	0	0	0	0	0	117	0	0	0	0	0	0	0	0	0	0	0	0	0	83	0	0	0	86	0	0	0	0	0	0	0	0	0	2	0	0	0	0	0	0	0	0	0	0	0	0	0	0	0	0	0	0	0	108	0	0	0	0	0	0	0	0	0	0	0	0	0	0	0	0	0	0	0	0	0	0	0	0	0	0	0	0	0	0	0	0	0	0	78	1	0	0	0	0	0	0	0	0	0	0	0	0	0	0	156	209	0	0	0	0	0	0	0	0	29	0	0	0	0	0	0	0	0	104	0	0	0	0	0	0	0	0	0	0	87	0	0	0	0	0	0	0	0	0	0	0	0	0	0	0	0	0	1	0	170	0	0	0	0	96	0	0	25	0	49	0	0	0	0	0	0	0	0	0	0	0	0	0	0	0	0	0	0	0	0	0	2	0	0	0	0	0	0	0	0	0	0	0	0	0	0	0	0	0	0	0	0	0	0	0	0
9	0	0	0	0	0	0	0	0	0	0	0	0	0	0	0	0	0	0	0	0	0	0	0	0	0	0	0	0	0	0	0	0	0	0	0	0	0	0	0	0	0	0	0	0	0	0	0	0	0	0	0	0	0	0	0	0	0	0	0	0	0	0	0	0	0	0	0	0	0	0	0	0	0	0	0	0	0	0	0	0	0	0	0	0	0	0	0	0	0	0	0	0	0	0	0	0	0	0	0	0	0	0	0	0	0	0	0	0	0	0	0	0	0	0	0	63	0	0	0	0	0	0	0	0	0	0	0	0	0	0	0	0	0	0	0	0	0	0	0	0	0	0	0	0	0	0	0	0	0	0	0	0	0	0	0	0	0	0	0	0	0	0	0	0	0	0	0	0	0	0	0	0	83	0	0	0	0	0	0	0	0	0	0	0	0	0	0	0	0	0	0	0	110	0	0	0	0	0	0	0	0	0	0	0	0	0	0	0	0	0	0	0	0	0	0	0	0	0	0	0	0	0	0	0	0	0	0	0	0	0	0	0	0	0	0	0	0	0	0	0	0	0	0	0	0	0	0	0	0	69	0	0	0	0	0	0	0	0	0	0	0	0	0	0	0	69	0	0	0	0	0	0	0	0	0	0	0	0	0	0	0	0	0	0	0	0	0	0	0	0	0	0	0	0	0	0	0	0	0	0	0	0	0	0	207	0	0	0	0	0	0	0	0	0	97	0	0	0	0	1	0	0	0	0	0	0	0	0	0	0	0	0	0	0	0	0	0	0	0	0	0	0	0	0	0	0	0	0	0	0	0	1	0	0	0	0	0	73	0	0	0	0	0	0	0	0	0	0	0	0	0	0	0	0	0	0	0	0	195	0	0	0	0	4	0	0	0	0	0	0	0	0	0	0	24	0	0	0	0	0	0	0	0	0	0	0	0	0	56	0	1	0	43	0	0	0	0	0	0	0	0	0	0	0	0	0	0	0	0	0	0	0	0	0	0	0	0	0	0	0	0	0	169	0	0	0	0	0	0	0	0	0	0	0	0	0	0	0	0	0	0	0	0	0	0	0	0	0	0	0	0	0	0	0	0	0	0	85	0	0	0	0	0	0	0	1	0	0	0	0	0	0	0	39	50	0	0	0	0	0	0	0	0	28	0	0	0	0	0	0	0	0	151	0	0	0	0	0	0	0	0	0	0	48	0	0	0	0	0	0	0	0	0	0	0	0	0	0	0	0	0	0	0	74	0	0	0	0	117	0	0	59	0	75	0	0	0	0	0	0	0	0	0	0	0	0	0	0	0	0	0	0	0	0	0	0	0	0	0	0	0	0	0	0	0	0	0	0	0	0	0	0	0	0	0	0	0	0	0	0
10	0	0	0	0	0	0	0	0	0	0	0	0	0	0	0	0	0	0	0	0	0	0	0	0	0	0	0	0	0	0	0	0	0	0	0	0	0	0	0	0	0	0	0	0	0	0	0	0	0	0	0	0	0	0	0	0	0	0	0	0	0	0	0	0	0	0	0	0	0	0	0	0	0	0	0	0	0	0	0	0	0	0	0	0	0	0	0	0	0	0	0	0	0	0	0	0	0	0	0	0	0	0	0	0	0	0	0	0	0	0	0	0	0	0	0	0	0	0	0	0	0	0	0	0	0	0	0	0	0	0	0	0	0	0	0	0	0	0	0	0	0	0	0	0	0	0	0	0	0	0	0	0	0	0	0	0	0	0	0	0	0	0	0	0	0	0	0	0	0	0	0	0	0	0	0	0	0	0	0	10	0	0	0	0	0	0	0	0	0	0	0	0	36	0	0	0	0	0	0	0	0	0	2	0	0	0	0	0	0	0	0	0	0	0	0	0	0	0	0	0	0	0	0	0	0	0	0	0	0	0	7	0	0	0	20	0	0	0	0	0	0	0	0	0	0	0	0	0	0	0	233	0	0	0	0	0	0	0	19	4	0	0	0	0	0	242	0	0	0	0	0	0	0	0	0	0	0	0	0	0	0	0	102	0	0	0	0	0	0	0	39	0	0	2	0	0	0	0	0	0	0	0	0	0	63	0	1	0	1	0	0	0	0	0	44	0	0	0	0	0	0	0	0	0	0	0	0	0	0	0	0	4	0	0	0	0	0	0	0	0	0	0	0	0	0	0	0	0	0	0	0	0	1	0	0	0	0	139	0	0	0	0	0	0	0	0	0	0	0	0	0	0	0	0	0	0	0	0	2	0	0	0	0	0	0	0	0	0	0	1	0	0	0	0	161	11	0	0	0	4	0	0	0	0	0	0	0	0	37	0	0	0	126	0	0	0	0	0	0	0	0	0	0	0	0	0	0	0	0	0	0	0	0	0	0	0	0	0	0	0	0	0	145	0	0	0	0	0	0	0	0	0	0	0	0	0	0	0	0	0	0	0	0	0	0	0	0	0	0	0	0	0	0	0	0	0	0	164	0	0	0	0	0	0	0	0	0	0	0	0	0	0	0	160	109	0	0	0	1	0	0	0	0	160	0	0	0	0	0	0	0	0	172	0	0	0	0	0	0	0	0	0	0	94	0	0	0	0	0	0	0	0	0	0	0	0	0	0	0	0	0	0	0	148	0	0	0	0	11	0	0	51	0	74	0	0	0	0	0	0	0	0	0	0	0	0	0	0	0	0	0	0	0	0	0	0	0	0	0	0	0	0	0	0	0	0	0	0	0	0	0	0	0	0	0	0	0	0	0	0
11	0	0	0	0	0	0	0	0	0	0	0	0	0	0	0	0	0	0	0	0	0	0	0	0	0	0	0	0	0	0	0	0	0	0	0	0	0	0	0	0	0	0	0	0	0	0	0	0	0	0	0	0	0	0	0	0	0	0	0	0	0	0	0	0	0	0	0	0	0	0	0	0	0	0	0	0	0	0	0	0	0	0	0	0	0	0	0	0	0	0	0	0	0	0	0	0	0	0	0	0	0	0	0	0	0	0	0	0	0	0	0	0	0	0	0	0	0	0	0	0	0	0	0	0	0	0	0	0	0	0	0	0	0	0	0	0	0	0	0	0	0	0	0	0	0	0	0	0	0	0	0	0	0	0	0	0	0	0	0	0	0	0	0	0	0	0	0	0	0	0	0	0	0	0	0	0	0	0	0	0	0	0	0	0	6	0	0	0	0	0	0	0	0	0	0	0	0	0	0	0	0	0	0	0	0	0	19	0	0	0	0	0	0	0	6	0	0	0	0	0	0	0	0	0	1	0	0	0	0	0	0	0	0	0	0	0	0	0	0	0	0	0	0	0	0	0	0	0	0	0	71	0	0	0	0	0	0	0	0	0	0	0	0	0	0	0	0	0	0	0	0	0	0	0	0	0	0	0	0	0	0	0	0	0	0	0	0	0	0	0	22	0	0	0	0	0	0	0	0	0	0	2	0	0	50	0	0	0	0	0	0	0	0	0	52	0	0	0	0	0	0	0	0	0	0	0	0	0	0	0	0	0	0	0	0	0	0	0	0	0	0	0	0	0	0	0	0	0	0	0	0	0	0	0	0	0	0	109	0	0	0	0	0	0	0	0	0	0	0	0	0	0	0	0	0	0	0	0	1	0	0	0	0	0	0	0	0	0	0	0	0	0	0	0	623	0	0	0	0	0	0	0	1	0	0	0	0	0	179	0	0	0	135	0	0	0	0	0	0	0	0	0	2	0	0	0	0	0	0	1	0	0	0	0	0	0	0	0	0	0	0	0	68	0	0	0	0	0	0	0	0	0	0	0	0	0	0	0	0	0	0	0	0	0	0	0	0	0	0	0	0	0	0	0	0	0	0	215	0	0	0	0	0	0	0	0	0	0	0	0	0	0	0	31	88	23	0	0	0	0	0	0	0	54	0	0	0	0	0	0	0	0	66	0	6	0	0	0	0	0	0	0	0	41	0	0	0	0	0	0	4	0	0	0	0	0	0	0	0	0	0	0	0	118	0	0	0	0	183	0	0	200	0	87	0	0	0	0	0	0	0	0	0	0	0	0	0	0	0	0	0	0	0	0	0	0	0	0	0	0	0	0	0	0	0	0	0	0	0	0	0	0	0	0	0	0	0	0	0	0
12	0	0	0	0	0	0	0	0	0	0	0	0	0	0	0	0	0	0	0	0	0	0	0	0	0	0	0	0	0	0	0	0	0	0	0	0	0	0	0	0	0	0	0	0	0	0	0	0	0	0	0	0	0	0	0	0	0	0	0	0	0	0	0	0	0	0	0	0	0	0	0	0	0	0	0	0	0	0	0	0	0	0	0	0	0	0	0	0	0	0	0	0	0	0	0	0	0	0	0	0	0	0	0	0	0	0	0	0	0	0	0	0	0	0	0	0	0	0	0	0	0	0	0	0	0	0	0	0	0	0	0	0	0	0	0	0	0	0	0	0	0	0	0	0	0	0	0	0	0	0	0	0	0	0	0	0	0	0	0	0	0	0	0	0	0	0	0	0	0	0	0	0	0	0	0	0	0	0	0	0	0	0	0	0	0	0	0	0	0	0	0	0	0	0	0	0	0	0	0	0	0	0	0	0	0	0	0	0	0	0	0	0	0	0	0	0	0	0	0	0	0	0	0	0	0	0	0	0	0	0	0	0	0	0	0	0	0	0	0	0	0	0	0	0	0	0	0	0	0	0	0	0	0	0	0	0	0	0	0	0	0	0	0	0	0	12	0	0	0	0	0	0	0	0	0	0	0	0	34	0	0	0	6	0	0	0	0	0	0	0	2	0	0	0	0	0	0	0	0	0	0	0	0	0	132	0	0	0	0	0	0	0	0	0	108	0	0	0	0	0	0	0	0	0	0	0	0	11	0	0	0	0	0	0	0	0	6	0	0	0	0	0	0	4	0	0	0	0	0	0	0	0	0	0	0	0	0	21	0	0	0	0	0	0	0	0	0	0	0	0	0	0	0	0	0	0	0	0	14	8	0	0	0	0	0	0	0	0	0	0	0	0	0	0	93	0	0	0	0	0	0	0	0	0	0	0	0	0	133	0	0	0	140	0	0	0	0	0	0	0	0	0	11	0	0	0	0	0	0	0	0	0	0	0	0	0	0	0	0	0	0	0	121	0	0	0	0	0	0	0	0	0	0	0	0	0	0	0	0	0	0	0	0	0	0	0	0	0	0	0	0	0	0	0	0	0	0	72	0	0	0	0	0	0	0	0	0	1	0	0	0	0	3	87	103	0	0	0	0	0	0	0	0	56	0	0	0	0	0	0	0	0	171	0	0	0	0	0	0	0	0	0	0	108	0	0	0	0	0	0	0	0	0	0	0	0	0	0	0	0	2	0	1	355	0	0	0	0	21	0	0	111	0	267	0	0	0	0	0	0	0	0	0	0	0	0	0	0	0	0	0	0	0	0	0	0	0	0	0	0	0	0	0	0	0	0	0	0	23	0	0	0	0	0	0	0	0	0	0	0
13	0	0	0	0	0	0	0	0	0	0	0	0	0	0	0	0	0	0	0	0	0	0	0	0	0	0	0	0	0	0	0	0	0	0	0	0	0	0	0	0	0	0	0	0	0	0	0	0	0	0	0	0	0	0	0	0	0	0	0	0	0	0	0	0	0	0	0	0	0	0	0	0	0	0	0	0	0	0	0	0	0	0	0	0	0	0	0	0	0	0	0	0	0	0	0	0	0	0	0	0	0	0	0	0	0	0	0	0	0	0	0	0	0	0	0	0	0	0	0	0	0	0	0	0	0	0	0	0	0	0	0	0	0	0	0	0	0	0	0	0	0	0	0	0	0	0	0	0	0	0	0	0	0	0	0	0	0	0	0	0	0	0	0	0	0	0	0	0	0	0	0	0	0	0	0	0	0	0	0	0	0	0	0	0	0	0	0	0	0	0	0	0	0	0	0	0	0	0	0	0	0	0	0	0	0	0	1	0	0	0	0	0	0	0	0	0	0	0	0	0	0	1	0	0	0	0	0	0	0	0	0	0	0	0	0	0	0	0	0	0	0	0	0	0	0	0	0	0	0	0	0	0	0	0	0	0	0	0	51	0	0	0	0	0	0	53	0	0	0	0	0	0	0	1	0	0	0	0	0	0	0	0	0	0	0	0	0	0	0	0	5	0	0	0	0	0	0	0	0	0	0	0	0	0	138	0	0	0	0	0	0	0	0	0	122	0	0	0	0	3	0	0	0	0	0	0	0	0	0	0	0	0	0	0	0	0	0	0	0	0	0	0	0	0	0	0	0	0	0	0	0	1	0	0	0	0	1	84	0	0	0	0	0	0	0	0	0	0	0	0	0	0	0	0	0	0	0	0	29	0	0	0	0	0	0	0	0	0	0	0	1	0	0	0	71	0	0	0	0	0	0	0	0	8	0	0	0	0	44	0	0	0	37	0	0	0	0	0	0	0	0	0	0	0	0	0	0	0	0	0	0	0	0	0	0	0	0	0	0	0	0	0	125	0	0	0	0	0	0	0	0	0	0	0	0	0	0	0	0	0	0	0	0	0	0	0	0	0	0	0	0	0	0	0	0	0	3	138	0	0	0	0	0	0	0	0	0	0	0	0	0	0	0	303	56	0	0	0	0	0	0	0	0	76	0	0	0	0	0	0	0	0	17	0	0	0	0	0	0	0	0	0	0	95	0	0	0	0	0	0	2	0	0	0	0	0	0	0	0	0	0	0	0	241	0	0	0	0	14	0	0	108	0	56	0	0	0	0	0	0	0	0	0	0	0	0	0	0	0	0	0	0	0	0	0	0	0	0	0	0	0	0	0	0	0	0	0	0	0	0	0	0	0	0	0	0	0	0	0	0
14	0	0	0	0	0	0	0	0	0	0	0	0	0	0	0	0	0	0	0	0	0	0	0	0	0	0	0	0	0	0	0	0	0	0	0	0	0	0	0	0	0	0	0	0	0	0	0	0	0	0	0	0	0	0	0	0	0	0	0	0	0	0	0	0	0	0	0	0	0	0	0	0	0	0	0	0	0	0	0	0	0	0	0	0	0	0	0	0	0	0	0	0	0	0	0	0	0	0	0	0	0	0	0	0	0	0	0	0	0	0	0	0	0	0	0	0	0	0	0	0	0	0	0	0	0	0	0	0	0	0	0	0	0	0	0	0	0	0	0	0	0	0	0	0	0	0	0	0	0	0	0	0	0	0	0	0	0	0	0	0	0	0	0	0	0	0	0	0	34	0	0	0	0	0	0	0	0	0	0	0	0	0	0	0	0	0	0	0	64	58	0	0	0	0	0	0	0	0	0	0	0	0	0	0	0	0	0	0	0	0	0	0	0	0	0	6	0	0	0	0	0	0	0	0	1	0	0	0	0	0	0	0	0	0	0	0	0	0	0	0	0	0	0	0	0	0	0	0	0	0	6	0	0	0	0	0	0	0	0	0	0	0	0	0	0	50	0	0	0	0	0	0	0	0	0	0	0	0	0	0	0	0	0	0	0	0	0	0	0	0	13	0	0	0	0	0	0	0	0	0	0	0	0	0	100	0	0	0	0	0	0	0	0	0	51	0	0	0	0	0	0	0	0	0	0	0	0	0	0	0	0	1	0	0	0	0	0	0	0	0	0	0	0	0	0	0	0	0	0	0	1	0	0	0	0	0	0	73	0	0	2	0	0	0	0	0	0	0	0	1	0	0	0	0	0	0	0	0	21	0	0	0	0	0	0	0	0	0	0	0	0	0	0	0	42	0	0	0	0	0	0	0	0	1	0	0	0	0	150	0	0	0	127	0	0	0	0	0	0	0	0	0	51	0	0	0	0	0	0	0	0	0	0	0	0	0	0	0	0	0	0	0	227	0	0	1	0	0	0	0	0	0	0	0	0	0	0	0	0	0	0	0	0	0	0	0	0	0	0	0	0	0	0	0	0	0	0	130	0	0	0	0	0	0	0	0	0	0	0	0	0	0	0	97	44	0	0	0	0	0	0	0	0	144	0	0	0	0	0	0	0	0	8	0	0	0	0	0	0	0	0	0	0	93	0	0	0	0	0	0	0	0	0	0	0	0	0	0	0	0	0	0	0	44	0	0	0	0	117	0	0	76	0	118	0	0	0	0	0	0	0	0	0	0	0	0	0	0	0	0	0	0	0	0	0	0	0	0	0	0	0	0	0	0	0	0	0	0	0	0	0	0	0	0	0	0	0	0	0	0
15	0	0	0	0	0	0	0	0	0	0	0	0	0	0	0	0	0	0	0	0	0	0	0	0	0	0	0	0	0	0	0	0	0	0	0	0	0	0	0	0	0	0	0	0	0	0	0	0	0	0	0	0	0	0	0	0	0	0	0	0	0	0	0	0	0	0	0	0	0	0	0	0	0	0	0	0	0	0	0	0	0	0	0	0	0	0	0	0	0	0	0	0	0	0	0	0	0	0	0	0	0	0	0	0	0	0	0	0	0	0	0	0	0	0	0	0	0	0	0	0	0	0	0	0	0	0	0	0	0	0	0	0	0	0	0	0	0	0	0	0	0	0	0	0	0	0	0	0	0	0	0	0	0	0	0	0	0	16	0	0	0	0	0	0	0	0	0	0	0	0	0	0	0	0	0	0	0	0	0	0	0	0	0	0	0	0	0	0	0	0	0	0	0	0	0	0	0	0	0	0	0	0	6	0	0	0	0	4	0	0	0	0	0	0	20	0	0	0	0	0	0	0	0	0	0	0	0	0	0	0	0	0	0	0	0	0	0	0	0	0	0	0	0	0	0	0	26	0	0	8	0	0	0	0	0	0	0	0	0	0	0	0	0	48	0	45	0	0	0	0	0	0	0	0	0	0	0	0	0	0	0	0	0	0	0	0	0	0	0	0	0	0	0	0	0	0	0	0	0	0	0	0	0	0	93	0	0	0	0	0	0	0	0	0	130	0	0	0	0	0	0	0	0	0	0	0	0	0	0	0	0	0	0	0	0	0	0	0	0	0	0	0	0	0	0	0	0	0	0	0	0	12	0	0	0	0	0	14	0	0	1	0	0	0	0	0	0	0	0	0	0	0	0	0	0	0	0	0	36	0	0	0	0	0	0	0	0	0	0	0	0	0	0	0	112	0	22	0	0	0	0	0	0	0	0	0	0	0	45	0	0	0	131	0	0	0	0	0	0	0	0	0	0	0	0	0	0	0	0	0	0	0	0	0	0	0	0	0	0	0	0	0	345	0	0	0	0	0	0	0	0	0	0	0	0	0	0	0	0	0	0	0	0	0	0	0	0	0	0	0	0	0	0	0	0	0	0	47	0	0	0	0	0	0	0	0	0	0	0	0	0	0	0	6	206	0	0	0	0	0	0	0	0	49	0	0	0	0	0	0	0	0	44	0	0	0	0	0	0	1	0	0	0	78	0	0	0	0	0	0	0	0	0	0	0	0	0	0	0	0	0	0	0	155	0	0	0	0	214	0	0	37	0	18	0	0	0	0	0	0	0	0	0	0	0	0	0	0	0	0	0	0	0	0	0	0	0	0	0	0	0	0	0	0	0	0	0	0	0	0	0	0	0	0	0	10	0	0	0	0
16	0	0	0	0	0	0	0	0	0	0	0	0	0	0	0	0	0	0	0	0	0	0	0	0	0	0	0	0	0	0	0	0	0	0	0	0	0	0	0	0	0	0	0	0	0	0	0	0	0	0	0	0	0	0	0	0	0	0	0	0	0	0	0	41	0	0	0	0	0	0	0	0	0	0	0	0	0	0	0	0	0	0	0	0	0	0	0	0	0	0	0	0	0	0	0	0	0	0	0	0	0	0	0	0	0	0	0	0	0	0	0	0	0	0	0	0	0	0	0	0	0	0	0	0	0	0	0	0	0	0	0	0	0	0	0	0	0	0	0	0	0	0	0	0	0	0	0	0	0	0	0	0	0	0	0	0	0	0	0	0	0	0	0	0	0	0	0	0	0	0	0	0	0	0	0	0	0	0	0	0	0	0	0	0	0	0	0	0	0	0	0	0	0	0	0	0	0	0	0	0	0	0	0	0	0	0	0	0	0	0	0	0	0	0	0	0	0	0	0	0	0	0	0	0	1	0	0	0	0	0	0	0	0	0	0	0	0	0	0	0	3	0	0	0	0	0	0	0	0	0	1	0	0	0	0	0	0	0	9	0	0	0	0	0	0	18	0	0	0	0	0	0	0	0	0	0	0	0	0	0	0	0	0	0	0	0	0	0	0	0	0	0	0	0	0	0	0	0	0	0	0	0	0	0	12	0	0	0	0	0	0	0	0	0	62	0	0	0	0	0	0	0	0	0	0	0	0	0	0	0	0	0	0	4	0	0	0	0	0	0	0	0	0	0	0	0	0	0	0	0	0	0	0	0	0	0	0	66	0	0	0	0	0	0	0	0	0	0	0	0	0	0	0	0	0	0	0	0	47	0	0	0	0	0	0	0	0	0	0	0	0	0	0	0	84	0	0	0	0	0	0	0	0	0	0	0	0	0	122	0	0	0	96	0	0	0	0	0	0	0	0	0	1	0	0	0	0	0	0	0	0	0	0	0	0	3	0	0	0	0	0	0	70	0	0	0	0	2	0	0	0	0	0	0	0	0	0	0	0	0	0	0	0	0	0	0	0	0	0	0	0	0	0	0	0	1	0	100	7	0	0	0	0	0	0	0	0	0	0	0	0	0	0	103	7	0	0	0	0	0	0	0	0	64	0	0	0	0	0	0	0	0	22	0	0	0	0	0	0	0	0	0	0	162	0	0	0	0	0	0	0	0	0	0	0	0	0	0	0	0	0	0	20	69	0	0	0	0	55	0	0	255	0	89	0	0	0	0	0	0	0	0	0	0	0	0	0	0	0	0	0	0	0	0	0	0	0	0	0	0	0	0	0	0	0	0	0	0	0	0	0	0	0	0	0	0	0	0	0	0
17	0	0	0	0	0	0	0	0	0	0	0	0	0	0	0	0	0	0	0	0	0	0	0	0	0	0	0	0	0	0	0	0	0	0	0	0	0	0	0	0	0	0	0	0	0	0	0	0	0	0	0	0	0	0	0	0	0	0	0	0	0	0	0	0	0	0	0	0	0	0	0	0	0	0	0	0	0	0	0	0	0	0	0	0	0	0	0	0	0	0	0	0	0	0	0	0	0	0	0	0	0	0	0	0	4	0	13	0	0	0	0	0	0	0	0	0	0	0	0	0	0	0	0	0	0	0	0	0	0	0	0	0	0	0	0	0	0	0	0	0	0	0	0	0	0	0	0	0	0	0	0	0	0	0	0	0	0	0	0	0	0	0	0	0	0	0	0	0	0	0	0	0	0	0	0	0	0	0	0	0	0	0	0	0	0	0	0	0	0	0	0	0	22	0	0	0	0	0	0	0	0	0	0	0	0	0	0	0	0	0	0	0	0	0	0	16	0	0	0	0	0	0	0	0	0	0	0	0	0	0	0	0	0	0	0	0	0	0	0	0	0	0	0	0	0	0	0	0	0	0	0	0	0	0	14	0	2	0	0	0	0	0	0	0	0	184	0	0	0	0	0	0	0	0	0	0	0	0	0	0	0	0	0	0	0	0	0	0	0	0	19	0	0	0	0	0	3	0	0	0	0	0	0	0	78	0	0	0	0	0	0	0	0	0	57	0	0	0	0	0	0	0	0	0	0	0	0	0	0	0	0	0	0	0	0	0	0	0	0	0	0	0	0	0	0	0	0	0	0	0	0	0	0	0	0	0	0	44	0	0	0	0	0	0	0	0	0	0	0	0	0	0	0	0	0	0	0	0	96	0	0	0	0	0	0	0	0	0	0	0	0	0	0	0	254	0	0	0	0	0	0	0	0	0	11	0	0	0	102	0	0	0	92	0	0	0	0	0	0	0	0	0	0	0	0	0	0	0	0	0	0	0	0	0	0	0	0	0	0	0	0	0	153	0	0	0	0	0	0	0	0	0	0	0	0	0	0	0	0	0	0	0	0	0	0	0	0	0	0	0	0	0	0	0	0	0	0	59	0	0	0	0	0	0	0	0	0	0	0	0	0	0	0	111	255	0	0	0	0	0	0	0	0	68	0	0	0	0	0	0	0	0	43	0	0	0	0	0	0	0	0	0	0	128	0	0	0	0	0	0	0	0	0	0	0	0	0	0	0	0	0	0	0	128	0	0	0	0	40	0	0	36	0	28	0	0	0	0	0	0	0	0	0	0	0	0	0	0	0	0	0	0	0	0	0	0	0	0	0	0	0	0	0	0	0	0	0	0	0	0	0	0	0	0	0	0	0	0	0	0
18	0	0	0	0	0	0	0	0	0	0	0	0	0	0	0	0	0	0	0	0	0	0	0	0	0	0	0	0	0	0	0	0	0	0	0	0	0	0	0	0	0	0	0	0	0	0	0	0	0	0	0	0	0	0	0	0	0	0	0	0	0	0	0	0	0	0	0	0	0	0	0	0	0	0	0	0	0	0	0	0	0	0	0	0	0	0	0	0	0	0	0	0	0	0	0	0	0	0	0	0	0	0	0	0	0	0	0	0	0	0	0	0	0	0	0	0	0	0	0	0	0	0	0	0	0	0	0	0	0	0	0	0	0	0	0	0	0	0	0	0	0	0	0	0	0	0	0	0	0	0	0	0	0	0	0	0	0	0	0	0	0	0	0	0	0	0	0	0	0	0	0	0	0	0	0	0	0	0	0	0	0	0	0	0	0	0	0	0	0	0	0	0	10	0	0	0	0	0	0	0	0	0	0	0	0	0	0	59	0	0	0	0	0	0	3	0	0	0	0	0	1	0	0	0	0	10	0	0	0	0	0	0	0	0	0	0	0	0	0	0	0	0	0	0	0	0	0	0	0	124	0	0	0	0	0	0	0	0	0	0	2	0	0	0	0	0	0	0	0	0	0	101	0	1	0	0	0	0	0	0	0	0	0	0	0	0	0	0	0	0	2	0	0	0	0	0	0	5	0	0	0	0	0	0	101	0	0	0	0	0	0	0	0	0	89	0	0	0	0	0	0	0	0	0	0	0	0	0	0	0	0	0	0	35	0	0	0	0	0	0	0	0	0	0	0	0	0	0	0	0	0	0	0	0	0	0	0	121	0	0	0	0	0	0	0	0	0	0	0	0	0	0	0	0	0	0	0	0	42	0	0	0	0	0	0	0	0	0	0	0	3	0	21	0	77	0	0	0	0	0	0	0	0	0	0	0	0	0	11	0	0	0	64	0	0	0	0	0	0	0	0	0	0	1	0	18	0	0	0	0	0	0	0	0	0	0	0	0	0	0	0	0	70	0	3	0	0	0	0	0	0	0	0	0	0	0	0	0	0	0	0	0	0	0	0	0	0	0	0	0	0	0	0	1	0	0	0	58	0	0	0	0	0	0	0	0	0	0	0	0	0	0	0	206	111	0	0	0	0	0	0	0	0	86	0	0	0	0	0	0	0	0	71	0	0	0	0	0	0	0	0	0	0	29	0	0	0	0	0	0	0	0	0	0	0	0	0	0	0	0	0	0	0	179	0	0	0	0	148	0	0	15	0	139	0	0	0	0	0	0	0	0	0	0	0	0	0	0	0	0	0	0	0	0	0	0	0	0	0	0	0	0	0	0	0	0	0	0	0	0	0	0	0	0	0	0	0	0	0	0
19	0	0	0	0	0	0	0	0	0	0	0	0	0	0	0	0	0	0	0	0	0	0	0	0	0	0	0	0	0	0	6	0	0	0	0	0	0	0	0	0	0	0	0	0	0	0	0	0	0	0	0	0	0	0	0	0	0	0	0	0	0	32	0	0	0	0	0	0	0	0	0	0	0	0	0	0	0	0	0	0	0	0	0	0	0	0	0	0	0	0	0	0	0	0	0	0	0	0	0	0	0	0	0	0	0	0	0	0	0	0	0	0	0	0	0	0	0	0	0	0	0	0	0	0	0	0	0	0	0	0	0	0	0	0	0	0	0	0	0	0	0	0	0	0	0	0	0	0	0	0	0	0	0	0	0	0	0	0	0	0	0	0	0	0	0	0	0	0	0	0	0	0	0	0	0	0	0	0	0	0	0	0	0	0	0	0	0	0	0	0	0	0	0	0	0	0	0	0	0	0	0	0	0	0	0	0	3	0	0	0	0	0	0	0	0	4	0	0	0	0	0	0	0	0	0	0	0	0	0	0	0	0	0	0	2	0	3	0	0	0	0	0	0	0	0	0	0	0	0	0	0	0	0	0	0	0	0	0	0	0	0	0	0	0	0	219	0	0	0	0	0	1	0	0	0	0	0	0	0	0	0	0	0	0	0	0	0	0	0	0	2	0	0	0	0	0	0	0	0	0	0	0	0	0	85	0	0	0	0	0	0	0	0	0	80	0	0	0	0	0	0	0	0	0	0	0	0	0	0	0	0	0	0	0	0	0	0	0	0	0	0	0	0	0	0	0	0	0	0	0	0	0	0	0	0	0	0	108	0	0	0	0	0	0	0	0	0	0	0	0	0	0	0	0	0	0	0	0	112	0	0	0	0	0	0	0	0	0	0	0	7	0	1	0	156	0	0	0	0	0	0	0	0	0	0	0	0	0	46	0	0	0	150	0	0	0	0	0	0	0	0	0	12	0	0	0	0	0	0	0	0	0	0	0	0	0	0	0	0	0	0	0	54	0	0	1	0	0	0	0	0	0	0	0	0	0	0	0	0	0	0	0	0	0	0	0	0	0	0	0	0	0	0	0	0	0	0	220	0	0	0	0	0	0	0	0	0	0	0	0	0	0	0	47	93	0	0	0	0	0	0	0	0	67	0	0	0	0	0	0	0	0	134	0	0	0	0	0	0	0	0	0	0	105	0	0	0	0	0	0	0	0	0	0	0	0	0	0	0	0	0	0	0	119	0	0	0	0	93	0	0	61	0	142	0	0	0	0	0	0	0	0	0	0	0	0	0	0	0	0	0	0	0	0	0	0	0	0	0	0	0	0	0	0	0	0	0	0	0	0	0	0	0	0	0	0	0	7	0	0
20	0	0	0	0	0	0	0	0	0	0	0	0	0	0	0	0	0	0	0	0	0	0	0	0	0	0	0	0	0	0	0	0	0	0	0	0	0	0	0	0	0	0	0	0	0	0	0	0	0	0	0	0	0	0	0	0	0	0	0	0	0	0	0	0	0	0	0	0	0	0	0	0	0	0	0	0	0	0	0	0	0	0	0	0	0	0	0	0	0	0	0	0	0	0	0	0	0	0	0	0	0	0	0	0	4	0	0	0	0	0	0	0	0	0	0	0	0	0	0	0	0	0	0	0	0	0	0	0	0	0	0	0	0	0	0	0	0	0	0	0	0	0	0	0	0	0	0	0	0	0	0	0	0	0	0	0	0	0	0	0	0	0	0	0	0	0	0	0	0	0	0	0	0	0	0	0	4	0	0	0	0	0	0	0	0	0	0	0	0	0	0	0	0	0	0	0	0	0	0	0	0	0	0	0	0	0	0	0	0	0	0	0	0	0	0	0	0	0	0	0	0	0	0	0	4	0	0	0	0	0	0	0	0	0	0	0	15	0	0	0	0	0	0	0	0	0	0	0	0	21	0	0	0	0	0	0	0	0	0	0	0	4	0	0	0	42	0	0	0	0	0	0	0	0	0	0	0	0	0	0	0	0	0	0	0	0	0	0	0	0	0	0	108	0	0	0	0	0	0	0	0	0	0	0	16	0	0	0	0	0	0	0	0	0	31	0	0	0	0	0	0	0	0	0	0	0	0	0	0	0	0	0	0	0	0	1	0	0	0	0	0	0	0	0	0	0	0	0	0	0	0	0	0	0	0	0	0	20	0	0	0	0	0	0	0	0	0	0	0	0	0	0	0	0	0	0	0	0	85	0	0	0	0	0	0	0	0	0	0	0	0	0	0	0	62	2	0	0	0	0	0	0	0	0	0	0	0	0	84	0	0	0	59	0	0	0	0	0	0	0	0	0	7	2	0	0	0	0	0	0	0	0	0	0	0	0	0	0	0	0	0	0	72	0	0	0	0	0	0	0	0	0	0	0	0	0	0	0	0	0	0	0	0	0	0	0	0	0	0	0	0	0	0	0	0	0	0	81	0	0	0	0	0	0	0	0	0	0	0	0	0	0	0	74	82	0	0	0	0	0	0	0	0	133	0	0	0	0	0	0	0	0	135	0	0	0	0	0	0	0	0	0	0	43	0	0	0	0	0	0	0	0	0	0	0	0	0	0	0	0	0	0	0	87	0	0	0	0	34	0	0	32	0	102	0	0	0	0	0	0	0	0	0	0	0	0	0	0	0	0	0	0	0	0	0	0	0	0	0	0	0	0	0	0	0	0	84	0	0	0	0	0	0	0	0	0	0	0	0	0
21	0	0	0	0	0	0	0	0	0	0	0	0	0	0	0	0	0	0	0	0	0	0	0	0	0	0	0	0	0	0	0	0	0	0	0	0	0	0	0	0	0	0	0	0	0	0	0	0	0	0	0	0	0	0	0	0	0	0	0	0	0	0	0	0	0	0	0	0	0	0	0	0	0	0	0	0	0	0	0	0	0	0	0	0	0	0	0	0	0	0	0	0	0	0	0	0	0	0	0	0	0	0	0	0	28	0	0	0	0	0	0	0	0	0	0	20	0	0	0	0	0	0	0	0	0	0	0	0	0	0	0	0	0	0	0	0	0	0	0	0	0	0	0	0	0	0	0	0	0	0	0	0	0	0	0	0	0	0	0	0	0	0	0	0	0	0	0	0	0	0	0	0	0	0	0	0	0	0	0	0	0	0	0	0	0	0	0	0	0	0	0	0	0	0	0	0	0	0	0	0	0	0	0	0	0	0	0	0	0	0	0	0	0	0	0	3	0	0	0	0	0	0	0	0	0	0	0	0	0	0	0	0	0	0	2	0	0	0	0	0	0	0	0	0	0	0	0	0	0	36	0	0	0	0	0	0	0	0	0	0	0	0	0	0	0	21	0	0	0	0	0	0	0	0	0	0	0	0	7	0	0	0	3	0	0	0	0	0	0	0	0	0	0	5	0	0	0	0	0	0	0	0	0	0	82	0	0	0	0	0	0	0	0	0	23	0	0	0	0	0	0	0	0	0	0	0	0	0	0	0	0	0	0	0	0	0	0	0	0	0	0	0	0	0	0	10	0	0	0	0	0	7	0	0	0	0	0	99	0	0	0	0	0	0	6	0	0	0	0	0	0	1	9	0	0	0	0	0	38	0	0	0	0	0	0	0	0	0	0	0	0	0	0	0	80	0	0	0	0	48	0	0	0	0	0	0	0	0	110	0	0	0	24	0	0	0	0	0	0	0	0	0	0	0	0	0	0	0	0	0	0	0	0	0	0	0	0	0	0	0	0	0	125	0	0	0	0	0	0	0	0	0	0	0	0	0	0	0	0	0	0	0	0	0	0	0	0	0	0	0	0	0	0	0	0	0	0	96	0	0	0	0	3	0	0	0	0	0	0	0	0	0	0	44	56	0	0	0	0	0	0	0	0	75	0	0	0	0	0	0	0	0	91	0	0	0	0	0	0	0	0	0	0	173	0	0	0	0	0	0	0	0	0	0	0	0	0	0	0	0	0	0	0	173	0	0	0	0	127	0	0	78	0	54	0	0	0	0	0	0	0	0	0	0	0	0	0	0	0	0	0	0	0	0	0	0	0	0	0	0	0	0	0	0	0	0	0	0	0	0	0	0	0	0	0	0	0	0	0	0
22	0	0	0	0	0	0	0	0	0	0	0	0	0	0	0	0	0	0	0	0	0	0	0	0	0	0	0	0	0	0	0	0	0	0	0	0	0	0	0	0	0	0	0	0	0	0	0	0	0	0	0	0	0	0	0	0	0	0	0	0	0	0	0	0	0	0	0	0	0	0	0	0	0	0	0	0	0	0	0	0	0	0	0	0	0	0	0	0	0	0	0	0	0	0	0	0	0	0	0	0	0	0	0	0	0	0	0	0	0	0	0	0	0	0	0	0	0	0	0	0	0	0	0	0	0	0	0	0	0	0	0	0	0	0	0	0	0	0	0	0	0	0	0	0	8	0	0	0	0	0	0	0	0	0	0	0	0	0	54	0	0	0	0	0	0	0	0	0	0	0	0	0	0	0	0	0	0	0	0	0	0	0	0	0	0	0	0	0	0	0	0	0	0	0	0	0	0	0	0	0	0	0	0	0	0	0	0	0	0	0	0	0	0	0	0	0	0	0	0	0	0	0	0	0	0	0	0	0	0	0	0	0	0	0	0	0	0	0	0	0	0	0	0	0	0	0	0	0	0	0	0	0	0	0	0	0	0	0	0	0	0	0	0	0	0	6	0	0	0	0	0	0	0	0	0	0	0	0	0	0	0	0	0	0	0	0	0	0	0	0	0	0	0	0	0	0	0	0	0	0	0	0	0	0	52	0	0	0	0	0	0	0	0	0	352	0	0	0	0	0	0	0	0	0	0	0	0	0	0	0	0	0	0	2	1	0	0	0	0	0	0	0	0	2	0	0	0	0	0	0	0	0	0	0	0	0	0	146	0	0	2	0	0	0	0	0	0	0	0	0	0	0	0	0	0	0	0	0	40	0	0	0	0	0	0	0	14	0	0	0	1	0	0	0	11	0	0	0	3	0	0	0	0	0	0	0	0	0	97	0	0	0	38	0	0	0	0	0	0	0	0	0	1	0	0	0	0	0	0	0	0	0	0	0	0	0	0	0	0	0	0	0	270	0	0	0	0	0	0	0	0	0	0	0	0	0	0	0	0	0	0	0	0	0	0	0	0	0	0	0	0	0	0	0	0	0	0	86	0	0	0	0	0	0	0	0	0	0	0	0	0	0	0	28	58	0	0	0	0	0	0	0	0	88	0	0	0	0	0	0	0	0	107	0	0	0	0	0	0	0	0	0	0	18	0	0	0	0	0	0	0	0	0	0	0	0	0	0	0	0	0	0	0	138	0	0	0	0	16	0	0	82	0	54	0	0	0	0	0	0	0	0	0	0	0	0	0	0	0	0	0	0	0	0	0	0	0	0	0	0	0	0	0	0	0	0	0	0	0	0	0	0	0	0	0	0	0	0	0	0
23	0	0	0	0	0	0	0	0	0	0	0	0	0	0	0	0	0	0	0	0	0	0	0	0	0	0	0	0	0	0	0	0	0	0	0	0	0	0	0	0	0	0	0	0	0	0	0	0	0	0	0	0	0	0	0	0	0	0	0	0	2	0	0	0	0	0	0	0	0	0	0	0	0	0	0	0	0	0	0	0	0	0	0	0	0	0	0	0	0	0	0	0	0	0	0	0	0	0	0	0	0	0	0	0	0	0	0	0	0	0	0	0	0	0	0	0	0	0	0	0	0	0	0	0	0	0	0	0	0	0	0	0	0	0	0	0	0	0	0	0	0	0	0	0	2	0	0	0	0	0	0	0	0	0	0	0	0	0	0	0	0	0	0	0	0	0	0	0	0	0	0	0	0	0	0	0	0	0	0	0	0	0	0	0	0	0	0	0	0	0	0	0	0	0	0	11	0	0	0	0	0	0	0	0	0	0	0	0	0	0	0	0	0	0	0	0	0	4	0	0	0	0	0	0	2	0	0	0	0	0	0	0	0	0	0	0	0	0	0	0	0	0	0	0	0	0	0	0	0	0	60	0	0	0	0	0	0	1	0	0	0	0	0	0	0	0	0	0	0	0	0	0	0	0	0	0	0	0	0	0	0	0	0	0	0	0	0	0	0	0	28	0	0	0	0	0	0	0	0	0	0	0	0	0	50	0	0	0	0	0	0	0	0	0	313	0	0	0	0	0	0	0	0	0	0	0	0	0	0	0	27	0	0	0	0	0	0	0	0	0	0	0	0	0	0	0	0	0	0	0	0	0	0	0	0	0	0	220	0	0	0	0	0	0	0	0	0	0	0	0	0	0	0	0	0	0	0	0	7	0	0	0	0	0	0	0	0	0	3	0	0	0	0	0	41	0	0	0	0	0	0	0	0	0	0	0	0	0	84	0	0	0	180	0	0	0	0	0	0	0	0	0	21	0	0	0	0	0	1	0	0	0	0	0	0	0	0	0	0	0	0	0	134	0	0	0	0	0	0	0	0	0	0	0	0	0	0	0	0	0	0	0	0	0	0	0	0	0	0	0	0	0	0	0	0	0	0	47	0	0	0	0	0	0	0	0	0	0	0	0	0	0	0	88	111	0	0	0	0	0	0	0	0	116	0	0	0	0	0	0	0	0	40	0	0	0	0	0	0	0	0	0	0	134	0	0	0	0	0	0	0	0	0	0	0	0	0	0	0	0	0	0	0	94	0	0	0	0	77	0	0	4	0	56	0	0	0	0	0	0	0	0	0	0	0	0	0	0	0	0	0	0	0	0	0	0	0	0	0	0	0	0	0	0	0	0	0	0	0	0	0	0	0	0	0	0	0	0	0	0
24	0	0	0	0	0	0	0	0	0	0	0	0	0	0	0	0	0	0	0	0	0	0	0	0	0	0	0	0	0	0	0	0	0	0	0	0	0	0	0	0	0	0	0	0	11	0	0	0	0	0	0	0	0	0	0	0	0	0	0	0	0	0	0	0	0	0	0	0	0	0	0	0	0	0	0	0	0	0	0	0	0	0	0	0	0	0	0	0	0	0	0	0	0	0	0	0	0	0	0	0	0	0	0	0	0	0	0	0	0	0	0	0	0	0	0	0	0	0	0	0	0	0	0	0	0	0	0	0	0	0	0	0	0	0	0	0	0	0	0	0	0	0	0	0	0	0	0	0	0	0	0	0	0	0	0	0	0	0	0	0	0	0	0	0	0	0	0	0	0	0	0	0	0	0	0	0	0	0	0	0	0	0	0	0	0	0	0	0	0	0	0	0	0	0	0	0	0	0	0	0	0	0	0	13	0	0	0	0	0	0	0	0	0	0	0	35	0	0	0	0	0	0	0	0	0	0	0	0	0	0	0	0	0	0	0	0	0	0	0	0	0	0	0	0	0	0	0	0	0	0	0	0	0	0	0	0	0	0	0	0	0	0	0	0	0	151	0	0	0	0	0	0	0	0	0	0	0	0	0	0	0	0	0	0	0	0	0	0	0	0	0	0	0	0	0	0	0	0	0	0	0	0	0	0	56	0	0	0	0	0	0	0	0	0	151	0	0	0	0	0	0	0	0	0	0	0	0	0	0	0	0	0	0	0	0	0	0	0	0	0	0	0	0	0	0	0	0	0	0	0	0	0	2	0	0	0	0	51	0	0	88	0	0	0	0	0	0	0	0	0	0	0	12	0	0	0	0	0	21	0	0	0	0	0	0	0	0	0	0	0	0	0	0	0	107	0	0	0	0	0	0	0	0	0	0	0	0	0	146	0	0	0	333	3	0	0	0	0	0	0	0	0	0	0	0	0	0	0	0	0	0	0	0	0	0	0	0	0	0	0	0	0	57	0	0	0	0	0	0	0	0	0	0	0	0	0	0	0	0	0	0	0	0	0	0	0	0	0	0	0	0	0	0	0	0	0	0	8	0	0	0	0	0	0	0	0	0	0	0	0	0	0	0	42	42	0	0	0	0	0	0	0	0	71	0	0	0	0	0	0	0	0	182	0	0	0	0	0	0	0	0	0	0	96	0	0	0	0	0	0	0	0	0	0	0	0	0	0	0	0	0	0	0	105	0	0	0	0	86	0	0	81	0	10	0	0	0	0	0	0	0	0	0	0	0	0	0	0	0	0	0	0	0	0	0	0	0	0	0	0	0	0	0	0	0	0	0	0	0	17	0	0	0	0	0	0	0	0	0	0
25	0	0	0	0	0	0	0	0	0	0	0	0	0	0	0	0	0	0	0	0	0	0	0	0	0	0	0	0	0	0	0	0	0	0	0	0	0	0	0	0	0	0	0	0	0	0	0	0	0	0	0	0	0	0	0	0	0	0	0	0	0	0	0	0	0	0	0	0	0	0	0	0	0	0	0	0	0	0	0	0	0	0	0	0	0	0	0	0	0	0	0	0	0	0	0	0	0	0	0	0	0	0	0	0	0	0	0	0	0	0	0	0	9	0	0	0	0	0	0	0	0	0	0	0	0	0	0	0	0	0	0	0	0	0	0	0	0	0	0	0	0	0	0	12	0	0	0	0	0	0	0	0	0	0	0	0	0	0	0	5	0	0	0	0	0	0	0	0	0	0	0	0	0	0	0	0	0	0	0	0	0	0	0	0	0	0	0	0	0	0	0	0	0	0	0	0	0	0	0	0	0	0	0	0	0	0	0	0	0	0	0	0	0	0	0	0	0	0	0	0	0	0	0	0	2	0	0	0	0	0	0	0	0	0	0	0	0	0	0	0	0	0	0	0	0	0	0	0	0	0	0	0	0	0	0	0	0	0	0	0	0	0	0	0	0	69	0	0	0	0	0	0	0	0	0	0	0	0	23	0	0	0	0	0	0	0	0	0	0	0	2	0	0	0	0	0	0	0	2	0	0	0	0	0	8	0	0	0	0	0	0	0	0	0	53	0	0	0	0	56	0	0	0	0	0	7	0	0	0	3	0	0	0	0	0	0	0	0	0	0	0	0	0	0	0	0	0	0	0	0	0	0	2	0	0	0	0	70	0	0	1	0	0	0	0	0	0	0	0	0	0	0	0	0	0	0	0	0	34	0	0	0	0	0	0	0	0	0	10	0	0	7	0	0	14	0	0	0	0	0	0	0	0	0	0	0	0	0	91	0	0	0	61	0	0	0	0	0	0	0	0	0	28	0	0	0	0	0	0	0	0	0	0	0	0	0	0	0	0	0	0	0	223	0	0	0	0	0	0	0	0	0	0	0	0	0	0	0	0	0	0	0	0	0	0	0	0	0	0	0	0	0	0	0	0	0	0	101	0	0	0	0	0	0	0	0	0	0	0	0	0	0	0	58	82	0	0	0	0	0	0	0	0	110	0	0	0	0	0	0	0	0	74	0	0	0	0	0	0	0	0	0	0	61	0	0	0	0	0	0	0	0	0	0	0	0	0	0	0	0	0	0	0	134	0	0	0	0	29	0	0	29	0	105	0	0	0	0	0	0	0	0	0	0	0	0	0	0	0	0	0	0	0	0	0	0	0	0	0	0	0	0	0	0	0	0	0	0	0	0	0	0	0	0	0	0	0	0	0	0
26	0	0	0	82	0	0	0	0	0	0	0	0	0	0	0	0	0	0	0	0	0	0	0	0	0	0	0	0	0	0	0	0	0	0	0	0	0	135	0	0	0	0	0	0	0	0	0	0	0	44	0	0	0	0	0	0	0	0	0	0	0	0	0	0	0	0	0	0	0	0	0	0	0	1	0	0	0	0	0	0	8	0	0	0	0	0	0	15	0	0	0	0	0	0	0	0	0	0	0	0	15	44	66	114	80	71	196	184	94	295	139	29	36	137	9	80	250	0	66	265	109	96	104	73	178	73	237	154	98	171	58	101	65	0	59	41	85	1	163	142	36	119	159	65	145	36	238	88	2	92	19	134	123	119	39	248	38	16	38	176	69	14	69	0	143	199	58	207	316	125	53	105	96	13	14	43	102	138	129	57	95	122	27	123	124	139	126	70	116	44	4	181	16	111	181	40	21	27	39	16	194	48	31	170	457	25	78	65	37	201	141	40	210	33	67	270	152	105	263	132	53	37	47	56	103	103	176	58	54	195	40	112	113	133	104	103	91	277	93	76	117	42	114	142	19	53	121	52	32	93	256	75	179	205	168	96	9	98	216	144	67	120	171	76	141	10	60	175	17	52	251	206	124	33	90	187	195	59	28	26	157	116	33	71	94	122	48	31	122	93	43	53	178	40	163	196	144	130	147	46	16	62	209	47	38	102	183	43	64	214	48	114	159	259	65	225	58	147	152	29	130	19	57	13	66	15	24	186	70	421	153	165	117	42	156	112	66	80	76	80	95	64	110	35	133	55	88	85	156	32	168	70	42	85	141	93	26	69	49	16	144	147	42	1	150	58	74	81	48	277	60	38	22	103	87	23	2	73	88	112	92	323	5	33	146	79	65	32	21	56	38	11	138	113	125	109	51	77	12	344	146	183	51	77	115	114	70	250	19	29	126	117	11	124	7	66	20	165	159	192	43	16	5	154	41	119	209	121	165	92	82	68	191	220	134	105	223	158	42	38	95	146	66	88	405	245	61	133	48	175	33	54	86	107	182	162	26	91	58	59	77	179	119	46	73	87	57	24	81	74	70	20	80	65	67	64	44	108	126	75	61	28	63	129	12	143	31	81	203	113	77	74	175	239	62	17	87	61	98	75	18	97	83	48	25	61	31	26	288	110	21	95	128	27	141	61	161	119	28	61	37	137	67	153	110	46	130	93	61	78	51	25	86	74	26	83	17	24	49	48	154	100	48	54	54	94	58	236	106	34	164	178	74	16	215	146	49	208	57	18	149	101	71	107	230	40	50	123	94	102	197	81	81	197	73	53	65	38	202	93	90	35	58	31	58	65	149	93	56	32	181	15	20	15	115	35	188	58	18	180
27	0	0	0	0	0	0	0	0	0	0	0	0	0	0	0	0	0	0	0	0	0	0	0	0	0	0	0	0	0	0	9	0	0	0	0	0	0	0	0	0	0	0	0	0	0	0	0	0	0	0	0	0	0	0	0	0	0	0	0	0	0	0	0	0	0	0	0	0	0	0	0	0	0	0	0	0	0	0	0	0	0	0	0	0	0	0	0	0	0	0	0	0	0	0	0	0	0	0	63	7	79	15	53	16	5	44	82	38	11	0	9	87	4	55	36	11	46	53	98	78	62	0	86	188	61	68	42	104	42	0	12	683	49	477	95	37	73	12	74	48	47	62	17	4	105	171	10	77	102	234	91	18	42	184	74	36	367	77	32	70	140	36	64	21	78	85	31	202	50	61	88	63	9	5	97	93	82	18	167	52	270	1	27	93	64	0	363	106	104	40	60	75	12	29	141	35	6	42	196	42	85	13	17	237	13	219	5	16	0	159	81	110	31	36	3	6	142	64	105	76	44	120	39	88	145	60	37	8	80	236	42	142	53	98	141	100	101	143	79	190	38	112	39	39	237	146	141	78	109	3	7	4	53	100	54	199	0	39	1	43	112	81	54	191	174	0	153	66	64	81	52	26	89	54	153	106	89	44	20	8	102	43	29	242	53	67	93	106	113	66	33	119	57	12	63	9	130	149	8	35	322	134	163	10	0	119	56	108	131	277	120	96	216	89	18	236	28	185	93	83	32	139	213	69	121	36	154	196	13	31	226	180	106	252	28	70	48	68	80	19	236	54	44	33	60	19	26	69	106	73	360	17	173	57	75	42	147	95	12	24	79	175	179	114	93	28	238	90	87	51	44	99	0	24	121	194	129	127	28	73	145	53	124	49	48	39	73	115	24	85	94	99	55	59	12	5	102	86	58	160	195	146	89	134	70	45	36	177	122	175	63	89	26	102	149	147	35	158	74	75	41	15	63	102	77	121	27	50	204	118	192	51	7	122	103	61	15	44	174	89	78	4	27	20	33	104	120	152	12	174	106	181	23	88	20	50	112	57	198	73	140	121	82	97	202	119	249	119	71	149	147	56	248	23	114	76	76	73	82	104	26	26	117	18	115	77	91	130	18	65	185	211	339	156	34	34	127	91	12	73	90	80	27	54	60	147	219	132	68	169	111	213	68	168	47	47	32	99	140	145	98	26	171	80	49	184	8	63	31	182	346	113	214	160	140	41	53	185	163	14	30	101	27	129	35	311	19	58	54	15	178	185	34	98	51	17	171	17	57	216	46	25	91	142	51	31	74	364	107	126	31	5	55	66	26	196	189	95	64	47	124	90	50	51	124	129	282	114	171	152	51	107	17	79	102	62	90	22	236	75
28	0	0	0	0	0	0	0	0	0	0	0	0	0	0	0	0	0	0	0	0	0	0	0	0	0	0	0	0	0	0	0	0	0	0	0	0	0	0	0	0	0	0	0	0	0	0	0	0	0	0	0	0	0	0	0	0	0	0	0	0	0	0	0	0	0	0	0	0	0	0	0	0	0	0	0	0	0	0	0	0	0	0	0	0	0	0	0	0	0	0	0	0	0	0	0	0	0	0	0	0	0	0	0	0	0	0	0	0	0	0	0	0	0	0	0	0	0	2	0	0	0	0	0	0	0	0	76	0	0	0	0	0	0	0	0	0	0	0	0	0	0	0	0	0	0	0	0	0	0	0	1	0	2	0	0	0	0	0	0	0	0	0	0	0	0	0	0	0	0	0	0	0	0	0	0	0	0	0	0	0	0	0	0	0	0	0	0	0	0	0	0	0	0	0	0	0	0	0	0	0	0	0	0	0	0	0	0	0	0	0	0	0	0	0	0	0	0	0	0	0	5	0	0	0	0	0	0	0	0	0	0	0	25	0	0	0	0	0	0	0	0	0	0	2	0	0	0	0	0	0	0	0	0	0	0	0	0	0	0	0	0	0	0	0	0	0	0	1	10	0	0	0	9	0	6	0	0	0	0	0	36	0	0	0	0	0	0	0	0	0	0	0	0	0	0	0	0	0	0	0	0	0	0	0	0	64	0	49	47	7	0	0	0	37	5	74	5	48	0	0	14	0	0	0	18	5	0	3	0	0	2	0	0	47	5	0	16	0	1	0	0	0	0	1	3	0	0	0	0	12	22	0	25	158	0	0	0	0	18	5	0	0	72	0	0	0	0	0	0	0	0	58	0	0	0	0	0	30	16	132	0	30	0	200	0	0	11	250	24	0	0	0	19	0	2	0	55	18	0	0	157	65	14	19	38	178	334	0	17	79	24	104	0	42	55	17	56	15	31	122	23	30	5	81	179	34	113	136	222	3	160	124	42	121	139	0	190	191	81	138	36	83	8	148	23	59	188	64	158	0	115	0	25	17	22	84	146	58	64	0	33	46	107	82	3	28	114	0	0	0	0	35	47	75	128	71	98	0	12	0	107	1	26	59	118	7	80	50	19	86	16	39	48	0	20	38	74	41	198	47	58	62	126	10	84	76	66	98	78	107	82	42	28	134	143	166	110	71	9	91	59	74	38	48	99	25	78	259	199	32	56	5	184	89	82	142	362	78	188	38	32	167	13	17	77	55	130	89	95	179	99	130	53	63	292	153	122	188	318	4	105	49	98	40	72	200	100	35	64	138	33	32	70	62	15	13	134	106	94	187	38	28	53	44	143	36	297	13	124	65	271	91	61	78	31	122	65	44	101	123
29	0	0	0	0	0	0	0	0	0	0	0	0	0	0	0	0	0	0	0	0	0	0	0	0	0	0	0	0	0	0	0	0	0	0	0	0	0	0	0	0	0	0	0	0	0	0	0	0	0	0	0	0	0	0	0	0	0	0	0	0	0	0	0	0	0	0	0	0	0	0	0	0	0	0	0	0	0	0	0	0	0	0	0	0	0	0	0	0	0	0	0	0	0	0	0	0	0	0	0	0	0	0	0	0	0	0	0	0	0	0	0	0	0	0	0	0	0	0	0	0	0	0	0	0	0	0	0	0	0	0	0	0	0	0	0	0	0	0	0	6	0	0	0	0	0	0	0	0	0	0	0	0	0	0	0	0	0	5	0	0	0	0	0	0	0	0	0	0	0	0	0	0	0	0	0	0	0	0	0	0	0	0	0	0	0	0	0	0	0	0	0	0	0	0	0	0	0	0	0	0	0	0	0	54	63	0	0	0	0	0	0	0	0	0	0	0	0	8	0	0	12	25	0	0	4	0	14	0	0	0	0	0	0	0	0	0	0	0	0	0	0	0	0	7	0	0	3	0	0	0	0	0	13	2	0	2	0	0	0	0	0	0	0	0	0	0	0	0	0	0	0	0	0	0	0	0	0	16	0	0	0	0	0	0	0	0	2	0	0	0	3	0	0	7	0	0	0	0	0	0	0	0	0	0	0	109	0	25	75	45	77	3	34	0	0	59	0	0	0	0	120	0	0	1	33	0	0	7	0	0	45	0	0	122	81	0	0	10	0	0	0	0	0	0	91	0	2	0	0	3	0	0	0	0	0	0	0	0	27	51	0	15	68	0	16	185	8	40	0	44	0	0	0	10	18	58	0	193	0	120	0	0	0	0	4	0	0	0	75	0	0	59	0	0	0	0	55	0	0	0	136	136	139	55	115	65	100	114	80	45	49	38	0	153	106	126	91	117	42	265	17	15	47	36	104	138	29	19	24	0	61	55	78	118	89	238	153	136	31	74	240	71	6	88	3	93	19	129	102	0	86	0	26	47	7	61	253	230	97	16	1	54	26	134	22	26	156	21	0	0	0	54	30	0	49	140	38	0	0	95	27	0	0	51	105	43	145	28	232	30	8	90	65	0	182	37	95	37	63	273	86	194	35	23	29	145	65	91	34	193	139	95	143	150	154	79	109	48	38	115	28	326	101	13	129	98	18	12	254	36	117	61	56	74	82	40	111	50	91	150	136	37	42	214	141	39	10	143	63	46	61	164	77	38	35	30	56	213	31	41	149	88	6	137	12	67	227	106	19	12	128	58	96	84	152	52	178	119	118	62	192	74	64	228	130	16	164	27	164	143	288	239	33	54	137	179	228	15	67	62
30	0	0	0	0	0	0	0	0	0	0	0	0	0	0	0	0	0	0	0	0	0	0	0	0	0	0	0	0	0	0	0	0	0	0	0	35	0	0	0	0	0	0	0	0	0	0	0	0	0	0	0	0	0	0	0	0	0	0	0	0	0	0	0	0	0	0	0	0	0	0	0	0	0	0	0	0	0	0	0	0	0	0	0	0	0	0	0	0	0	0	0	0	0	0	0	0	0	0	0	0	0	0	27	0	0	0	0	0	2	0	0	0	0	0	4	0	0	0	0	0	0	0	0	0	72	1	0	0	0	0	0	0	9	0	40	0	0	0	0	0	0	21	0	0	75	0	0	0	0	0	0	0	0	0	0	0	0	0	0	0	0	0	0	0	0	0	0	0	0	0	0	5	0	0	0	0	0	0	0	1	0	0	0	0	0	0	32	0	0	0	0	0	0	0	0	0	0	0	0	0	0	0	0	9	3	30	0	14	0	0	0	1	0	0	0	0	0	0	0	1	0	0	0	10	0	0	0	0	0	0	0	0	0	0	0	23	17	0	0	3	0	0	0	0	0	61	6	0	0	0	2	0	0	49	2	0	0	0	0	0	0	0	0	0	11	0	0	0	0	0	0	4	0	38	44	0	1	0	0	3	0	0	14	0	0	0	23	0	0	21	0	0	0	0	0	0	0	0	4	0	0	41	0	0	0	205	42	130	61	120	32	11	26	4	172	20	15	0	35	0	38	20	109	1	67	14	0	45	162	0	15	6	0	73	14	31	0	52	0	0	3	0	96	21	10	0	240	15	50	164	33	0	13	5	5	0	0	8	107	45	5	1	83	0	10	0	11	177	0	54	20	1	0	28	0	6	0	86	0	21	0	115	12	15	12	11	28	13	455	0	11	42	54	0	0	0	10	48	108	150	152	34	101	95	90	234	196	289	88	196	100	122	116	170	148	28	485	48	102	81	44	23	77	97	97	51	38	245	6	34	94	28	26	102	29	159	115	157	43	150	63	91	181	180	43	223	46	72	70	59	208	1	75	175	84	30	44	89	53	180	39	4	125	256	221	115	201	154	25	32	94	58	61	39	52	61	398	64	38	44	103	71	5	47	154	100	178	57	12	129	114	33	33	1	70	92	127	117	13	74	90	48	64	45	188	181	158	268	37	40	208	229	263	9	19	51	10	140	47	110	29	374	144	52	442	280	60	120	69	40	100	42	133	52	60	142	305	148	150	88	3	214	115	52	156	120	206	313	322	108	151	52	65	490	49	19	82	98	70	23	121	25	16	163	89	141	84	79	152	93	149	220	22	149	140	165	27	145	51	16	245	246	82	77	98	44	90	212	120	142	274	303	170	297	231	139	95	37	21	92
31	0	0	0	0	0	0	0	0	0	0	0	0	0	0	0	0	0	0	0	0	16	0	0	0	0	0	0	0	0	0	0	0	0	0	0	0	0	0	0	0	32	0	0	0	0	0	0	0	0	0	0	0	0	0	0	0	0	0	0	0	0	0	0	0	0	0	0	0	0	0	0	0	0	0	1	0	0	0	0	0	0	7	0	0	0	0	0	6	0	0	0	0	0	0	0	0	0	0	0	0	0	0	0	0	12	0	0	0	0	0	0	0	0	0	0	0	0	0	0	0	0	0	0	0	9	0	0	0	0	8	0	0	0	6	0	0	0	0	0	0	0	0	0	0	0	0	0	0	0	0	0	64	0	0	0	0	0	0	0	0	0	0	0	0	0	0	0	0	0	0	32	0	0	0	0	0	0	0	9	0	0	0	0	0	0	0	0	0	0	0	0	0	0	0	0	0	0	0	0	0	0	0	0	0	0	1	0	0	0	0	0	0	0	0	0	0	0	0	0	0	0	0	2	0	0	0	0	0	0	0	0	0	0	4	1	0	17	0	0	0	0	0	0	0	0	0	4	0	0	0	0	0	0	0	0	1	0	0	0	0	0	44	0	0	0	0	0	0	7	0	0	0	0	0	1	0	1	0	0	0	0	0	0	0	0	27	1	0	0	0	21	0	0	0	0	0	0	0	0	0	25	12	0	0	0	80	0	74	92	72	24	0	0	5	26	9	120	0	0	0	0	0	92	0	49	55	174	90	0	0	5	0	0	146	23	88	0	33	0	19	0	0	0	28	11	0	3	0	0	25	0	0	0	0	26	0	0	0	87	13	132	0	0	0	82	0	0	16	0	0	0	90	0	0	0	78	3	87	0	16	0	0	0	52	18	0	87	0	52	0	0	26	61	0	0	0	246	133	0	17	106	119	83	11	39	103	11	74	90	21	49	84	76	94	50	170	137	54	107	211	175	87	167	118	151	52	160	27	38	132	178	43	59	173	75	112	44	80	102	154	200	45	15	11	19	39	140	136	178	91	7	0	143	26	34	41	61	99	90	219	92	25	195	93	21	56	85	20	21	3	88	71	26	147	171	123	43	0	77	38	121	0	13	189	181	28	8	104	435	30	128	272	92	0	0	181	30	116	43	112	232	51	209	360	164	216	71	122	148	29	93	70	69	33	15	88	118	57	73	34	127	99	114	54	39	172	57	82	57	35	22	48	121	27	56	16	150	103	11	10	129	74	51	65	49	98	84	403	18	36	148	109	62	112	258	203	142	55	122	10	129	6	15	112	47	36	16	62	76	59	26	67	120	47	89	74	2	20	113	191	20	153	169	236	47	77	183	131	452	88	154	156	151	148	74	10	76	140	129	57
32	0	0	0	0	0	0	0	0	0	0	0	0	0	0	0	0	0	0	0	0	0	45	5	0	0	0	0	0	0	0	0	0	0	0	0	23	0	0	0	0	0	0	0	0	0	0	0	86	0	0	5	0	0	0	0	0	0	0	0	0	0	0	0	0	0	0	0	0	0	0	0	0	0	0	0	0	0	0	0	0	0	0	0	0	0	0	0	0	0	0	0	0	0	0	0	0	0	0	0	0	0	2	0	0	0	99	0	0	45	6	0	0	0	0	0	0	0	0	0	0	8	0	0	0	1	0	0	0	0	89	0	0	0	0	0	0	4	0	1	20	0	0	0	0	0	0	0	0	0	0	2	0	0	34	0	0	0	0	0	2	0	0	0	0	0	0	0	0	0	0	25	11	0	37	0	0	0	0	0	0	17	9	0	0	0	0	4	0	0	0	0	0	3	0	0	0	0	0	0	19	0	0	0	0	0	95	0	0	7	0	0	2	0	0	0	0	0	29	0	0	0	0	0	0	55	0	6	17	0	13	0	4	0	0	0	0	63	0	1	0	0	0	0	0	0	0	0	6	0	0	0	5	11	2	0	0	0	7	2	0	0	0	61	17	0	0	0	0	0	0	0	0	6	0	54	0	1	0	0	0	0	0	0	0	0	11	0	0	13	0	0	0	0	14	17	0	0	0	19	0	33	211	11	32	0	121	0	14	56	111	254	33	81	17	60	181	50	0	49	18	76	16	88	78	38	207	71	12	16	0	0	65	12	22	160	107	64	59	0	84	4	0	112	194	0	270	59	20	91	224	22	0	2	20	27	0	0	5	64	31	6	17	165	0	123	9	58	28	5	0	36	110	0	6	0	66	0	84	0	140	0	56	55	19	93	103	34	25	73	4	0	115	105	0	0	10	140	84	48	189	89	49	206	153	65	67	26	144	87	60	23	283	118	3	223	29	10	84	43	112	133	36	214	68	103	77	114	98	103	178	112	23	39	14	10	65	67	186	92	152	50	66	122	16	90	63	13	73	12	96	108	0	92	63	98	135	13	94	122	69	39	42	137	292	40	97	78	47	71	22	28	96	44	60	190	226	252	142	136	230	249	254	72	36	45	59	50	30	34	62	121	52	68	89	56	65	23	40	37	120	89	146	89	253	35	88	163	99	92	50	206	227	30	104	74	41	118	133	26	66	97	43	149	130	147	142	102	22	66	133	124	63	215	268	61	132	85	100	101	40	139	63	2	43	90	59	53	37	79	88	96	159	273	63	63	172	17	134	134	63	255	274	123	19	18	263	65	190	179	8	173	85	94	96	79	10	38	32	11	193	102	60	72	107	111	64	91	159	100	35	97	109	165	28	42	59	72	81	63	200
33	0	0	0	0	0	0	34	0	0	0	0	0	0	0	0	0	0	0	0	0	40	0	0	0	0	0	0	0	0	0	0	0	0	0	0	0	0	0	0	0	0	0	0	0	0	0	0	0	0	0	0	0	0	0	0	0	0	0	0	0	0	0	0	0	0	0	0	0	0	0	0	0	0	0	0	0	0	0	0	0	0	0	0	0	0	0	0	34	0	0	0	0	0	0	0	0	0	0	0	0	0	0	0	0	0	0	0	0	0	0	0	0	0	0	0	0	0	0	0	0	0	0	0	0	0	0	0	0	5	0	0	0	0	0	0	9	2	0	0	0	0	0	0	0	0	0	0	0	0	0	0	10	0	0	2	0	0	11	38	0	0	0	0	0	0	0	0	0	0	0	0	2	0	0	0	0	0	0	0	0	0	0	1	0	0	0	0	0	0	0	0	0	0	0	0	0	0	0	0	0	0	0	0	0	7	0	0	0	0	0	0	0	0	0	0	0	0	36	0	24	0	0	0	0	0	36	0	0	0	0	0	0	104	0	0	58	0	0	1	0	0	0	0	0	35	0	0	0	0	0	0	0	0	11	0	0	0	0	0	0	0	0	0	0	0	0	0	0	0	0	0	0	0	0	0	0	0	0	0	0	0	0	0	0	0	0	0	0	0	0	0	0	0	0	0	0	0	0	0	0	0	0	0	0	0	50	1	17	93	0	50	0	7	0	0	0	25	0	1	0	0	0	0	0	30	0	0	77	0	0	0	0	0	234	2	0	0	4	0	0	0	0	0	0	0	0	0	5	12	0	68	0	0	0	0	0	0	1	0	56	0	0	0	0	44	0	19	23	0	0	0	0	0	0	0	13	0	66	0	16	0	3	0	0	0	0	0	2	28	0	0	16	0	0	9	0	0	48	0	0	116	88	46	14	364	80	59	1	0	78	172	86	0	10	117	262	7	121	214	118	128	160	70	30	160	109	164	22	20	63	258	76	165	87	349	110	81	234	0	109	100	15	0	200	94	163	133	214	28	0	51	0	0	17	142	155	163	202	213	6	189	56	173	3	0	199	89	2	0	0	0	22	22	0	55	51	55	0	0	45	12	0	0	12	106	70	30	27	105	38	50	136	107	0	51	96	136	27	199	127	49	39	139	0	109	123	79	43	34	13	176	22	70	25	79	139	60	14	80	53	41	146	137	258	178	95	152	111	55	56	75	123	122	97	32	117	26	21	70	182	216	226	286	72	50	130	89	62	61	92	146	67	33	163	46	421	58	155	162	25	212	65	64	143	80	46	186	78	40	151	303	124	126	20	112	116	134	88	88	35	104	47	45	192	131	19	74	62	79	53	153	48	185	118	36	80	84	245	139	69
34	0	0	0	0	0	0	0	0	0	0	0	0	0	0	33	0	0	0	0	46	0	0	0	0	0	0	0	0	0	0	0	0	0	0	0	0	0	0	0	0	0	0	0	0	0	0	0	0	9	0	0	0	0	0	0	0	0	0	0	0	0	0	0	0	0	0	0	0	0	0	0	0	0	0	0	0	0	0	0	0	0	0	0	0	0	0	0	0	0	0	0	0	0	0	0	0	0	0	0	0	0	0	0	0	0	0	0	0	0	0	0	0	28	0	0	2	0	0	0	0	0	0	0	0	0	0	0	0	0	16	0	0	0	0	0	40	0	0	0	0	0	0	0	0	0	5	0	0	0	0	0	0	0	3	0	5	0	0	0	0	0	3	0	0	0	0	0	0	0	41	0	0	0	0	0	0	0	0	19	0	0	0	0	0	0	0	0	0	0	8	0	0	0	0	0	0	0	0	0	0	9	0	0	18	18	1	0	0	0	75	0	52	0	0	0	0	0	100	0	32	39	0	36	0	0	0	0	0	0	1	0	0	3	0	0	0	0	92	12	0	56	0	2	0	1	0	28	52	0	52	0	0	0	0	0	0	2	50	0	0	3	0	0	12	5	11	0	0	0	0	0	0	178	0	122	0	67	25	0	0	0	1	0	0	0	0	100	0	0	0	39	0	0	9	0	0	0	0	7	29	0	102	5	53	0	292	138	239	10	293	84	130	27	81	65	166	44	75	240	0	95	42	109	28	119	131	47	95	15	34	123	53	0	44	4	44	122	377	80	128	74	0	84	48	35	0	47	160	106	197	74	4	215	85	38	0	31	65	23	125	50	8	89	154	198	12	165	85	15	72	45	142	12	94	34	55	0	190	2	40	0	46	172	114	193	0	59	73	65	9	0	85	117	90	82	22	220	35	157	196	17	51	76	33	30	56	59	83	68	218	80	63	286	134	83	34	29	33	54	46	199	164	113	97	85	184	17	220	368	67	262	236	91	77	38	31	73	49	110	105	150	36	101	67	284	262	32	42	257	142	47	112	82	231	2	128	109	54	150	20	18	148	13	26	38	38	40	155	25	20	48	48	152	131	144	117	26	131	24	219	95	283	315	41	169	131	77	64	159	229	65	37	189	139	108	45	26	50	86	17	89	157	74	35	22	83	136	127	161	134	145	113	141	146	118	193	68	170	262	29	74	173	99	14	241	99	34	49	123	45	17	12	69	79	72	66	96	33	53	92	52	118	38	25	324	88	96	156	124	78	122	90	139	71	295	67	22	90	23	41	33	114	24	138	101	94	67	41	55	114	114	75	122	208	75	85	317	235	66	57	252	181	35	119	64	83	200	116	172	73	268	61	215	44	77	85	182	133	116	146
35	0	0	0	0	0	0	0	0	0	0	0	0	0	0	0	0	0	0	0	0	0	0	0	0	0	0	0	0	0	0	0	0	0	0	0	0	0	0	0	0	0	0	0	0	0	0	0	0	0	0	0	35	0	0	0	0	0	0	0	0	0	0	0	0	20	0	0	0	0	0	0	0	0	0	0	0	0	0	0	0	0	0	0	0	0	0	0	0	0	0	0	0	0	0	0	0	0	0	0	0	0	0	0	0	0	0	16	0	0	0	0	0	0	0	0	0	0	0	0	0	0	30	0	0	0	0	0	0	0	23	0	0	0	0	0	0	0	6	0	0	0	0	0	3	0	0	0	0	0	0	0	0	2	0	0	0	0	0	0	0	0	0	4	0	0	0	0	0	0	0	0	0	0	0	0	0	0	0	0	0	0	0	0	0	0	0	0	0	0	0	0	0	0	0	0	0	0	0	0	0	0	0	0	0	0	0	0	1	0	0	0	10	0	0	0	0	0	0	0	0	0	0	0	0	0	0	0	25	0	0	1	0	0	0	0	0	0	0	0	11	0	0	0	0	0	0	0	0	0	0	0	0	0	0	0	0	0	0	1	0	0	0	0	0	2	19	0	0	0	0	0	0	0	0	0	0	0	0	0	0	0	0	0	0	0	0	0	0	0	0	0	0	0	0	0	0	0	0	0	4	8	58	33	0	0	11	0	0	177	27	0	0	0	83	13	41	0	0	0	0	0	4	0	0	0	20	0	52	0	116	0	0	0	166	75	0	0	0	0	132	0	0	0	0	3	0	0	0	0	167	11	1	0	0	0	0	0	0	159	34	28	0	0	0	31	0	0	0	0	0	0	17	10	0	0	0	0	8	0	44	13	1	0	0	1	0	0	12	49	0	0	0	0	0	0	0	0	45	8	0	60	157	88	38	32	21	42	155	156	190	46	94	11	186	23	57	125	20	99	3	24	50	24	96	24	41	62	62	74	43	189	24	74	257	1	117	227	92	0	95	20	73	105	163	77	126	73	0	28	0	46	6	20	37	113	40	75	71	35	7	7	35	106	61	27	149	176	40	0	0	0	338	39	40	14	142	82	0	0	31	53	50	83	58	39	83	18	73	138	83	21	225	30	0	76	16	107	17	85	75	183	71	61	110	22	4	42	32	224	216	16	113	36	55	98	130	95	46	77	128	238	184	70	236	69	105	188	26	148	157	70	55	81	8	21	99	165	148	31	133	89	99	171	227	135	211	289	63	28	73	47	79	35	36	185	21	113	122	203	43	52	8	12	116	17	94	123	239	93	92	95	18	111	57	49	80	149	101	340	84	84	11	38	88	101	61	100	78	22	124	154	194	104	56	137	122	37	20	173	164
36	0	0	0	0	0	0	0	2	0	0	0	0	0	0	0	0	0	13	10	0	0	0	0	0	0	0	0	0	0	0	0	0	0	0	0	0	0	0	0	0	0	0	0	0	0	0	0	0	0	0	0	0	8	0	0	0	0	0	0	0	0	0	0	0	0	0	0	0	0	0	0	0	0	0	0	0	0	0	0	0	0	0	0	0	0	0	0	0	51	0	0	0	0	0	0	0	0	0	0	0	0	0	0	2	0	0	0	0	0	17	16	0	0	0	0	0	0	0	0	0	0	0	0	0	0	0	0	0	0	0	0	5	0	0	0	0	0	0	0	0	0	0	0	0	0	0	0	33	0	0	0	0	0	0	0	0	0	0	0	0	0	0	0	0	0	0	0	0	0	0	0	0	0	0	0	0	0	0	0	0	0	0	0	0	0	0	0	0	0	0	0	0	0	0	0	0	0	0	0	0	0	0	0	0	0	0	0	0	0	0	0	0	0	0	0	0	0	19	0	2	0	0	0	0	0	0	0	0	0	0	0	0	0	0	0	0	0	0	0	0	0	0	0	54	0	0	0	0	0	44	0	11	1	0	0	0	0	0	0	0	0	0	0	0	0	0	0	0	0	0	0	0	0	0	0	0	29	0	0	0	0	9	0	0	0	0	0	0	4	0	0	0	0	132	0	0	0	0	0	0	0	58	67	0	0	66	24	19	112	56	163	6	21	5	112	177	39	0	77	0	18	0	48	0	93	21	0	130	0	0	6	31	0	212	17	201	0	42	0	145	0	0	160	163	161	0	80	51	2	59	2	0	0	0	102	0	12	3	194	90	5	0	161	0	4	0	11	65	0	8	0	8	0	12	0	85	0	120	0	175	0	64	15	34	2	57	3	9	157	33	0	213	84	0	35	0	80	129	10	0	163	170	212	123	56	71	307	138	293	5	43	46	156	56	356	40	35	122	137	106	96	108	86	100	122	30	97	57	63	30	125	11	53	186	37	200	27	43	98	158	157	151	94	47	189	37	28	65	140	66	206	0	48	38	72	114	47	151	32	58	45	63	109	176	5	56	116	107	0	4	57	47	116	53	180	48	289	28	0	73	115	258	129	155	19	104	65	40	50	80	65	133	83	87	38	21	145	30	146	80	113	70	128	45	106	38	56	55	22	19	63	125	78	93	125	16	96	39	11	231	122	50	45	44	71	19	56	211	235	23	99	159	171	305	54	213	222	74	107	107	38	219	37	53	57	38	114	24	105	139	10	59	154	113	266	46	206	40	17	21	8	164	94	23	108	60	70	159	49	233	260	67	42	35	234	118	32	71	162	232	17	39	134	258	39	90	36	46	158	70	95	191	211	50	173	169	64	54	27	52
37	0	0	0	0	0	0	0	0	0	0	0	0	0	0	0	0	0	0	0	0	0	0	0	0	0	0	0	0	0	0	0	0	0	0	0	0	0	0	0	0	0	0	0	0	0	0	0	0	0	0	0	0	0	0	0	0	0	0	0	0	0	0	0	0	0	0	0	0	0	0	0	0	0	0	0	0	0	0	0	0	0	0	17	0	0	0	0	0	0	0	0	0	0	0	0	0	0	0	0	0	0	0	0	0	0	0	0	0	0	0	0	0	0	0	55	0	0	0	0	0	0	18	0	0	0	8	0	0	4	0	0	0	0	0	0	0	0	0	0	0	0	0	0	31	0	0	0	0	0	0	0	0	0	0	0	31	0	0	0	0	0	0	0	0	0	0	0	0	0	2	0	0	0	0	0	0	0	0	13	0	0	0	0	0	0	0	1	0	0	0	0	0	0	0	0	0	0	0	0	0	0	0	0	0	0	0	0	0	0	0	0	2	0	3	0	0	0	0	0	0	1	0	0	25	0	17	0	0	0	0	0	1	0	0	0	0	109	5	0	0	0	6	31	0	0	12	18	0	0	2	68	0	0	5	0	0	0	0	0	0	0	3	0	2	0	47	0	22	0	0	0	0	13	0	19	4	34	51	0	0	0	0	0	0	0	0	0	13	0	0	0	12	16	0	0	0	4	0	0	0	0	40	0	0	0	121	116	72	9	2	85	4	6	6	4	10	110	90	0	0	0	0	26	138	133	127	34	49	90	15	0	6	0	164	13	17	23	28	175	79	2	0	18	11	19	19	11	148	24	71	70	0	25	33	1	1	10	54	15	165	0	0	46	0	24	0	2	48	3	0	68	0	0	64	11	28	0	44	0	68	11	27	117	18	7	0	45	4	63	188	0	122	31	28	6	0	125	71	0	49	137	391	81	143	66	330	140	0	32	100	28	119	13	43	190	174	88	78	18	146	32	158	103	72	34	54	221	89	82	12	17	31	131	323	80	190	74	58	0	73	40	59	14	54	35	21	18	208	0	47	122	0	3	13	175	18	13	46	33	75	181	58	25	74	0	40	117	4	0	34	4	36	18	35	184	241	164	17	290	66	173	147	136	10	114	49	32	33	141	140	0	20	68	0	105	38	14	106	29	181	40	79	160	1	159	36	68	194	45	37	59	59	62	100	188	13	59	206	74	39	164	46	63	105	110	85	7	429	146	139	114	87	54	31	329	114	343	35	61	75	41	100	57	62	68	107	108	81	39	130	8	71	93	27	133	214	3	77	74	46	158	51	218	124	165	121	85	103	28	105	234	179	29	82	36	89	267	210	117	20	20	53	131	32	159	158	25	130	211	106	136	179	90	244	68	26	57	145	24	82
38	0	0	0	0	0	0	0	0	0	0	0	0	0	0	0	0	0	0	0	0	0	0	0	0	0	0	0	0	0	0	0	0	0	0	0	0	0	0	0	0	0	0	0	0	0	0	0	0	0	0	0	0	0	0	0	0	0	0	0	0	0	0	0	0	0	0	0	0	0	0	0	0	0	0	0	0	0	0	0	0	0	0	0	0	0	0	0	124	0	0	0	0	0	0	0	0	0	0	0	0	0	0	0	0	16	0	0	0	15	0	0	0	0	0	0	0	0	0	0	0	0	0	0	0	0	0	0	0	0	0	0	0	0	2	0	0	71	0	33	0	0	0	0	0	0	0	0	0	0	0	63	0	5	0	0	84	0	0	0	7	0	14	0	0	0	1	0	0	0	59	0	0	0	0	0	0	0	0	38	0	0	0	0	0	0	0	31	0	0	0	0	0	0	0	0	0	23	0	0	0	0	0	0	66	41	0	0	369	0	95	0	83	0	19	0	0	0	65	0	1	37	0	42	39	17	16	0	0	16	53	0	4	0	7	0	0	96	94	0	0	25	34	0	52	0	0	211	32	0	20	0	0	0	4	0	4	1	47	9	0	0	0	7	0	25	0	0	13	19	0	0	0	182	28	10	39	3	15	0	3	0	0	0	0	0	62	21	0	1	0	0	0	0	18	0	0	0	0	42	19	42	59	38	16	1	134	81	83	100	155	105	5	101	29	28	154	251	47	178	3	109	15	107	1	126	9	79	38	29	115	50	36	42	98	160	69	3	26	28	87	12	0	123	24	22	0	90	257	203	160	322	0	194	51	56	45	9	257	116	77	87	168	33	71	177	4	269	75	20	38	107	62	1	97	46	27	144	103	19	98	0	8	245	88	85	126	128	35	372	123	0	37	69	58	169	10	100	384	91	233	100	166	166	49	115	169	139	190	58	143	23	84	76	24	105	77	68	96	28	182	68	59	67	17	101	138	173	109	32	66	64	99	181	63	19	179	72	29	38	45	165	23	24	58	332	70	173	49	11	76	129	38	164	54	28	27	26	69	195	164	54	54	166	156	189	106	98	270	33	16	47	20	208	50	43	25	131	156	208	153	64	72	61	160	86	285	85	56	84	87	86	105	189	116	45	76	31	32	251	141	123	67	97	207	96	106	116	165	87	52	277	123	145	62	151	14	160	53	109	13	124	35	165	11	250	32	59	13	117	78	58	207	24	107	120	122	166	162	154	84	126	120	145	80	89	132	92	98	45	32	146	136	119	149	236	149	193	235	94	56	73	72	30	18	79	54	37	72	174	160	75	124	148	122	97	87	39	133	168	51	119	147	36	70	23	48	61	46	127	170	54	297	45	1	73	56	66	80	253	128
39	0	0	0	0	0	0	0	0	0	0	0	0	0	0	0	0	0	0	0	0	0	11	0	0	0	0	0	0	0	0	0	0	0	0	0	0	0	0	0	0	0	0	0	0	0	0	0	0	0	0	0	0	11	0	0	0	0	0	0	0	0	0	0	0	0	0	0	0	0	0	0	0	0	0	0	0	0	0	0	0	0	0	0	0	0	0	0	0	17	0	0	0	0	14	0	0	39	0	0	0	0	0	0	0	0	2	3	0	0	0	0	0	0	3	0	0	0	0	0	0	0	1	0	0	54	0	0	0	93	157	1	0	0	0	0	0	0	0	0	0	0	0	0	0	0	0	0	0	0	0	0	0	0	0	0	0	0	0	20	0	0	4	0	0	11	0	0	0	0	0	0	28	0	0	0	3	0	0	0	0	0	0	3	11	0	0	21	0	0	0	0	0	0	0	0	6	0	0	6	0	0	0	0	24	138	2	0	0	4	0	0	61	0	0	0	0	0	136	0	46	0	0	0	0	46	0	9	3	5	0	0	6	0	42	0	0	256	0	6	0	0	0	19	0	0	0	45	47	13	0	4	4	5	0	2	0	0	45	18	0	4	0	0	7	43	0	23	0	0	0	0	20	46	0	93	2	12	1	0	0	0	1	0	0	0	13	0	0	0	0	0	0	0	61	58	0	6	0	7	39	35	156	66	12	0	69	286	158	143	88	98	80	262	129	29	72	61	115	38	0	220	153	110	0	120	23	40	23	192	231	95	31	0	156	68	320	169	136	39	53	21	0	155	151	60	65	62	54	99	274	22	67	35	255	64	0	15	152	54	88	86	2	121	19	118	6	95	18	16	105	34	121	2	81	53	142	14	65	0	286	3	69	27	10	123	59	40	46	137	14	0	96	30	0	8	7	138	100	160	30	184	119	48	270	39	93	69	64	275	47	20	81	28	27	24	122	82	13	68	226	95	121	105	45	129	157	30	64	45	11	58	103	18	13	156	37	43	188	44	34	23	118	10	164	33	181	152	112	54	103	84	0	147	145	152	68	24	183	195	29	13	63	52	167	132	117	53	47	326	138	37	94	46	82	174	25	248	5	58	10	37	64	41	157	21	134	24	20	71	128	26	100	42	48	37	84	41	161	76	23	160	54	136	339	32	71	55	86	39	103	177	172	24	150	39	52	68	104	94	176	107	66	244	221	109	87	70	132	40	159	96	8	208	64	84	142	83	183	143	129	227	26	139	105	190	136	18	86	140	95	38	15	72	12	49	46	12	128	263	21	64	14	300	62	85	157	65	125	102	195	25	176	46	179	121	67	70	142	73	55	80	36	148	106	7	110	115	63	63	163	111	90	44	195	51	138	16	105	17	196
40	0	0	0	0	0	0	0	0	0	0	0	0	0	0	0	0	0	0	0	0	0	0	0	0	0	0	0	0	62	0	0	0	0	0	0	0	0	0	0	0	0	0	0	0	0	0	0	0	0	0	0	0	0	0	0	0	0	0	0	0	0	0	0	0	0	0	0	0	0	0	0	0	0	0	0	0	0	0	0	0	0	0	0	0	0	0	0	0	0	0	0	0	0	0	0	0	0	0	0	0	8	0	0	0	0	0	0	0	0	0	0	0	0	0	0	0	0	0	0	0	0	0	0	0	0	0	0	0	0	0	0	11	2	0	0	0	0	0	0	0	0	0	24	0	0	0	0	0	0	0	0	0	0	0	0	0	0	0	0	0	0	0	0	0	0	0	0	0	0	0	0	0	0	0	0	0	0	0	0	3	0	0	0	0	0	0	1	0	0	0	0	0	0	0	0	0	0	0	0	0	0	0	0	0	0	0	0	0	0	0	0	0	0	0	0	0	0	23	0	0	0	52	0	0	0	0	0	0	0	0	0	0	0	0	0	0	0	0	0	0	0	0	0	0	0	0	0	0	0	0	0	0	3	0	44	0	0	0	0	0	0	0	0	9	0	0	0	0	0	0	0	0	0	0	3	6	0	0	0	8	0	0	0	0	0	0	0	0	0	0	0	0	0	0	0	0	0	0	0	0	0	7	5	0	0	221	0	26	15	76	9	1	0	0	0	54	121	0	0	0	19	0	0	0	3	0	0	301	12	0	0	0	0	103	107	0	0	131	0	6	0	0	0	20	0	0	17	0	1	16	7	11	2	7	12	0	0	40	124	97	19	0	0	0	33	0	46	116	0	8	10	0	1	0	0	52	0	102	6	37	0	0	0	0	16	0	0	0	182	0	0	53	10	0	3	0	108	275	0	0	119	396	59	14	41	235	79	49	18	6	135	36	0	60	18	23	30	147	141	189	148	251	21	273	113	143	108	44	85	205	11	37	203	19	61	55	49	165	12	37	134	87	167	221	42	95	104	66	134	4	147	0	40	17	73	110	203	95	55	28	75	119	147	2	57	80	16	260	0	0	0	148	46	10	18	270	5	0	45	71	67	3	98	35	105	73	96	110	71	32	6	238	105	0	298	54	59	196	20	37	75	37	14	85	13	121	39	4	81	136	112	96	219	1	88	26	127	254	135	112	42	29	98	53	164	5	60	18	38	9	95	213	90	11	229	154	3	65	337	144	39	114	77	157	97	75	182	47	123	215	22	101	296	162	155	33	84	42	57	171	111	76	190	153	147	399	66	150	86	61	28	43	31	109	93	101	309	144	55	7	35	44	30	57	100	28	59	65	147	49	19	76	133	52	153	208	31	188	65	117
41	0	0	0	0	0	0	0	0	0	0	0	0	0	0	0	0	0	0	0	0	0	0	0	0	0	0	0	0	0	0	0	0	0	0	0	0	0	1	0	0	0	0	0	0	0	0	0	0	0	17	0	0	27	0	0	0	0	0	0	0	0	0	0	0	0	0	0	0	0	0	0	0	0	0	0	0	0	0	0	0	0	0	0	0	0	0	0	0	0	56	0	0	0	0	0	0	0	0	0	0	0	0	0	0	0	0	0	0	0	0	0	0	0	0	0	0	0	0	0	0	0	0	0	0	0	0	0	0	0	0	0	0	0	0	0	0	0	0	0	0	0	0	0	0	0	0	6	0	0	0	0	0	0	0	0	0	0	0	0	0	0	0	0	0	0	0	0	0	0	0	0	0	0	0	0	0	0	0	0	0	0	7	0	0	0	0	0	0	0	0	0	0	0	0	10	0	0	0	0	0	0	0	0	0	0	1	6	0	0	0	0	5	0	0	0	0	0	21	0	0	0	0	0	0	0	0	0	0	0	0	0	0	0	0	0	0	0	0	0	0	0	0	0	0	0	0	0	0	3	64	0	0	0	0	0	0	0	17	0	0	0	0	0	0	0	0	0	0	4	0	0	0	11	0	38	17	0	0	0	0	0	0	0	0	0	0	0	0	0	0	0	0	0	0	0	0	0	0	0	0	0	13	111	0	0	99	1	68	214	58	156	107	117	32	54	7	66	17	0	0	48	8	0	0	1	25	0	8	2	0	0	0	0	1	22	0	0	16	1	1	0	0	81	74	0	0	0	7	2	52	58	0	0	14	22	14	3	0	43	65	60	0	54	0	55	0	0	0	0	0	0	4	0	1	0	132	16	108	0	80	0	0	0	3	1	8	0	0	69	0	2	41	4	0	0	0	44	85	0	0	185	124	39	10	59	62	17	120	142	67	0	41	65	99	117	57	83	160	50	13	112	114	21	162	59	56	95	47	157	37	29	44	91	111	14	0	108	56	9	84	83	166	88	126	11	27	35	79	53	112	37	0	102	15	82	66	91	46	16	27	36	23	321	17	25	9	94	66	2	0	2	215	5	0	82	29	217	0	122	14	77	124	54	30	105	180	57	48	44	61	2	66	74	0	469	72	23	141	22	71	123	40	94	60	164	59	90	141	65	31	26	43	24	33	119	49	79	170	73	151	116	70	138	125	58	18	261	122	21	211	230	111	151	164	140	141	33	206	64	174	13	31	23	56	33	185	36	184	93	21	250	33	145	143	107	41	26	69	257	92	50	152	81	75	20	251	136	68	128	251	33	321	89	95	311	227	79	29	92	66	75	85	15	115	93	31	80	43	60	27	422	49	98	155	135	203	18	7	152	86
42	0	0	0	0	0	0	0	0	0	0	0	49	0	0	0	0	0	0	27	0	0	0	0	0	0	0	0	0	0	0	0	0	0	0	0	0	0	0	0	0	0	0	0	0	0	0	0	0	0	0	0	0	0	0	0	0	0	0	0	0	7	0	0	0	0	0	0	0	0	0	0	0	0	0	0	0	0	0	0	0	0	0	0	0	0	0	0	0	0	0	0	0	0	0	0	0	0	0	0	0	0	0	0	0	0	0	0	0	0	0	0	0	0	0	0	0	0	0	0	0	0	0	0	0	0	0	0	0	0	0	0	0	0	0	0	0	0	0	0	0	0	0	0	0	0	0	0	0	0	0	0	1	0	0	0	23	0	0	0	0	0	0	0	0	0	0	0	0	0	0	0	0	0	0	0	0	0	0	0	0	0	0	0	0	0	0	0	0	0	0	0	4	13	0	0	0	0	0	0	0	0	0	0	0	0	0	0	0	0	0	54	0	69	0	0	0	1	7	0	0	0	0	0	0	93	0	0	0	0	0	1	1	0	0	0	12	6	0	0	0	0	0	0	0	0	0	0	0	0	37	0	0	0	0	0	0	0	0	0	0	0	29	0	0	0	0	0	0	0	21	0	0	0	0	0	23	0	0	0	0	0	0	0	0	0	0	0	0	0	0	0	1	0	0	0	0	0	0	0	0	105	11	0	0	0	45	35	80	6	23	46	2	0	0	1	22	166	0	0	25	0	1	8	0	1	46	0	41	0	0	0	0	0	44	74	0	0	90	0	1	0	0	29	0	0	0	0	0	0	32	0	0	0	0	0	0	35	0	247	0	17	0	40	0	14	0	0	0	11	0	8	27	0	0	0	0	0	24	0	72	0	0	0	35	0	0	0	8	69	0	0	19	8	0	93	0	0	31	0	0	74	224	50	0	196	79	131	64	116	74	27	150	9	180	38	138	43	0	0	65	55	62	10	15	129	98	20	261	91	11	75	114	30	53	91	18	55	113	42	52	13	61	55	313	105	136	0	93	66	1	67	0	127	85	0	161	24	52	233	1	91	51	166	92	74	175	75	40	0	0	30	207	0	103	141	123	34	0	0	120	239	14	0	22	285	73	95	5	138	31	196	17	76	0	177	10	49	98	117	187	21	92	112	177	35	32	212	43	58	14	276	106	123	99	82	16	67	199	25	12	64	219	165	122	69	67	27	118	91	172	139	151	192	240	142	82	47	71	48	392	334	34	19	179	141	65	34	102	60	50	55	27	118	89	148	234	44	105	120	53	43	175	120	259	66	120	99	32	73	120	171	25	73	38	134	86	64	150	157	165	14	145	155	198	145	35	164	85	162	194	112	14	130	134	88	64	9	123	8	239
43	0	0	0	0	0	0	0	0	0	0	0	0	0	0	0	48	0	0	0	0	0	0	0	0	0	0	0	0	0	0	0	0	0	0	0	0	0	0	0	0	0	0	0	0	0	0	0	0	0	0	0	0	0	0	0	0	0	0	0	0	0	0	0	0	0	0	0	0	0	0	0	0	0	0	0	0	0	0	0	0	0	0	0	0	0	0	0	0	0	0	0	0	0	0	0	0	0	0	0	0	0	0	0	0	0	0	0	0	0	0	5	0	0	0	0	0	0	0	0	0	0	0	0	0	0	0	0	0	0	0	0	0	0	0	0	0	0	0	0	0	0	0	0	0	14	0	0	68	0	0	0	0	0	0	0	0	0	0	0	0	0	0	0	0	0	0	0	0	0	0	0	0	8	0	0	0	5	0	0	0	0	0	2	0	0	0	0	1	0	0	0	0	0	0	0	0	0	0	0	0	0	0	0	0	0	0	0	0	0	0	2	0	0	72	3	0	0	0	0	0	0	0	0	0	0	0	0	18	2	0	0	0	0	0	0	0	19	0	0	0	0	0	0	0	0	0	0	0	0	0	0	0	0	15	0	0	0	0	0	0	0	0	0	13	0	0	0	0	0	32	0	0	0	0	0	0	0	14	0	0	0	0	0	0	0	0	0	0	0	0	0	0	0	0	0	0	0	0	0	0	0	5	0	0	0	18	0	16	88	0	179	0	1	27	0	0	13	32	0	0	1	0	3	1	19	62	8	0	0	0	0	115	0	235	32	0	34	90	0	0	11	0	0	5	0	0	7	0	139	0	3	0	0	0	0	0	7	10	39	17	0	0	21	0	30	0	0	0	0	0	0	27	0	17	0	1	0	22	0	38	10	0	1	0	0	0	1	6	21	0	0	3	0	0	1	0	0	112	29	1	84	101	51	201	81	94	14	0	0	139	117	31	0	79	59	4	122	17	13	126	65	123	140	42	124	39	40	23	55	5	3	21	218	24	102	0	106	106	28	31	92	112	0	157	85	282	27	47	55	10	2	0	0	17	0	69	26	30	59	76	20	26	39	19	0	13	92	1	18	25	0	426	24	0	30	154	50	0	9	92	62	0	18	0	31	98	149	116	29	20	22	190	84	0	4	19	58	264	1	43	105	147	86	20	122	169	17	149	82	194	162	134	95	216	58	77	54	127	33	56	4	85	84	75	83	96	260	10	41	152	6	97	53	109	77	44	32	111	90	58	43	61	84	64	153	95	107	35	97	61	150	136	120	63	135	105	12	204	53	91	14	81	80	93	206	89	157	105	30	147	32	53	36	105	21	197	61	148	53	50	27	34	217	326	144	29	17	265	75	16	67	48	76	31	270	193	194	58	107	67
44	0	0	0	0	0	0	0	0	0	0	0	0	0	0	0	0	0	17	0	0	0	0	0	0	0	0	0	0	0	0	0	0	0	0	51	0	0	0	0	0	0	0	0	0	0	0	0	0	0	0	0	0	0	0	0	0	0	0	0	0	0	0	23	0	0	0	0	0	0	0	0	0	0	0	0	0	0	0	0	0	0	0	0	0	0	0	0	0	0	0	0	0	0	0	0	0	0	0	0	0	0	0	0	0	0	0	0	0	0	0	0	0	0	0	0	0	0	0	61	0	0	0	0	0	0	0	0	54	0	0	0	2	0	0	0	0	0	0	0	0	0	0	0	0	29	0	0	0	0	6	0	0	2	0	0	0	0	0	0	16	0	0	0	0	0	0	0	0	0	0	0	0	0	0	0	0	0	0	0	0	0	0	0	0	0	0	0	0	0	0	84	0	0	0	0	0	0	0	0	0	2	0	85	0	0	0	0	0	0	0	0	0	0	0	0	0	0	0	0	0	0	4	0	0	0	0	0	0	1	0	0	0	0	0	0	0	134	0	19	0	94	0	0	0	0	0	1	0	0	0	1	0	1	22	1	0	1	0	0	0	153	0	0	0	0	0	0	0	13	13	0	0	0	0	0	0	2	0	0	0	10	0	0	0	27	57	0	0	0	0	20	35	0	54	0	0	0	0	0	0	82	15	15	1	0	29	20	0	22	106	164	0	0	0	8	39	13	15	0	0	0	0	0	66	1	4	1	31	5	0	0	69	10	150	16	0	0	22	0	2	0	0	0	46	0	0	11	4	16	0	0	0	0	24	0	0	0	3	0	0	1	0	169	0	14	0	0	11	0	0	0	0	0	0	0	52	0	109	1	84	0	0	0	21	22	0	28	20	14	0	0	19	3	0	0	0	35	8	4	3	178	65	152	79	105	17	218	2	33	130	128	211	0	13	86	202	74	1	106	123	47	64	16	151	40	169	52	78	170	29	99	84	44	155	88	54	125	5	2	88	113	5	0	202	41	195	109	4	39	26	5	0	78	40	13	68	65	92	8	0	119	13	52	60	0	36	189	0	0	0	103	173	2	11	118	231	29	0	1	73	87	0	0	109	74	28	141	4	88	30	68	157	190	28	68	12	34	1	53	42	179	19	84	36	43	38	2	116	52	28	76	45	236	107	89	23	82	54	24	147	72	90	144	108	164	75	84	42	116	239	197	16	124	26	219	144	26	69	410	149	34	71	9	125	251	137	79	93	60	60	204	82	128	81	28	68	77	131	33	94	49	186	25	112	26	36	26	24	157	10	179	142	87	41	102	234	30	233	41	29	7	161	26	34	133	38	64	108	192	67	25	138	26	115	66	98	68	242	76	208
45	0	0	0	0	0	0	0	0	0	0	0	0	0	0	0	0	0	0	0	0	0	0	0	0	64	0	0	0	0	0	0	0	0	0	0	0	0	0	0	0	0	0	0	0	0	50	0	0	32	0	0	0	0	0	0	0	0	0	0	0	0	0	0	0	0	0	0	0	0	0	0	0	0	0	0	0	0	0	0	0	0	0	0	0	0	0	0	14	57	0	18	0	50	0	0	0	0	0	0	0	1	0	0	0	0	0	0	0	0	0	2	0	0	0	7	0	0	0	0	0	0	0	0	0	3	0	0	0	0	0	0	0	0	0	0	0	0	0	0	0	0	0	0	0	0	0	0	0	0	0	6	0	0	0	8	0	0	0	0	0	0	0	0	0	0	0	0	0	0	0	0	0	0	14	0	0	0	0	0	0	0	0	0	0	0	25	49	0	0	0	0	0	0	0	0	0	0	0	0	0	0	0	0	0	25	0	0	33	0	4	0	0	0	0	0	0	0	78	0	0	51	81	0	0	0	0	0	0	0	0	0	27	0	0	0	0	32	0	0	0	0	0	0	0	15	0	4	0	0	0	0	3	1	0	0	0	27	134	1	0	0	0	0	5	0	0	0	0	0	0	0	0	65	22	66	0	5	0	0	0	0	0	23	0	3	6	0	0	0	13	8	0	0	97	1	0	0	0	1	13	92	95	17	71	0	130	75	94	31	17	94	54	155	18	94	22	38	0	20	0	24	16	38	0	28	168	296	73	133	40	53	198	0	24	163	54	50	239	0	46	6	0	114	27	5	59	176	55	0	36	56	8	15	49	82	0	52	6	46	226	4	41	97	7	242	0	111	55	0	78	22	42	0	31	17	124	3	59	0	142	0	23	5	25	194	13	58	31	49	152	3	91	19	0	0	10	162	107	18	113	67	392	142	65	17	23	12	22	145	168	88	79	20	5	51	201	91	83	21	68	177	113	70	61	19	63	250	22	129	83	173	166	28	169	44	83	213	91	28	127	38	272	82	48	10	355	84	182	206	56	120	192	136	41	207	4	20	148	30	97	189	169	128	19	32	162	41	115	51	204	86	40	256	75	123	32	43	64	34	122	99	114	77	82	84	30	145	64	113	74	329	140	119	4	79	45	175	40	48	279	53	53	47	19	23	68	50	39	91	63	254	103	105	65	34	156	23	104	156	81	40	127	27	129	32	97	121	207	5	6	66	85	51	48	26	20	191	119	44	79	91	199	284	261	137	16	41	67	143	12	65	170	117	73	16	10	73	107	64	108	132	120	89	72	186	102	130	58	165	53	65	83	212	120	49	69	300	127	123	61	102	157	18	48	103	71	189	79	41	68	176	74	64	165	9	127	80	52	84	53
46	0	0	0	0	0	18	0	0	0	0	0	0	0	0	0	0	0	0	0	0	35	0	0	0	57	0	0	0	0	0	0	0	0	0	0	0	0	0	0	13	0	0	0	0	0	0	0	0	0	0	0	0	0	0	0	0	0	0	0	0	0	0	0	0	0	0	0	0	0	0	0	0	0	0	0	0	0	0	0	0	0	0	0	0	0	0	0	0	0	0	0	11	0	0	0	0	0	0	0	0	0	39	0	0	0	0	0	0	0	0	0	0	0	12	0	0	0	0	0	0	10	0	0	0	99	0	0	2	3	0	0	14	0	0	0	5	0	0	28	3	0	0	0	0	0	0	0	30	0	30	85	0	8	0	0	63	0	0	4	13	5	0	0	0	0	37	0	5	0	1	0	0	7	17	0	0	0	98	81	37	0	0	0	0	0	0	17	16	0	0	0	8	0	0	27	0	0	0	0	57	20	0	0	15	41	23	0	66	0	99	61	78	109	46	3	54	127	0	61	11	91	0	134	51	2	1	0	5	18	16	81	57	78	268	0	236	10	61	5	112	109	46	0	0	82	59	82	92	0	24	7	2	63	78	7	129	27	26	3	0	14	0	22	28	237	0	96	31	23	9	108	0	33	29	85	30	123	23	0	12	117	0	17	2	0	61	51	32	75	4	97	0	0	44	196	0	8	0	37	25	36	127	33	21	0	228	196	50	281	78	57	51	74	113	48	177	149	51	28	8	25	155	221	22	24	84	69	143	51	144	7	141	41	172	167	21	81	88	22	242	191	6	65	27	110	157	122	78	6	144	84	13	300	131	98	49	160	12	166	245	122	74	173	86	50	6	63	92	88	121	5	85	0	40	23	126	338	33	0	5	6	154	44	37	30	102	36	25	104	99	132	47	141	88	173	138	139	145	113	46	69	139	255	167	88	238	227	319	244	92	95	26	125	164	72	91	50	26	232	124	53	118	119	66	172	39	68	52	42	100	455	85	20	27	9	19	125	37	11	95	200	115	87	111	83	93	44	45	36	67	63	62	47	247	19	149	200	1	32	22	141	137	54	105	65	42	170	38	55	28	117	31	84	50	122	107	120	317	90	178	99	107	27	21	16	20	22	15	24	50	67	24	59	8	73	151	343	64	207	104	110	113	111	235	199	48	22	15	87	163	7	20	104	250	159	52	132	30	73	252	86	38	46	274	83	162	39	89	106	113	85	48	176	137	323	100	77	152	46	57	167	18	30	432	86	14	131	71	98	36	98	210	123	82	99	54	67	218	55	104	106	131	40	72	167	41	159	21	123	72	171	93	105	39	11	105	58	179	51	105	40	59	35	234	20	82	139	158	24	76	128	46	131	127	59	6	79	20	114	202
47	0	0	0	0	0	0	0	0	0	0	31	0	0	0	0	0	0	0	0	0	0	0	0	0	0	0	0	0	0	0	0	0	0	0	0	0	0	0	0	0	0	0	0	0	0	0	0	0	0	0	0	0	0	12	0	0	0	0	0	0	0	0	0	0	0	0	0	0	0	0	0	0	0	0	0	0	0	0	0	0	0	0	0	0	65	0	0	0	0	0	0	0	0	0	46	0	0	0	0	0	0	0	0	0	0	0	0	0	0	0	0	0	0	0	4	0	15	0	0	0	0	0	0	0	0	0	0	0	0	0	2	0	0	0	0	0	0	0	0	0	0	0	0	0	0	0	0	0	0	0	0	0	0	0	0	9	0	0	0	0	0	0	0	0	0	0	0	0	0	0	0	0	0	0	0	0	0	0	0	0	0	0	0	0	0	0	0	0	10	0	0	0	0	0	0	0	5	0	0	0	0	0	0	85	0	0	3	0	0	0	0	0	0	0	0	0	0	0	0	0	9	12	0	15	0	3	0	0	0	4	0	0	0	0	0	0	0	0	0	0	0	0	0	0	0	0	45	0	0	0	0	0	25	0	0	0	1	0	0	0	0	0	0	0	0	0	2	0	1	0	0	0	0	0	0	0	0	3	0	0	0	4	0	0	0	8	0	0	0	0	2	0	0	0	0	0	0	0	0	0	80	32	0	0	1	74	0	36	67	48	152	0	0	184	13	146	91	18	1	8	7	18	41	20	61	127	0	106	160	0	6	44	0	21	36	1	35	25	0	154	0	0	26	131	0	0	47	24	22	94	22	0	84	121	0	46	4	33	99	10	0	0	31	0	27	0	1	46	0	5	9	102	0	0	0	140	0	64	0	12	0	8	160	7	64	0	16	0	67	10	0	84	0	0	0	0	106	72	26	0	53	90	54	11	156	30	26	130	17	74	83	139	14	58	44	93	37	244	42	48	149	54	187	168	29	85	84	91	34	95	44	72	74	105	17	13	97	135	86	8	29	98	3	104	27	138	54	80	32	27	1	0	10	50	43	43	55	153	26	338	49	175	22	75	127	25	92	233	3	4	84	54	11	41	65	320	49	34	155	191	19	39	150	108	92	73	48	45	128	139	52	55	155	0	185	156	139	68	207	43	30	50	71	38	95	219	3	141	132	42	167	86	266	92	113	14	16	47	86	79	38	77	16	240	81	92	50	143	96	116	26	35	5	273	13	98	59	328	115	43	105	67	56	114	110	57	131	129	76	60	84	5	59	82	53	220	163	128	56	51	7	25	135	65	47	139	43	160	75	32	20	73	54	83	75	115	159	60	121	52	115	127	255	76	13	48	35	152	16	202	188	17	126	185	86	51	36	90	120	166
48	0	0	0	0	0	0	0	0	0	0	0	0	0	0	0	0	0	0	0	0	0	0	0	0	0	0	0	0	0	0	0	0	0	0	0	0	0	0	0	0	0	0	0	0	0	0	0	0	0	0	0	0	0	0	0	0	0	0	0	0	0	0	0	0	0	0	31	0	0	0	0	0	0	0	0	0	0	0	0	0	0	0	0	0	0	0	0	0	0	0	0	0	0	0	0	0	0	0	0	0	0	0	0	0	0	0	0	0	0	0	0	0	0	0	10	0	0	0	0	0	0	47	0	0	1	0	0	0	0	0	0	0	0	0	0	0	0	0	0	90	0	0	0	0	0	0	0	0	0	0	0	0	0	0	0	0	0	0	0	0	0	191	0	0	0	0	0	0	0	17	0	67	0	0	0	0	0	0	18	0	0	0	0	0	0	0	0	0	0	0	0	0	0	0	0	0	4	0	0	0	7	0	0	11	0	0	0	0	0	19	0	0	0	21	0	0	0	0	0	0	0	0	0	0	1	64	0	0	0	10	0	1	0	0	0	0	7	0	0	3	0	0	0	0	0	39	0	0	0	0	0	10	9	1	0	0	0	0	0	0	2	0	0	0	102	2	0	0	0	0	0	0	0	3	0	0	0	0	0	0	0	0	0	0	0	0	0	0	0	0	0	0	0	0	0	0	0	0	11	0	0	64	1	0	0	143	114	111	77	93	30	23	41	35	187	25	137	0	26	10	9	0	100	0	245	27	243	175	0	61	0	60	0	240	162	164	0	69	14	190	18	38	40	85	45	0	177	31	0	123	46	104	19	28	16	2	42	16	338	115	59	40	54	0	22	7	10	83	0	16	29	33	0	0	51	120	0	345	0	93	0	1	33	14	16	0	77	122	162	52	0	367	16	0	160	0	71	143	136	1	27	63	86	100	482	9	132	64	39	22	72	79	137	128	19	206	69	78	32	128	24	43	96	110	144	81	79	8	61	8	27	157	81	206	202	137	19	88	178	85	54	147	92	28	113	106	6	78	74	101	185	0	41	63	92	206	85	21	163	98	22	227	51	104	199	266	108	113	0	117	82	56	74	107	49	42	330	42	64	93	37	24	78	312	311	35	95	187	58	106	162	76	206	104	35	182	92	135	215	65	97	125	3	54	59	373	39	150	39	203	289	154	21	57	18	57	23	52	132	97	194	54	25	293	85	173	85	90	130	60	119	278	115	116	176	45	17	162	169	201	71	85	26	39	92	242	152	161	74	56	114	65	56	70	1	77	88	57	210	152	100	194	115	49	93	237	86	148	143	21	18	37	102	89	124	2	67	93	33	21	89	55	76	204	16	40	96	18	107	151	199	26	94	58	65	79	37	139	32	53
49	0	0	0	11	0	0	10	0	0	0	0	0	0	0	0	0	0	0	0	0	0	0	0	0	0	0	0	0	0	0	0	0	0	0	0	0	0	40	0	0	0	0	0	0	0	0	0	0	0	0	0	0	0	0	0	0	0	0	0	0	24	0	0	0	0	0	0	0	0	0	0	0	0	0	0	0	0	0	0	0	0	0	0	0	0	0	0	0	0	113	0	0	0	0	0	0	0	0	0	0	0	0	0	0	0	0	0	0	0	0	0	0	32	0	0	0	0	0	0	0	0	0	0	0	0	0	0	0	0	0	0	0	0	0	0	0	0	0	0	0	0	0	0	0	0	4	0	0	0	9	0	0	0	0	0	0	0	0	0	0	0	0	0	0	0	0	0	0	0	0	0	0	0	0	0	0	0	0	0	0	0	0	0	0	0	0	0	0	0	0	0	1	0	0	0	0	0	0	0	0	0	0	0	0	0	0	6	0	0	17	0	0	0	37	0	0	48	0	2	0	0	0	0	0	0	0	0	0	0	0	0	0	0	0	0	0	3	11	0	0	0	14	0	0	0	0	0	0	0	0	0	0	0	0	0	0	0	0	0	1	6	0	0	0	0	0	0	0	0	0	0	0	1	0	0	0	0	9	0	0	0	0	0	0	0	1	0	0	0	0	0	0	0	0	0	0	0	84	0	0	0	6	0	0	0	27	0	5	18	5	91	0	0	17	0	111	32	76	0	0	12	0	12	0	0	157	0	16	0	0	17	0	3	17	0	0	0	9	0	24	0	0	0	169	0	0	0	69	106	0	0	0	0	0	0	0	0	0	21	93	0	0	3	0	32	0	0	24	4	0	0	25	0	53	0	41	0	95	0	76	0	12	0	62	8	0	12	0	113	0	0	73	3	8	0	3	77	1	5	61	18	57	45	16	55	117	57	145	68	5	25	27	0	137	38	77	202	0	91	45	94	224	18	143	173	85	163	22	188	1	138	22	11	57	166	18	25	50	59	194	215	45	73	69	2	12	15	36	48	56	70	78	0	243	169	45	58	195	106	23	174	180	193	83	2	59	38	0	0	0	28	16	111	35	0	64	58	44	0	162	210	0	0	13	102	55	56	11	119	27	0	99	11	0	124	7	64	39	25	33	66	111	156	5	172	35	3	3	140	64	94	39	54	172	124	120	60	61	140	101	191	55	130	73	118	212	57	137	143	96	22	15	27	73	152	104	76	59	96	54	79	92	16	111	96	164	83	59	45	109	42	74	151	9	38	93	275	64	62	60	60	16	185	108	79	61	40	134	147	38	128	43	33	34	54	87	24	92	234	60	0	115	53	57	56	100	126	49	148	86	32	62	39	82	64	6	286	177	164	142
50	0	0	0	0	0	0	0	0	0	0	0	0	0	0	0	0	0	0	0	0	0	0	0	0	0	0	3	0	0	0	0	0	0	0	0	0	0	0	0	17	0	0	0	0	0	0	0	0	0	0	0	0	0	0	0	0	0	0	0	0	0	0	0	0	0	20	0	0	0	0	0	0	0	0	0	0	0	0	0	0	0	0	0	0	0	0	0	0	0	0	0	0	0	0	0	0	0	0	0	0	0	0	0	0	0	0	0	0	0	1	0	0	0	0	0	0	0	0	0	0	0	0	0	0	0	0	0	0	0	0	0	0	0	0	0	0	0	1	0	0	0	49	0	0	0	0	0	26	0	0	8	0	0	0	8	0	0	0	0	0	0	0	0	0	0	0	0	0	0	0	0	44	0	0	0	0	0	0	0	0	0	0	0	0	0	0	0	0	0	0	0	0	0	0	0	0	0	0	0	0	0	0	0	0	0	0	0	0	24	5	0	22	34	0	0	0	0	3	0	7	0	0	0	0	0	0	0	0	0	0	0	1	0	0	0	0	69	6	0	0	26	0	0	0	0	0	0	0	0	0	0	0	0	0	0	0	0	0	0	8	0	0	0	0	13	2	0	6	0	0	0	0	0	0	148	0	0	0	0	0	10	0	0	16	0	0	0	0	0	0	0	0	0	0	0	4	0	0	0	0	2	7	0	0	0	3	0	4	55	0	85	10	0	209	10	0	78	232	0	6	0	0	0	9	18	54	57	6	0	0	0	0	0	22	34	0	14	103	0	0	0	0	1	0	0	24	0	0	2	0	7	0	0	0	30	0	0	0	0	26	0	0	9	0	0	0	0	13	0	0	0	21	0	0	0	108	0	190	0	102	23	0	0	2	30	0	0	0	60	0	23	28	10	0	0	0	11	33	0	3	69	28	98	48	41	56	21	117	106	114	156	56	56	59	35	360	77	74	95	55	53	152	159	29	6	109	61	132	86	8	43	113	123	78	82	11	129	36	0	96	70	72	0	67	91	40	64	0	23	12	164	0	6	150	0	79	44	211	40	317	109	106	88	84	41	204	73	0	4	0	6	54	18	3	24	72	176	0	29	77	24	0	113	60	165	45	36	23	10	75	68	30	21	4	185	109	28	65	163	203	37	117	55	0	6	5	73	96	25	196	143	110	72	133	89	140	63	220	236	44	89	279	89	66	132	54	40	66	109	106	21	131	315	168	85	109	62	165	38	123	61	85	71	16	82	29	54	94	29	2	127	50	121	35	81	101	74	19	201	98	78	82	83	11	114	83	30	10	31	66	57	5	52	59	86	154	93	97	74	33	91	11	66	86	139	196	283	83	105	188	112	44	137	119	33	94	66	126	144	129
51	0	0	0	0	0	0	0	0	0	8	0	0	0	0	0	0	0	0	0	0	0	0	0	0	0	0	0	0	0	0	0	0	0	0	0	0	0	0	0	0	0	0	0	0	0	0	0	0	0	0	0	0	0	0	0	0	0	0	0	0	0	0	0	0	0	0	0	0	0	0	0	0	0	0	0	0	0	0	0	0	0	0	0	0	0	0	0	15	0	0	0	0	0	0	0	0	0	0	0	0	11	0	3	0	0	0	0	0	6	0	0	0	0	0	0	0	0	0	0	0	0	0	0	0	0	0	0	0	0	0	0	0	0	5	0	0	0	0	0	0	0	0	0	0	0	0	0	0	0	0	9	0	0	0	0	0	0	0	0	87	0	0	0	0	0	0	0	0	0	0	0	0	18	0	0	0	0	0	0	32	0	0	0	0	0	0	0	0	0	32	0	46	2	0	110	0	0	0	0	0	10	0	63	0	47	0	96	96	23	60	32	0	12	0	77	10	0	220	48	52	86	0	8	163	78	1	0	0	0	0	0	61	0	0	125	14	25	0	0	82	0	2	0	1	0	19	13	12	0	20	63	0	4	91	92	16	21	0	47	21	93	146	7	95	32	16	0	0	0	0	0	33	22	1	40	31	0	15	29	0	19	54	20	0	0	38	7	6	66	15	62	11	0	0	48	0	39	0	75	49	5	18	55	16	36	59	108	63	85	37	102	123	100	39	178	57	42	26	48	14	28	6	158	125	132	91	12	234	6	29	17	66	98	2	15	105	16	34	115	10	48	1	86	6	105	57	169	16	0	34	27	60	144	174	22	13	76	160	49	104	176	91	35	0	121	38	104	39	180	0	97	30	6	0	59	16	170	107	91	41	42	29	90	161	21	53	0	0	29	95	5	252	23	1	70	31	0	4	71	62	109	55	27	201	59	4	20	26	126	1	60	5	56	64	103	116	101	55	69	13	44	18	166	42	48	30	50	228	115	41	59	58	133	46	0	25	7	115	8	56	32	53	285	29	31	47	119	110	4	29	0	1	0	31	63	21	6	141	141	193	334	230	113	56	0	25	46	41	43	56	59	3	38	76	41	109	27	51	16	11	94	5	227	27	85	76	46	10	14	23	58	23	17	31	269	35	72	82	12	20	2	37	1	1	16	8	94	138	165	0	157	85	84	24	37	8	116	18	180	24	5	13	37	54	23	8	32	49	9	170	0	46	237	1	107	7	21	50	15	81	35	39	14	311	69	25	120	67	144	25	189	22	74	23	0	46	18	3	32	45	22	82	39	9	94	198	66	86	10	53	14	109	99	91	1	60	34	54	91	55	18	67	16	48	185	231	180	121	207	55	1	0	149	76	70	62	299	4	108	17
52	0	0	0	0	0	0	0	0	0	0	0	0	0	0	0	0	0	0	0	0	0	0	0	0	0	0	0	0	0	0	0	0	0	0	0	0	0	15	0	0	0	0	155	0	0	0	0	0	0	0	0	0	0	0	0	0	0	0	0	0	0	0	0	0	0	0	0	0	0	0	0	0	0	0	0	0	0	0	0	0	0	0	0	0	0	0	0	0	0	0	0	0	0	0	0	0	0	0	0	0	2	0	0	27	19	0	0	0	0	0	0	0	0	0	0	0	0	0	0	13	0	0	0	0	0	0	0	0	0	0	27	0	0	0	0	0	0	0	66	0	0	0	155	0	0	0	0	0	0	0	0	0	0	6	0	0	0	2	0	11	0	0	0	0	0	67	0	0	0	0	0	21	0	0	0	0	0	1	0	51	0	0	0	0	4	0	38	0	0	0	0	0	16	0	0	0	0	0	0	0	0	80	9	51	37	0	2	0	0	0	14	0	8	13	1	23	0	0	0	14	28	0	0	7	2	0	38	2	0	0	0	50	16	40	64	84	0	0	47	0	0	15	135	0	28	0	17	0	0	29	92	0	2	43	321	0	0	5	0	14	9	0	0	0	0	90	0	100	2	2	0	18	0	0	27	1	17	14	102	0	5	6	4	0	3	18	10	5	0	5	19	9	0	0	36	0	0	0	79	140	3	168	137	35	52	17	38	39	52	37	12	24	122	159	28	17	341	60	263	39	21	21	105	14	57	63	0	110	18	0	6	38	244	3	108	5	0	26	35	17	27	30	29	36	305	59	10	148	191	38	100	15	51	57	279	16	72	39	0	74	6	28	0	5	64	66	47	81	11	5	40	71	32	44	44	18	15	115	22	53	16	49	114	211	31	8	22	16	40	32	65	17	21	79	8	28	79	0	89	25	222	25	57	61	5	49	227	25	76	49	44	22	29	22	96	131	58	32	19	113	57	118	40	36	39	0	18	75	39	96	97	48	22	36	120	34	79	59	65	72	95	15	30	36	17	120	11	216	6	168	63	18	28	190	42	1	40	11	111	131	45	78	40	85	11	18	74	68	118	9	156	8	13	74	142	69	260	80	117	116	54	26	20	59	12	65	31	31	275	1	97	95	21	30	164	17	126	127	10	112	54	129	59	56	96	39	31	17	70	0	116	58	133	93	59	9	88	1	126	46	16	47	81	65	115	18	36	86	15	109	6	28	15	70	168	56	5	0	134	56	6	163	69	158	33	0	109	3	52	111	8	99	135	106	66	105	42	14	59	197	64	8	14	50	217	47	9	98	147	63	144	4	33	30	6	30	105	95	29	5	55	44	31	71	207	106	131	114	147	44	35	24	9	49	24	10	23	14	110	111
53	0	0	0	0	0	0	0	0	0	0	0	0	0	0	0	0	0	0	0	0	0	0	0	0	0	0	0	0	0	0	0	0	0	0	0	0	0	0	0	0	0	0	0	0	0	0	0	0	0	0	0	0	0	0	0	0	0	0	0	0	0	0	0	0	0	0	0	0	0	0	0	0	0	0	0	0	0	0	0	0	0	0	0	0	0	0	0	0	0	0	0	0	0	0	0	0	0	0	0	0	0	0	0	2	76	0	0	0	0	3	0	0	0	0	0	0	0	0	0	0	0	0	27	1	0	0	0	0	2	0	0	0	0	0	0	0	18	0	20	0	0	0	0	0	0	0	0	0	0	0	0	11	0	0	0	0	0	0	0	0	0	0	0	0	0	139	9	0	0	0	0	0	0	0	0	0	0	0	0	50	0	0	4	23	0	8	49	0	13	0	0	0	0	0	0	0	0	0	0	0	37	14	3	146	0	97	7	0	0	3	155	2	19	24	0	10	0	24	23	17	32	0	2	154	108	0	0	0	0	0	1	32	49	3	46	193	123	0	0	0	3	0	106	1	5	39	0	0	0	0	1	63	0	0	10	0	0	0	15	37	153	47	64	57	232	79	22	0	18	140	0	121	0	0	58	19	92	0	21	0	13	19	57	1	0	48	20	0	21	0	21	0	0	15	40	0	0	0	93	180	13	52	164	9	35	14	12	2	270	3	25	56	46	93	211	34	65	113	55	97	0	25	13	80	123	119	20	55	15	104	5	36	129	2	21	5	35	180	61	9	7	141	16	26	78	45	12	72	60	4	45	15	34	34	60	2	81	148	25	23	16	22	59	79	46	36	56	8	4	8	54	97	8	69	127	4	2	11	2	109	0	126	15	36	25	5	0	22	193	30	269	248	88	0	89	0	14	1	77	96	21	58	122	19	3	25	166	11	175	40	40	30	44	66	75	164	20	134	50	134	18	97	11	52	41	37	51	75	73	89	63	87	39	6	5	88	201	62	72	64	14	88	179	192	57	45	102	246	0	14	284	5	24	223	57	102	3	124	59	131	48	270	142	126	29	152	30	24	37	33	83	28	72	47	4	75	6	43	102	17	16	70	36	3	53	31	49	10	127	44	70	75	4	41	37	19	147	68	12	69	20	104	3	120	9	78	41	107	17	1	87	57	14	24	129	67	94	19	10	13	43	104	4	131	192	3	7	50	142	106	1	155	27	72	77	7	50	9	129	38	13	113	183	7	85	3	226	28	99	53	68	73	32	53	13	90	220	70	99	87	26	93	24	27	12	8	54	14	127	38	23	110	38	47	31	123	55	50	0	2	21	167	2	46	109	35	37	55	32	123	107	0	93	29	0	69	74	55	108	94
