0	0	0	0	0	0	0	0	0	0	0	0	0	0	0	0	0	0	0	0	0	0	0	0	0	0	0	0	0	0	0	0	0	0	0	0	0	0	0	0	0	0	0	0	0	0	0	0	0	0	0	0	0	0	0	0	0	0	0	0	0	0	0	0	0	0	0	0	0	0	0	0	0	0	0	0	0	0	0	0	0	0	0	0	0	0	0	0	0	0	0	0	0	0	0	0	0	0	0	0	0	12	12	12	12	12	12	12	12	12	12	12	12	12	12	12	12	12	12	12	12	12	12	12	12	12	12	12	12	12	12	12	12	12	12	12	12	12	12	12	12	12	12	12	12	12	12	12	12	12	12	12	12	12	12	12	12	12	12	12	12	12	12	12	12	12	12	12	12	12	12	12	12	12	12	12	12	12	12	12	12	12	12	12	12	12	12	12	12	12	12	12	12	12	12	12	12	12	12	12	12	24	24	24	24	24	24	24	24	24	24	24	24	24	24	24	24	24	24	24	24	24	24	24	24	24	24	24	24	24	24	24	24	24	24	24	24	24	24	24	24	24	24	24	24	24	24	24	24	24	24	24	24	24	24	24	24	24	24	24	24	24	24	24	24	24	24	24	24	24	24	24	24	24	24	24	24	24	24	24	24	24	24	24	24	24	24	24	24	24	24	24	24	24	24	24	24	24	24	24	24	48	48	48	48	48	48	48	48	48	48	48	48	48	48	48	48	48	48	48	48	48	48	48	48	48	48	48	48	48	48	48	48	48	48	48	48	48	48	48	48	48	48	48	48	48	48	48	48	48	48	48	48	48	48	48	48	48	48	48	48	48	48	48	48	48	48	48	48	48	48	48	48	48	48	48	48	48	48	48	48	48	48	48	48	48	48	48	48	48	48	48	48	48	48	48	48	48	48	48	48	72	72	72	72	72	72	72	72	72	72	72	72	72	72	72	72	72	72	72	72	72	72	72	72	72	72	72	72	72	72	72	72	72	72	72	72	72	72	72	72	72	72	72	72	72	72	72	72	72	72	72	72	72	72	72	72	72	72	72	72	72	72	72	72	72	72	72	72	72	72	72	72	72	72	72	72	72	72	72	72	72	72	72	72	72	72	72	72	72	72	72	72	72	72	72	72	72	72	72	72	96	96	96	96	96	96	96	96	96	96	96	96	96	96	96	96	96	96	96	96	96	96	96	96	96	96	96	96	96	96	96	96	96	96	96	96	96	96	96	96	96	96	96	96	96	96	96	96	96	96	96	96	96	96	96	96	96	96	96	96	96	96	96	96	96	96	96	96	96	96	96	96	96	96	96	96	96	96	96	96	96	96	96	96	96	96	96	96	96	96	96	96	96	96	96	96	96	96	96	96
0	0	0	0	0	0	0	0	0	0	0	0	0	0	0	0	0	0	0	0	0	0	0	0	0	0	0	0	0	0	0	0	0	0	0	0	0	0	0	0	0	0	0	0	0	0	0	0	0	0	0	0	0	0	0	0	0	0	0	0	0	0	0	0	0	0	0	0	0	0	0	0	0	0	0	0	0	0	0	0	0	0	0	0	0	0	0	0	0	0	0	0	0	0	0	0	0	0	0	0	0	100	100	100	100	100	100	100	100	100	100	100	100	100	100	100	100	100	100	100	100	100	100	100	100	100	100	100	100	100	100	100	100	100	100	100	100	100	100	100	100	100	100	100	100	100	100	100	100	100	100	100	100	100	100	100	100	100	100	100	100	100	100	100	100	100	100	100	100	100	100	100	100	100	100	100	100	100	100	100	100	100	100	100	100	100	100	100	100	100	100	100	100	100	100	100	100	100	100	100	100	100	100	100	100	100	100	100	100	100	100	100	100	100	100	100	100	100	100	100	100	100	100	100	100	100	100	100	100	100	100	100	100	100	100	100	100	100	100	100	100	100	100	100	100	100	100	100	100	100	100	100	100	100	100	100	100	100	100	100	100	100	100	100	100	100	100	100	100	100	100	100	100	100	100	100	100	100	100	100	100	100	100	100	100	100	100	100	100	100	100	100	100	100	100	100	100	100	100	100	100	100	100	100	100	100	100	100	100	100	100	100	100	100	100	100	100	100	100	100	100	100	100	100	100	100	100	100	100	100	100	100	100	100	100	100	100	100	100	100	100	100	100	100	100	100	100	100	100	100	100	100	100	100	100	100	100	100	100	100	100	100	100	100	100	100	100	100	100	100	100	100	100	100	100	100	100	100	100	100	100	100	100	100	100	100	100	100	100	100	100	100	100	100	100	100	100	100	100	100	100	100	100	100	100	100	100	100	100	100	100	100	100	100	100	100	100	100	100	100	100	100	100	100	100	100	100	100	100	100	100	100	100	100	100	100	100	100	100	100	100	100	100	100	100	100	100	100	100	100	100	100	100	100	100	100	100	100	100	100	100	100	100	100	100	100	100	100	100	100	100	100	100	100	100	100	100	100	100	100	100	100	100	100	100	100	100	100	100	100	100	100	100	100	100	100	100	100	100	100	100	100	100	100	100	100	100	100	100	100	100	100	100	100	100	100	100	100	100	100	100	100	100	100	100	100	100	100	100	100	100	100	100	100	100	100	100	100	100	100	100	100	100	100	100	100	100	100	100	100	100	100	100	100	100	100	100	100	100	100	100	100	100	100	100	100	100	100	100	100	100	100	100	100	100	100	100	100	100	100	100	100	100	100	100	100	100	100	100	100	100	100	100	100	100	100	100	100	100	100	100
1	0	23	0	0	47	93	27	31	63	0	48	5	18	5	38	49	15	67	11	70	127	39	227	72	109	1	24	128	25	39	63	8	0	0	14	89	24	65	0	157	0	20	117	63	154	4	26	28	123	40	48	227	32	147	32	12	17	35	13	41	68	29	0	0	25	29	80	228	49	91	0	0	59	29	0	1	67	14	180	0	50	62	0	20	87	159	150	91	57	26	20	85	46	39	29	3	79	14	21	44	126	117	36	0	24	22	30	21	16	12	82	81	180	4	28	39	216	26	31	75	53	162	5	58	84	126	424	22	72	23	5	100	0	22	38	51	2	67	92	0	49	92	115	212	2	4	291	4	39	6	44	170	16	28	138	61	81	119	59	61	75	54	54	26	49	144	16	126	25	62	0	34	76	58	11	93	136	77	4	75	100	5	8	17	47	31	13	92	43	36	0	115	7	2	111	47	4	32	42	69	101	22	0	0	12	0	9	5	6	4	14	2	14	30	119	5	9	1	2	79	53	13	6	8	20	50	3	1	2	6	1	2	171	8	19	0	3	48	1	5	16	4	13	70	40	66	6	12	16	19	8	7	2	15	2	378	16	0	0	6	11	13	92	211	117	1	147	1	4	4	120	113	5	0	16	24	7	10	42	4	98	9	57	65	9	1	6	43	158	16	20	98	8	0	51	15	1	1	3	0	0	0	6	0	1	0	0	0	0	0	0	0	0	0	1	0	0	1	0	28	0	0	216	0	0	2	4	0	40	0	0	1	256	88	255	4	0	2	0	4	0	0	0	47	0	1	0	0	1	0	65	0	0	0	0	0	1	0	82	0	0	30	0	0	0	0	0	2	0	0	0	0	0	0	0	9	0	3	2	0	8	0	1	0	0	0	0	0	0	0	0	0	0	0	1	0	1	0	0	0	0	0	0	0	0	0	149	0	0	0	0	0	0	0	0	0	0	0	0	0	0	0	0	0	0	0	0	0	0	14	0	104	0	0	0	0	0	0	0	0	420	0	0	0	0	0	0	0	0	0	0	0	0	0	0	0	0	0	0	0	0	0	0	0	0	0	0	0	0	0	173	0	0	0	0	0	0	0	0	0	0	0	2	0	0	0	0	0	64	0	91	0	0	0	0	0	0	0	0	0	0	0	0	0	0	0	0	0	0	0	0	0	0	0	0	0	0	0	0	0	0	0	0	0	64	0	0	0	0	0	0	0	0	0	0	0	0	0	0	0	0	0	95	0	0	0	0	0	0	0	0	0	0	0	0	0	0	0	0	0	0	0	0	0	0	0	0	0	0	0	0	0	0	0	0	0	0	0	0	0	0	0	0	101	0	0	0	0	0	0	0	0	0	0	117	0	0	0	0	0
2	51	10	82	38	45	0	29	38	16	15	46	0	116	113	0	90	71	40	45	54	0	123	144	0	118	43	23	35	26	0	267	0	44	35	0	81	24	39	9	49	45	32	0	0	212	77	0	40	159	0	6	236	1	0	161	106	6	4	138	66	136	35	1	0	18	168	101	48	0	0	53	0	0	117	14	119	30	39	32	5	33	0	0	3	235	61	17	48	145	26	93	259	7	17	72	23	298	4	2	41	55	63	0	3	14	1	14	14	33	0	6	69	21	83	33	46	4	67	40	1	21	58	17	50	49	109	44	6	104	51	95	195	21	113	20	33	19	40	12	21	5	47	122	102	4	48	16	43	43	3	5	12	199	3	91	50	25	50	19	39	10	98	11	117	65	103	60	77	98	55	15	83	89	37	69	0	82	43	22	66	280	45	2	4	3	47	81	32	28	43	24	21	5	51	6	58	0	42	0	138	40	15	2	1	1	3	51	1	11	5	4	7	28	70	5	0	6	33	6	150	149	8	19	19	3	4	4	11	0	4	4	9	14	53	3	16	1	78	5	3	6	1	0	23	6	12	93	42	42	9	0	5	12	1	8	89	24	10	50	3	7	10	14	61	7	3	48	1	4	68	6	87	125	1	0	6	20	20	31	2	5	23	212	21	8	0	30	42	1	2	96	66	16	13	24	6	2	2	1	0	0	0	1	0	0	0	0	0	0	0	0	0	0	0	0	0	0	0	0	62	0	0	59	0	0	2	1	0	17	0	0	28	84	86	29	0	0	0	0	6	0	1	0	193	0	0	1	0	0	0	138	0	0	2	0	2	0	0	1	0	6	131	0	0	0	0	0	0	0	0	0	0	0	0	0	0	1	1	0	0	4	0	0	0	0	0	0	0	0	0	0	0	0	0	0	0	0	0	1	0	0	0	0	0	0	0	132	0	0	0	0	0	0	0	0	0	0	0	0	0	0	0	0	0	0	0	0	0	0	173	0	241	0	0	0	0	0	0	1	0	67	0	0	0	0	0	0	0	0	0	0	0	0	0	0	0	0	0	0	0	0	0	0	0	0	0	0	0	0	0	7	0	0	0	0	0	0	0	0	0	0	0	8	0	0	0	0	0	36	0	21	0	0	0	0	0	0	0	0	0	0	0	0	0	0	0	0	0	0	0	0	0	0	0	0	0	0	0	0	0	0	0	0	0	154	0	0	0	0	0	0	0	0	0	5	0	0	0	0	0	0	0	83	0	0	0	0	0	0	0	0	0	0	0	0	0	0	0	0	0	0	0	0	0	0	0	0	0	0	0	0	0	0	0	0	0	0	0	0	0	0	0	0	124	0	0	0	0	0	0	0	0	0	0	85	0	0	0	0	0
3	0	0	0	0	0	0	0	0	0	0	0	0	0	0	0	0	0	0	0	0	0	0	0	0	0	0	0	0	0	0	0	0	0	0	0	0	0	0	0	0	0	0	0	0	0	0	0	0	0	0	0	0	0	0	0	0	0	0	0	0	0	0	0	0	0	0	0	0	0	0	0	0	0	0	0	0	0	0	0	0	0	0	0	0	0	0	0	0	0	0	0	0	0	0	0	0	0	0	0	0	0	0	0	0	0	0	0	0	0	0	0	0	0	0	0	0	0	0	0	0	0	0	0	0	0	0	0	0	0	0	0	0	0	0	0	0	0	0	0	0	0	0	5	0	0	0	0	0	0	0	0	0	0	0	0	0	0	0	0	0	0	0	0	0	0	0	0	0	0	0	0	0	0	0	0	0	0	0	0	0	0	0	0	0	0	0	9	0	0	0	0	0	0	0	0	0	0	0	0	0	0	0	0	0	0	0	0	0	0	0	0	0	0	0	38	0	0	2	0	0	0	0	0	0	0	0	0	0	0	0	0	0	0	0	0	0	0	0	0	0	0	0	0	0	0	0	0	0	0	0	0	0	0	0	0	0	0	0	0	0	0	0	0	0	0	0	0	0	0	0	0	0	0	0	0	0	0	0	0	0	0	0	0	0	0	0	0	0	0	0	0	0	0	0	0	0	0	0	0	0	0	0	0	0	0	0	0	0	0	0	0	0	0	0	0	0	0	0	0	179	0	0	64	0	0	0	0	0	1	0	0	0	255	0	127	0	2	0	0	0	0	0	0	87	0	0	0	0	0	0	160	0	0	0	0	0	0	0	51	0	0	158	0	0	0	0	0	0	0	0	0	0	0	0	0	0	0	0	0	0	0	0	0	0	1	0	0	0	0	0	0	0	0	0	0	0	0	0	0	0	0	0	0	0	0	0	59	65	0	0	0	0	0	0	0	0	0	0	0	0	0	0	0	0	0	0	0	0	0	14	0	86	0	0	0	0	0	0	0	0	92	0	0	0	0	0	0	0	0	0	0	0	0	0	0	0	0	0	0	0	0	0	0	0	0	0	0	0	0	0	22	0	0	0	0	0	0	0	0	0	0	0	0	0	0	0	0	0	53	0	30	0	0	0	0	0	0	0	0	0	0	0	0	0	0	0	0	0	0	0	0	0	0	0	0	0	0	0	0	0	0	0	0	0	48	0	0	0	0	0	0	0	0	0	0	0	0	0	0	0	0	0	193	0	0	0	0	0	0	0	0	0	0	0	0	0	0	0	0	0	0	0	0	0	0	0	0	0	0	0	0	0	0	0	0	0	0	0	31	0	0	0	0	231	0	0	0	0	0	0	0	0	0	0	38	0	0	0	0	0
4	0	0	0	0	0	0	0	0	0	0	0	0	0	0	0	0	0	0	0	0	0	0	0	0	0	0	0	0	0	0	0	0	0	0	0	0	0	0	72	0	0	0	0	0	0	0	0	0	0	0	0	0	0	0	0	0	0	0	0	0	0	0	0	0	0	0	0	0	0	0	0	0	0	0	0	0	0	0	0	0	0	0	0	0	0	0	0	0	0	0	0	0	0	0	0	0	0	0	0	0	0	0	0	0	0	0	0	0	0	0	0	0	0	0	0	0	0	0	0	0	0	0	0	0	0	0	0	0	0	0	0	0	0	0	0	0	0	0	0	0	0	0	0	0	0	0	0	0	0	0	0	0	0	0	0	0	0	0	0	0	0	0	0	0	0	1	0	0	0	0	0	0	0	0	0	0	0	0	0	0	0	0	0	0	0	0	0	0	0	0	0	0	0	0	0	0	0	0	0	0	0	0	0	0	0	0	0	0	0	0	0	0	0	0	0	0	0	0	0	0	0	0	0	0	0	0	0	0	0	0	0	0	0	0	0	0	0	14	0	0	20	0	0	0	0	0	0	0	0	0	0	0	0	0	0	5	0	0	0	0	0	0	0	0	0	0	0	0	0	0	0	0	0	0	0	0	0	0	0	0	0	0	0	0	0	0	0	0	0	1	0	42	0	0	0	0	0	0	0	0	0	0	0	0	0	0	0	0	0	0	0	0	0	0	0	0	0	0	0	26	0	0	33	0	0	1	0	0	0	0	0	0	154	0	41	0	0	0	0	0	0	0	0	98	0	0	0	0	0	0	267	0	0	0	0	0	0	0	0	0	0	20	0	0	0	0	2	0	0	0	0	0	0	0	5	0	3	0	0	0	0	0	0	0	48	0	0	0	0	0	0	0	0	0	1	0	0	0	0	0	0	0	0	0	0	0	32	0	0	0	0	0	0	0	0	0	0	0	0	0	0	0	0	0	0	0	0	0	0	104	0	47	0	0	0	0	0	0	0	0	57	0	0	0	0	0	0	0	0	0	0	0	0	0	0	0	0	0	0	0	0	0	0	0	0	0	0	0	0	0	44	0	0	0	0	0	0	0	0	0	0	0	0	0	0	0	0	0	85	0	21	0	0	0	0	0	0	0	0	0	0	0	0	0	0	0	0	0	0	0	0	0	0	0	0	0	0	0	0	0	0	0	0	0	165	0	0	0	0	0	0	0	0	0	0	0	0	0	0	0	0	0	227	0	0	0	0	0	0	0	0	0	0	0	0	0	0	0	0	0	0	0	0	0	0	0	0	0	0	0	0	0	0	0	0	0	0	0	0	0	0	0	0	137	0	0	0	0	0	0	0	0	0	0	109	0	0	0	0	0
5	0	0	0	0	0	0	0	0	0	0	0	0	0	0	0	0	0	0	0	0	0	0	0	0	0	0	0	0	0	0	0	0	0	0	0	0	0	0	0	0	0	0	0	0	0	0	0	0	0	0	0	0	0	0	0	0	0	0	0	0	0	0	0	0	0	0	0	0	0	0	0	0	0	0	0	0	0	0	0	0	0	0	0	0	0	0	0	0	0	0	0	0	0	0	0	0	0	0	0	0	0	0	0	0	0	0	0	0	0	0	0	0	0	0	0	0	0	0	0	0	0	0	0	0	0	0	0	0	0	0	0	0	0	0	0	0	0	0	0	0	0	0	0	0	0	0	0	0	0	0	0	0	0	0	0	0	0	0	0	0	0	0	16	0	0	5	0	0	0	0	0	0	0	0	0	0	0	0	0	0	0	0	0	0	0	0	0	0	0	0	0	0	0	0	0	0	0	0	0	0	0	0	0	0	0	0	0	0	0	0	0	0	0	0	0	0	0	0	0	0	36	0	0	0	0	0	0	0	0	0	0	0	0	0	0	0	0	0	0	0	0	0	0	0	0	0	0	0	0	0	0	0	0	0	0	0	0	0	0	0	0	0	0	0	0	0	0	0	0	0	0	0	0	0	0	0	0	0	0	0	0	0	0	0	0	0	0	2	0	0	0	0	0	0	0	0	0	0	0	0	0	0	0	0	0	0	0	0	0	0	0	0	0	0	0	0	0	0	0	55	0	0	26	0	0	0	0	0	25	0	0	0	31	0	138	0	0	0	3	0	0	0	0	35	0	0	0	0	0	0	103	0	0	0	0	0	0	0	0	0	0	52	0	0	0	0	0	0	0	0	0	0	0	0	0	0	0	0	3	0	0	0	0	0	0	0	0	0	0	0	0	0	0	0	0	0	0	0	2	0	0	0	0	0	0	0	90	0	0	0	0	0	0	0	0	0	0	0	0	0	0	0	0	0	0	0	0	0	0	123	0	18	0	0	0	0	0	0	0	0	152	0	0	0	0	0	0	0	0	0	0	0	0	0	0	0	0	0	0	0	0	0	0	0	0	0	0	0	0	0	99	0	0	0	0	0	0	0	0	0	0	0	0	0	0	0	0	0	64	0	196	0	0	0	0	0	0	0	0	0	0	0	0	0	0	0	0	0	0	0	0	0	0	0	0	0	0	0	0	0	0	0	0	0	56	0	0	0	0	0	0	0	0	0	0	0	0	0	1	0	0	0	27	0	0	0	0	0	0	0	0	0	0	0	0	0	0	0	0	0	0	0	0	0	0	0	0	0	0	0	0	0	0	0	0	0	0	0	0	0	0	0	0	117	0	0	0	0	0	0	0	0	0	0	68	0	0	0	0	0
6	0	0	0	0	0	0	0	0	0	0	0	0	0	0	0	0	0	0	0	0	0	0	0	0	0	0	0	0	0	0	0	0	0	0	0	0	0	0	0	0	0	0	0	0	0	0	0	0	0	0	0	0	0	0	0	0	0	0	0	0	0	0	0	0	0	0	0	0	0	0	0	0	0	0	0	0	0	0	0	0	0	0	0	0	0	0	0	0	0	0	0	0	0	0	0	0	0	0	0	0	0	0	0	0	0	0	0	0	0	0	0	0	0	0	0	0	0	0	0	0	0	0	0	0	0	0	0	0	0	0	0	0	0	0	0	0	0	0	0	0	0	0	0	0	0	0	0	0	0	0	0	0	0	0	0	0	0	0	0	0	0	0	0	0	0	0	0	0	0	0	0	0	0	0	0	0	0	0	0	0	0	0	0	0	0	0	0	0	0	0	0	0	0	0	0	0	0	0	0	0	0	0	0	0	0	0	0	0	0	0	0	0	0	0	0	5	0	0	0	0	0	0	0	0	0	0	0	0	0	0	0	0	0	0	0	0	0	30	0	0	0	0	0	0	0	0	0	0	0	0	0	0	0	0	0	0	0	0	0	0	0	0	0	0	0	0	1	0	0	0	0	0	0	0	0	0	1	0	0	0	0	0	0	0	0	0	0	0	0	0	0	0	0	0	0	0	0	0	0	0	0	0	0	0	0	0	0	0	0	0	0	0	0	0	0	0	0	0	0	39	0	0	229	1	0	0	0	0	0	0	0	0	34	14	45	0	0	0	0	0	0	0	0	48	0	0	0	0	0	0	132	0	0	0	0	0	0	0	133	0	0	121	0	0	0	0	0	0	0	0	0	0	0	0	0	0	0	0	0	0	0	0	0	0	0	0	0	0	0	0	0	0	0	0	0	0	0	0	0	0	0	0	0	0	0	0	57	0	0	0	0	0	0	0	0	2	0	0	0	0	0	0	0	0	0	0	0	0	0	34	0	22	0	0	0	0	0	0	0	0	146	0	0	0	0	0	0	0	0	0	0	0	0	0	0	0	0	0	0	0	0	0	0	0	0	0	0	0	0	0	135	0	0	0	0	0	0	0	0	0	0	0	30	0	0	0	0	0	179	0	63	0	0	0	0	0	0	0	0	0	0	0	0	0	0	0	0	0	0	0	9	0	0	0	0	0	0	0	0	0	0	0	0	0	78	0	0	0	0	0	0	0	0	0	0	0	0	0	0	0	0	0	48	0	0	0	0	0	0	0	0	0	0	0	0	0	0	0	0	0	0	0	0	0	0	0	24	0	0	0	0	0	0	0	0	0	0	0	0	0	0	0	0	130	0	0	0	0	0	0	0	0	0	0	210	0	0	0	0	0
7	0	0	0	0	0	0	0	0	0	0	0	0	0	0	0	0	0	0	0	0	0	0	0	0	0	0	0	0	0	0	0	0	0	0	0	0	0	0	0	0	0	0	0	0	0	0	0	0	0	0	0	0	0	0	0	0	0	0	0	0	0	0	0	0	0	0	0	0	0	0	0	0	0	0	0	0	0	0	0	0	0	0	0	0	0	0	0	0	0	0	0	0	0	0	0	0	0	0	0	0	0	0	0	0	0	0	0	0	0	0	0	0	0	0	0	0	0	2	0	0	0	0	0	0	0	0	0	17	0	0	0	0	0	0	0	0	0	0	0	0	0	0	0	0	0	0	0	0	0	0	0	0	0	0	0	0	0	0	0	0	0	0	0	0	0	0	0	0	0	0	0	0	0	0	0	0	0	0	0	0	0	0	0	0	0	0	0	0	0	0	0	0	0	0	0	0	0	0	0	0	0	0	0	0	0	0	0	0	0	0	0	0	0	0	0	0	0	0	0	0	24	0	0	0	0	0	0	11	0	0	17	0	0	5	0	0	0	0	0	0	0	0	0	0	1	0	0	0	0	0	0	0	0	0	0	0	0	0	0	0	0	0	0	0	0	0	6	0	0	0	0	0	0	0	0	0	0	0	0	0	0	0	0	0	0	0	0	0	0	0	0	0	0	0	0	0	0	0	0	0	0	0	0	0	0	0	0	0	0	0	0	0	0	0	0	0	0	0	0	59	0	0	173	0	0	0	0	0	0	0	0	0	49	2	66	0	0	0	157	0	0	0	0	26	0	0	0	0	0	0	11	0	0	0	0	0	0	0	1	0	0	5	0	0	0	0	0	1	0	0	0	0	0	0	0	0	0	0	0	0	0	0	0	0	0	0	0	0	0	0	0	0	5	0	0	0	0	0	0	0	0	0	0	0	0	0	94	0	0	0	0	0	0	0	0	0	0	0	0	0	0	0	0	0	0	0	0	0	0	80	0	99	0	0	0	0	0	0	0	0	172	0	0	0	0	0	0	0	0	0	0	1	0	0	0	0	0	0	0	0	0	0	0	0	0	0	0	0	0	0	23	0	0	0	0	0	0	0	0	0	0	0	0	0	0	0	0	0	65	0	44	0	0	0	0	0	0	0	0	0	0	0	0	0	0	0	0	0	0	0	0	0	0	0	0	0	0	0	0	0	0	0	0	0	35	0	0	0	0	0	0	0	0	0	0	0	0	0	0	0	0	0	47	0	0	0	0	0	0	0	0	0	0	0	0	0	0	0	0	0	0	0	0	0	0	0	0	1	0	0	0	0	0	0	0	0	0	0	4	0	0	0	0	59	0	0	0	0	0	0	0	0	0	0	111	0	0	0	0	0
8	0	0	0	0	0	0	0	0	0	0	0	0	0	0	0	0	0	0	0	0	0	0	0	0	0	0	0	0	0	0	0	0	0	0	0	0	0	0	0	0	0	0	0	0	0	0	0	0	0	0	0	0	0	0	0	0	0	0	0	0	0	0	0	0	0	0	0	0	0	0	0	0	0	0	0	0	0	0	0	0	0	0	0	0	0	0	0	0	0	0	0	0	16	0	0	0	0	0	0	0	0	0	0	0	0	0	0	0	0	0	0	0	0	0	0	0	0	0	0	0	0	0	0	0	0	1	0	0	0	0	0	0	0	0	0	0	0	0	0	0	0	0	0	0	0	0	0	0	0	0	0	0	0	0	0	0	0	0	0	0	0	0	0	0	0	0	0	18	0	0	0	0	0	0	0	0	0	0	0	0	0	0	0	0	0	0	0	0	0	0	0	0	0	0	0	0	0	0	0	0	0	0	0	0	0	0	0	0	0	0	0	0	2	0	20	0	0	0	0	63	0	0	0	0	0	0	0	0	0	0	0	0	0	0	0	0	0	0	0	0	0	0	0	0	0	0	0	0	0	0	0	0	0	0	0	8	0	0	0	0	0	0	0	0	0	0	2	0	0	6	0	0	0	0	0	0	0	0	0	0	0	0	0	0	0	0	0	0	134	0	0	0	0	0	0	0	0	0	0	0	0	0	0	0	0	0	0	0	0	0	0	0	0	0	0	0	0	0	0	48	0	0	38	0	0	0	0	0	20	0	0	0	24	0	105	0	0	0	0	0	0	0	0	115	0	0	0	0	0	0	47	0	0	0	0	0	0	0	10	0	0	196	0	0	0	0	0	0	0	0	0	0	6	0	0	0	0	0	0	0	0	0	0	0	0	0	0	0	0	0	0	0	0	0	0	0	0	0	0	0	0	0	0	0	0	0	107	0	0	0	0	0	0	0	0	0	0	2	0	0	0	0	0	0	0	0	0	0	0	164	0	111	0	0	0	0	4	0	0	0	143	0	0	0	0	0	0	0	0	0	0	0	0	0	0	0	0	0	0	0	0	0	0	0	0	0	0	0	0	0	112	0	0	0	0	0	0	0	0	0	0	0	0	0	0	0	0	0	73	0	34	0	0	0	0	0	0	0	0	0	0	0	0	0	0	0	0	0	0	0	0	0	0	0	0	0	0	0	0	0	0	0	0	0	126	0	0	0	0	0	0	0	0	0	0	0	0	0	0	0	0	0	132	0	0	0	0	0	0	0	0	0	0	0	0	0	0	0	0	0	0	0	0	0	0	0	0	0	0	0	0	0	0	0	0	0	0	0	0	0	0	0	0	159	0	0	0	0	0	0	0	0	0	0	94	0	0	0	0	0
9	0	0	0	0	0	0	0	0	0	0	0	0	0	0	0	0	0	0	0	0	0	0	0	0	0	0	0	0	0	0	0	0	0	0	0	0	0	0	0	0	0	0	0	0	0	0	0	0	0	0	0	0	0	0	0	0	0	0	0	0	0	0	0	0	0	0	0	0	0	0	0	0	0	0	0	0	0	0	0	0	0	0	0	0	0	0	0	0	0	0	0	0	0	0	0	0	0	0	0	0	0	0	0	0	0	0	0	0	0	0	0	0	0	0	0	0	0	0	0	0	0	33	0	0	0	0	0	0	0	0	0	0	0	0	0	0	0	0	7	0	0	0	0	0	0	0	0	0	0	0	0	0	0	0	0	0	0	0	0	0	0	0	0	0	0	94	0	0	0	0	0	0	0	0	0	0	0	0	0	0	0	0	0	0	0	0	0	0	0	0	0	0	0	0	0	0	0	0	0	0	0	0	0	0	0	0	0	0	0	0	28	0	0	0	0	0	0	0	0	0	0	0	0	0	0	10	0	0	0	0	0	0	0	0	0	0	0	0	0	0	0	0	0	0	1	79	0	0	0	0	0	0	0	0	0	7	0	0	0	0	0	0	0	0	0	0	5	0	0	0	0	0	16	0	0	9	0	0	12	0	0	0	0	0	0	0	0	0	8	0	0	0	0	0	0	0	0	0	0	0	0	0	0	0	0	0	0	0	0	0	0	0	0	0	0	0	0	8	0	137	0	0	61	0	1	0	0	0	0	0	0	2	35	0	109	0	0	0	0	0	0	0	0	28	0	0	0	0	0	0	26	0	0	1	0	0	0	0	0	0	0	14	0	0	0	0	0	2	0	0	0	0	0	0	9	0	0	0	0	0	0	0	0	0	0	0	0	0	0	0	0	0	0	0	0	0	1	0	0	0	0	0	0	11	0	0	58	0	0	0	0	0	0	0	0	0	0	0	0	0	0	0	0	0	0	0	0	0	0	60	0	72	0	0	0	0	0	0	0	0	86	0	0	0	0	0	0	0	0	0	0	0	0	0	0	0	0	0	0	0	0	0	0	0	0	0	0	0	0	0	83	0	0	0	0	0	0	0	0	0	0	0	0	0	0	0	15	0	58	0	89	0	0	0	0	0	0	0	0	0	0	0	0	0	0	0	0	0	0	0	0	0	0	0	0	0	0	0	0	0	0	0	0	0	188	0	0	0	0	0	0	0	19	0	0	0	0	0	0	0	0	0	5	0	0	0	0	0	0	0	0	0	0	0	0	0	0	0	0	0	0	0	0	0	0	0	0	0	0	0	0	0	0	0	15	0	0	0	0	0	0	0	0	5	0	0	0	0	0	0	0	0	0	0	53	0	0	0	0	0
10	0	0	0	0	0	0	0	0	0	0	0	0	0	0	0	0	0	0	0	0	0	0	0	0	0	0	0	0	0	0	0	0	0	0	0	0	0	0	0	0	0	0	0	0	0	0	0	0	0	0	0	0	0	0	0	0	0	0	0	0	0	0	0	0	0	0	0	0	0	0	0	0	0	0	0	0	0	0	0	0	0	0	0	0	0	0	0	0	0	0	0	0	0	0	0	0	0	0	0	0	0	0	0	0	0	0	0	0	0	0	0	0	0	0	15	0	0	0	0	0	0	0	0	0	0	0	0	0	0	0	0	0	0	0	0	0	0	0	0	0	0	0	0	0	0	0	0	0	0	0	0	0	0	0	0	0	2	0	0	0	0	0	0	0	0	105	0	0	0	0	0	0	0	0	0	0	0	0	0	0	0	0	0	0	0	0	0	0	0	0	0	0	0	0	0	0	0	0	0	0	0	0	0	0	0	0	0	8	3	0	0	0	0	0	0	0	0	0	0	0	0	0	0	0	0	0	0	0	0	0	0	0	0	0	0	0	0	0	0	0	0	0	0	0	0	0	0	0	0	0	0	0	0	0	0	0	0	0	0	0	0	0	0	0	0	0	0	0	0	0	0	0	0	0	0	0	0	0	0	0	0	0	0	0	0	0	0	0	0	0	0	0	0	0	0	0	0	0	0	0	0	0	0	0	0	0	0	0	0	0	0	0	0	0	0	0	0	2	0	21	0	0	23	0	0	0	0	0	0	0	0	0	17	11	86	0	0	0	0	0	0	0	0	40	0	0	0	0	0	0	83	0	0	0	0	0	5	0	16	0	0	27	0	0	0	0	1	0	0	0	0	0	0	0	0	0	36	0	0	0	0	0	0	0	0	0	0	0	0	0	0	0	0	0	0	0	0	0	0	0	0	0	0	0	0	0	167	0	0	0	0	0	0	0	0	0	0	0	1	0	0	0	0	0	0	0	0	0	0	60	0	57	0	0	0	0	0	0	0	0	142	0	0	0	0	0	0	0	0	0	0	0	0	0	0	0	0	0	0	0	0	0	0	0	0	0	0	0	0	0	62	0	0	0	0	0	0	4	0	0	0	0	0	0	0	0	0	0	90	0	61	0	0	0	0	0	0	0	0	0	0	0	0	0	0	0	0	0	0	0	0	0	0	0	0	0	0	0	0	0	0	0	0	39	195	0	0	0	0	0	0	0	0	0	0	0	0	0	0	0	0	0	48	0	0	0	0	0	0	0	0	0	0	0	0	0	0	0	0	0	0	0	0	0	0	0	0	0	0	0	0	0	0	0	0	0	0	0	0	0	0	0	0	27	0	0	0	0	8	0	0	0	0	0	94	0	0	0	0	0
11	0	0	0	0	0	0	0	0	0	0	0	0	0	0	0	0	0	0	0	0	0	0	0	0	0	0	0	0	0	0	0	0	0	0	0	0	0	0	0	0	0	0	0	0	0	0	0	0	0	0	0	0	0	0	0	0	0	0	0	0	0	0	0	0	0	0	0	0	0	0	0	0	0	0	0	0	0	0	0	0	0	0	0	0	0	0	0	0	0	0	0	0	0	0	0	0	0	0	0	0	0	0	0	0	0	0	0	0	0	0	0	0	0	0	0	0	0	0	0	0	0	0	0	0	4	0	0	0	0	0	0	0	0	0	0	0	0	0	0	0	0	0	0	0	0	0	29	0	0	0	0	3	0	0	0	0	0	0	0	0	0	0	0	0	0	0	0	0	0	0	0	0	0	0	0	0	0	0	0	0	0	0	0	0	0	0	0	0	0	0	0	0	0	0	0	0	0	45	0	0	0	0	0	0	0	0	0	0	0	0	0	0	0	20	66	0	0	0	0	14	0	0	0	0	0	0	0	0	0	0	0	0	12	0	0	0	0	0	0	0	0	0	0	0	0	0	0	0	0	0	0	0	0	0	0	0	7	0	0	0	0	0	0	0	0	0	0	0	0	0	0	0	0	0	0	0	41	0	0	0	0	0	0	0	0	0	0	0	0	0	13	0	0	0	0	0	0	0	0	0	0	0	0	0	0	0	0	0	0	0	0	0	0	1	0	0	0	0	0	157	0	0	52	0	0	0	0	0	0	0	0	0	36	0	37	0	0	0	0	0	0	0	0	21	0	0	0	0	0	0	26	0	0	0	0	0	0	0	0	0	0	63	0	0	4	0	0	0	0	0	0	0	0	0	1	0	0	0	0	0	0	0	0	0	0	0	0	0	0	0	0	0	0	0	0	0	0	0	0	0	0	0	0	0	0	0	51	0	0	0	0	0	0	0	0	0	0	0	0	0	0	9	0	0	0	0	0	0	0	34	0	54	0	0	0	0	0	0	0	0	28	0	0	0	0	0	0	0	0	0	0	0	0	0	0	0	0	0	0	0	0	0	0	0	0	0	0	0	0	0	27	0	0	0	0	0	0	0	0	0	0	0	0	0	0	0	0	0	124	0	92	0	0	0	0	0	0	0	0	0	0	0	0	0	0	0	0	0	0	0	0	0	0	0	0	0	0	0	0	0	0	0	0	0	144	0	0	0	0	0	0	0	0	0	0	0	0	0	0	0	0	0	149	0	0	0	0	0	0	0	0	0	0	0	0	0	0	0	0	0	0	0	0	0	0	0	0	0	0	0	0	0	0	0	0	0	0	0	0	0	0	0	0	29	0	0	0	0	0	0	0	0	0	0	111	0	0	0	0	0
12	0	0	0	0	0	0	0	0	0	0	0	0	0	0	0	0	0	0	0	0	0	0	0	0	0	0	0	0	0	0	0	0	0	0	0	0	0	0	0	0	0	0	0	0	0	0	0	0	0	0	0	0	0	0	0	0	0	0	0	0	0	0	0	0	0	0	0	0	0	0	0	0	0	0	0	0	0	0	0	0	0	0	0	0	0	0	0	0	0	0	0	0	0	0	0	0	0	0	0	0	0	0	0	0	0	0	0	0	0	0	0	0	0	0	0	0	0	0	0	0	0	0	0	0	0	0	38	0	0	0	0	0	0	0	0	0	0	0	0	0	0	0	0	0	0	0	0	0	0	0	0	0	0	0	0	0	0	0	0	0	0	0	0	0	0	0	0	0	0	0	0	0	0	0	0	0	0	0	0	0	0	0	0	0	0	0	0	0	0	0	0	0	0	0	0	0	0	0	0	0	0	0	6	0	0	0	0	0	0	0	0	0	0	37	0	0	0	0	0	0	0	0	0	0	0	0	0	0	0	0	0	0	0	1	4	0	0	0	0	0	0	0	0	0	2	0	0	0	0	0	0	0	0	0	0	0	0	0	0	0	0	0	0	0	0	0	0	0	0	0	0	0	0	0	0	0	0	0	0	0	0	0	0	0	0	0	0	0	0	0	0	3	0	0	0	0	0	0	0	0	0	0	0	0	0	0	0	0	0	0	0	0	0	0	0	0	0	0	0	175	0	7	87	0	0	0	0	0	24	0	0	3	98	0	73	0	0	0	0	0	0	0	0	111	0	0	0	0	0	0	135	0	0	0	0	0	0	0	55	0	0	207	0	0	0	0	0	5	0	0	0	0	4	0	0	0	0	0	0	0	0	0	0	0	0	0	0	0	0	0	0	0	0	0	0	0	0	0	0	0	0	0	0	0	0	0	72	0	0	0	2	0	0	0	0	0	0	0	0	0	0	0	0	0	0	0	0	0	0	37	0	107	0	0	0	0	0	0	0	0	27	0	0	0	0	0	0	0	0	0	0	0	0	0	0	0	0	0	0	0	0	0	0	0	0	0	0	0	0	0	11	14	0	0	0	0	0	0	0	0	0	0	0	0	0	0	0	0	24	0	181	0	0	0	0	0	0	0	0	0	0	0	0	0	0	0	0	0	0	0	0	0	0	0	0	0	0	0	0	0	0	0	0	0	41	0	0	0	0	29	0	0	0	0	0	0	0	0	0	0	0	0	130	0	0	0	0	0	0	0	0	0	0	0	0	0	0	0	0	0	0	0	0	0	0	0	0	0	0	0	0	0	0	0	0	0	0	0	0	0	0	0	0	6	0	0	0	0	0	0	0	0	0	0	18	0	0	0	0	0
13	0	0	0	0	0	0	0	0	0	0	0	0	0	0	0	0	0	0	0	0	0	0	0	0	0	0	0	0	0	0	0	0	0	0	0	0	0	0	0	0	0	0	0	0	0	0	0	0	0	0	0	0	0	0	0	0	0	0	0	0	0	0	0	0	0	0	0	0	0	0	0	0	0	0	0	0	0	0	0	0	0	0	0	0	0	0	0	0	0	0	0	0	0	0	0	0	0	0	0	0	0	0	0	0	0	0	0	0	0	0	0	0	0	0	0	0	0	0	0	0	0	0	0	0	0	0	0	0	0	0	0	0	0	0	0	0	0	0	0	0	0	0	0	0	0	0	0	0	0	0	0	0	0	0	0	0	0	0	0	0	0	0	0	0	0	0	0	0	0	0	0	0	0	0	0	0	0	0	0	0	0	0	0	0	0	0	0	0	0	0	0	0	0	0	0	0	0	0	0	0	1	0	0	0	0	0	0	0	0	0	0	0	52	66	0	0	0	0	0	0	0	0	0	0	0	2	0	0	0	0	0	0	0	0	0	0	0	0	0	0	0	0	0	0	1	0	0	0	0	0	0	5	0	0	0	0	0	0	0	0	0	0	0	0	0	0	0	0	0	0	0	0	0	0	0	0	6	0	0	0	0	0	0	0	0	0	0	0	0	0	0	10	0	0	0	0	0	0	0	0	0	0	0	0	0	0	0	0	0	0	0	0	0	0	0	0	0	0	0	119	0	0	111	0	0	0	0	0	0	0	0	0	63	0	48	0	0	0	0	0	0	0	0	77	0	0	0	0	51	0	353	0	0	0	0	0	0	0	0	0	0	139	0	0	0	0	1	0	0	0	0	0	5	0	0	0	0	4	0	0	0	0	0	0	0	0	0	0	0	0	0	0	0	0	0	0	0	1	0	0	0	0	0	0	0	0	172	0	0	0	0	0	0	0	0	0	0	0	0	0	0	0	0	0	0	0	0	0	0	62	0	76	0	0	0	0	0	0	0	0	45	0	0	0	0	0	0	0	0	0	0	0	0	0	0	0	0	0	0	0	0	0	0	0	0	0	0	0	0	0	61	0	0	0	0	0	0	0	0	0	0	0	0	0	0	0	0	0	96	0	107	0	0	0	0	0	0	0	0	0	0	0	0	0	0	0	0	0	0	0	0	0	0	0	0	0	0	0	0	0	0	0	0	0	87	0	0	0	0	0	0	0	0	0	0	0	0	0	0	0	0	0	55	0	0	0	0	0	0	0	0	0	0	0	0	0	0	0	0	0	0	0	0	0	0	0	0	0	0	0	0	0	0	0	0	0	0	0	0	0	0	0	0	54	0	0	0	0	0	0	0	0	0	0	63	0	0	0	0	0
14	0	0	0	0	0	0	0	0	0	0	0	0	0	0	0	0	0	0	0	0	0	0	0	0	0	0	0	0	0	0	0	0	0	0	0	0	0	0	0	0	0	0	0	0	0	0	0	0	0	0	0	0	0	0	0	0	0	0	0	0	0	0	0	0	0	0	0	0	0	0	0	0	0	0	0	0	0	0	0	0	0	0	0	0	0	0	0	0	0	0	0	0	0	0	0	0	0	0	0	0	0	0	0	0	0	0	0	0	0	0	0	0	0	0	0	0	0	0	0	0	0	0	0	0	0	0	0	0	0	0	0	0	0	0	0	0	0	0	0	0	0	0	0	0	0	0	0	0	0	0	0	0	0	0	0	0	0	0	0	0	0	0	0	0	0	0	0	0	0	0	0	0	0	0	0	0	0	0	0	0	0	0	0	0	0	0	0	0	0	0	0	0	0	0	0	0	0	0	0	0	0	0	0	0	0	0	0	0	0	0	0	0	0	0	0	0	0	0	0	14	0	0	0	0	0	0	0	0	0	0	0	0	0	0	0	0	0	0	0	0	0	0	0	0	0	0	0	0	0	0	0	0	0	0	0	8	0	0	0	0	0	0	0	0	0	0	0	0	0	0	6	0	0	0	0	0	0	0	0	0	2	0	0	0	0	0	0	0	22	0	0	0	0	0	0	0	0	0	0	0	0	0	0	0	0	0	0	0	0	0	0	0	0	0	0	0	0	14	0	45	0	0	22	0	0	0	21	0	0	0	0	0	46	45	217	0	0	0	0	0	0	0	0	336	0	0	0	0	0	0	54	0	0	0	4	0	0	0	8	0	0	33	0	0	0	0	0	0	0	0	0	0	0	0	0	0	0	8	0	0	0	0	0	0	0	0	0	0	0	0	0	0	0	0	0	0	0	0	0	0	0	0	0	0	0	0	152	0	0	0	0	0	0	0	0	0	0	0	0	0	0	0	0	0	0	0	0	0	0	19	0	104	0	0	0	0	0	0	0	0	71	0	0	0	0	0	0	0	0	0	0	0	0	0	0	0	0	0	0	0	0	0	0	0	0	0	0	0	0	0	32	0	0	0	0	0	0	0	0	0	0	0	0	0	0	0	0	0	57	0	87	0	0	0	0	0	0	0	0	0	0	0	0	0	0	0	0	0	0	0	0	0	0	0	0	0	0	0	0	0	0	0	0	0	109	0	0	0	0	0	0	0	0	0	0	0	0	0	0	0	0	0	35	0	0	0	0	0	0	0	0	0	0	0	0	0	0	0	0	0	0	0	0	0	0	0	0	0	0	0	0	0	0	0	0	0	0	0	4	0	0	0	0	74	0	0	0	0	0	0	0	0	0	0	46	0	0	0	0	0
15	0	0	0	0	0	0	0	0	0	0	0	0	0	0	0	0	0	0	0	0	0	0	0	0	0	0	0	0	0	0	0	0	0	0	0	0	0	0	0	0	0	0	0	0	0	0	0	0	0	0	0	0	0	0	0	0	0	0	0	0	0	0	0	0	0	0	0	0	0	0	0	0	0	0	0	0	0	0	0	0	0	0	0	0	0	0	0	0	0	0	0	0	0	0	0	5	0	0	0	0	0	0	0	0	0	0	0	0	0	0	0	0	0	0	0	0	0	0	0	0	0	123	0	0	0	0	0	0	0	0	0	0	0	0	0	0	0	0	0	0	0	0	18	0	0	0	0	0	0	0	0	0	0	0	0	0	0	0	0	0	0	0	0	0	0	0	0	0	0	0	0	0	0	0	0	0	0	0	0	0	0	0	0	0	0	0	0	0	0	0	0	0	0	0	0	0	0	0	0	0	21	0	0	0	0	0	0	0	0	0	0	0	0	0	0	0	0	0	0	0	0	0	0	0	0	0	0	0	0	0	0	0	0	0	0	0	0	0	0	0	0	0	0	0	0	0	0	0	69	0	0	0	0	0	0	0	0	0	0	0	0	0	0	0	0	0	0	0	0	0	19	0	0	0	0	0	0	0	0	0	0	0	0	0	0	0	0	0	0	0	0	0	0	0	0	0	0	0	0	0	0	0	0	0	0	0	0	0	1	0	0	0	0	0	0	0	0	0	0	96	0	0	156	0	0	0	0	0	0	0	0	0	94	0	91	0	0	0	0	0	0	0	0	58	3	0	0	0	0	0	93	0	0	0	0	0	0	0	150	0	0	19	0	0	0	0	0	0	0	0	0	0	0	0	0	0	0	0	0	0	0	0	0	0	0	0	0	0	11	0	0	0	0	0	0	0	0	0	0	0	0	0	0	0	0	0	60	0	0	0	0	0	0	0	0	0	0	0	0	0	0	0	0	0	0	0	0	0	0	161	0	20	0	0	0	0	0	0	0	0	206	0	0	0	0	0	0	0	0	0	0	0	0	0	0	0	0	0	0	0	0	0	0	0	0	0	0	0	0	0	181	0	0	0	0	0	0	0	0	0	0	0	0	0	0	0	0	0	64	0	88	0	0	0	0	0	0	0	0	0	0	0	0	0	0	0	0	0	0	0	0	0	0	0	0	0	0	0	0	0	0	0	0	0	22	0	0	0	0	0	0	0	0	0	0	0	0	0	0	0	0	0	141	0	0	0	0	0	0	0	0	0	0	0	0	0	0	0	0	0	0	0	0	0	0	0	0	0	0	0	0	0	0	0	0	0	0	0	0	0	0	0	0	114	0	0	0	0	0	0	0	0	0	0	290	0	0	0	0	0
16	0	0	0	0	0	0	0	0	0	0	0	0	0	0	0	0	0	0	0	0	0	0	0	0	0	0	0	0	0	0	0	0	0	0	0	0	0	0	0	0	0	0	0	0	0	0	0	0	0	0	0	0	0	0	0	0	0	0	0	0	0	0	0	0	0	0	0	0	0	0	0	0	0	0	0	0	0	0	0	0	0	0	0	0	0	0	0	0	0	0	0	0	0	0	0	0	0	0	0	0	0	4	0	0	0	0	0	0	0	0	0	0	0	0	0	0	0	0	0	0	0	0	0	0	0	0	0	0	0	0	50	0	0	0	0	0	0	0	0	0	0	0	0	0	0	0	0	0	14	0	0	0	0	0	0	0	0	0	0	0	0	0	0	0	0	0	0	0	0	0	0	0	0	0	0	0	0	0	0	0	0	0	0	0	0	0	0	0	0	0	0	0	0	0	0	0	0	0	0	0	0	0	0	0	0	0	0	0	3	0	0	0	0	0	0	0	0	0	0	0	0	0	0	0	11	0	0	0	0	0	0	0	0	0	0	0	0	0	0	0	0	0	0	0	0	0	0	0	0	0	0	0	0	0	0	0	0	0	0	0	0	16	0	0	0	0	0	0	0	0	14	0	0	0	0	0	0	0	0	0	0	0	0	0	0	0	0	0	0	0	0	11	0	0	0	0	0	0	0	0	0	0	0	0	0	0	0	88	0	0	0	0	0	0	0	0	0	0	0	83	0	0	76	0	0	0	0	0	0	0	0	0	71	0	122	0	1	0	0	0	0	0	0	1	0	0	0	0	0	0	89	2	0	0	0	0	0	0	130	0	0	27	0	0	0	0	0	0	0	0	0	0	2	0	0	0	0	0	0	0	0	0	0	0	0	0	0	0	0	0	0	0	0	0	0	0	0	0	0	0	0	0	0	0	0	0	133	0	0	0	0	0	0	0	0	0	0	0	0	0	0	0	0	0	0	0	0	0	0	33	0	49	0	0	0	0	0	0	0	0	68	0	0	0	0	0	0	0	0	0	0	0	0	0	0	0	0	0	0	0	0	0	0	0	0	0	0	0	0	0	47	0	0	0	0	0	0	0	0	0	0	0	0	0	0	0	0	0	67	0	98	0	0	0	0	0	0	0	0	0	0	0	0	0	0	0	0	0	0	0	0	0	0	0	0	0	0	0	0	0	0	0	0	0	156	0	0	0	0	0	0	0	0	0	0	0	0	0	0	0	0	0	98	0	0	0	0	0	0	0	0	0	0	0	0	0	0	0	0	0	0	0	0	0	0	0	0	0	0	0	0	0	0	0	0	0	0	0	0	0	0	0	0	103	0	0	0	0	0	0	0	0	0	0	48	0	0	0	0	0
17	0	0	0	0	0	0	0	0	0	0	0	0	0	0	0	0	0	0	0	0	0	0	0	0	0	0	0	0	0	0	0	0	0	0	0	0	0	0	0	0	0	0	0	0	0	0	0	0	0	0	0	0	0	0	0	0	0	0	0	0	0	0	0	0	0	0	0	0	0	0	0	0	0	0	0	0	0	0	0	0	0	0	0	0	0	0	0	0	0	0	0	0	0	0	0	0	0	0	0	0	0	28	0	0	0	0	0	0	0	0	0	0	0	0	0	0	0	0	0	0	0	0	0	0	0	0	0	0	0	0	0	0	0	0	0	0	0	0	0	0	0	0	0	0	0	0	0	0	0	0	0	0	0	0	0	0	0	0	0	0	0	0	0	0	0	0	0	0	0	0	0	0	0	0	0	0	0	0	0	0	0	0	0	0	0	0	0	0	0	0	0	0	0	0	0	0	0	0	0	0	0	0	0	0	0	0	0	0	0	0	0	0	0	0	0	0	0	0	24	0	0	0	0	0	0	0	0	0	0	0	0	0	0	35	0	0	0	0	0	0	0	0	6	0	0	0	0	0	0	0	0	0	0	0	0	2	0	0	0	0	0	0	0	0	0	0	0	0	0	0	0	0	16	0	0	0	0	0	0	0	0	0	0	0	0	0	0	14	0	0	0	0	0	0	0	0	0	0	0	0	0	0	0	0	0	0	0	0	0	0	0	0	0	0	0	0	0	0	0	114	0	0	185	0	0	0	0	0	0	0	0	0	54	0	74	0	4	0	0	0	0	0	7	146	0	0	0	0	13	0	7	0	0	0	0	0	0	0	26	0	0	36	0	0	0	0	0	0	0	0	0	0	0	0	3	0	0	0	0	0	0	0	0	0	0	0	0	0	0	0	0	0	0	0	0	0	0	0	0	0	0	0	0	0	41	0	69	0	0	0	0	0	0	0	0	0	0	0	0	0	0	0	0	0	0	0	0	0	0	117	0	173	0	0	0	0	0	0	0	0	109	0	0	0	0	0	0	0	0	0	0	0	0	0	0	0	0	0	0	0	39	0	0	0	0	0	0	0	0	0	38	0	0	0	0	0	0	0	0	0	0	0	6	0	0	0	0	0	98	0	125	0	0	0	0	0	0	0	0	0	0	0	0	0	0	0	0	0	0	0	0	0	0	0	0	0	0	0	0	0	0	0	0	0	32	0	0	0	0	0	0	0	0	0	0	0	0	0	0	0	0	0	110	0	0	0	0	0	0	0	0	0	0	0	0	0	0	0	0	0	0	0	0	0	0	0	0	0	0	0	0	0	0	0	0	0	0	0	0	0	0	0	0	19	0	0	0	0	0	0	0	0	0	0	111	0	0	0	0	0
18	0	0	0	0	0	0	0	0	0	0	0	0	0	0	0	0	0	0	0	0	0	0	0	0	0	0	0	0	0	0	0	0	0	0	0	0	0	0	0	0	0	0	0	0	0	0	0	0	0	0	0	0	0	0	0	0	0	0	0	0	0	0	0	0	0	0	0	0	0	0	0	0	0	0	0	0	0	0	0	0	0	0	0	0	0	0	0	0	0	0	0	0	0	0	0	0	0	0	0	0	0	0	0	0	0	0	0	0	0	0	0	0	0	0	0	0	0	0	0	0	0	0	0	0	0	0	0	0	0	0	0	0	0	0	0	0	0	0	0	0	0	0	0	0	0	0	0	0	5	0	0	0	0	0	0	0	0	0	0	0	0	0	0	0	0	0	0	0	0	0	0	0	0	0	0	0	0	0	0	0	0	0	0	0	0	0	0	0	0	0	0	0	0	0	0	0	0	0	0	0	9	0	0	0	0	0	0	0	30	0	0	0	0	0	0	0	0	0	0	0	0	0	0	0	0	0	0	0	0	0	0	0	0	0	0	0	0	0	0	0	0	0	0	0	0	0	0	0	0	0	0	0	0	0	0	2	0	0	0	0	0	0	0	0	0	0	14	0	0	0	0	0	0	0	0	0	0	0	10	0	0	0	0	0	0	0	0	18	0	0	0	0	0	0	0	0	0	0	0	0	0	0	0	0	0	0	0	0	0	0	0	0	0	0	0	0	0	1	0	101	0	0	52	0	0	37	0	0	0	0	0	0	28	4	9	0	0	0	0	0	0	0	0	57	0	0	0	0	0	0	49	0	0	0	0	0	0	0	0	0	0	61	0	0	0	0	0	0	0	0	0	0	0	0	1	0	0	0	0	0	0	0	1	0	0	0	0	0	0	0	0	0	0	0	0	0	0	0	0	0	0	0	0	0	0	0	69	0	0	0	0	0	0	0	0	0	0	0	0	0	0	0	0	0	0	0	0	0	0	173	0	74	0	0	0	0	0	0	0	0	59	0	0	0	0	0	0	0	0	0	0	0	0	0	0	0	0	0	0	0	0	0	0	0	0	0	0	0	0	0	42	0	0	0	0	0	0	0	0	0	0	0	73	0	0	0	0	0	145	0	144	0	0	0	0	0	0	0	0	0	0	0	0	0	0	0	0	0	0	0	0	0	0	0	0	0	0	0	0	0	0	0	0	0	74	0	0	0	0	0	0	0	0	0	0	0	0	0	0	0	0	0	124	0	0	0	0	0	0	0	0	0	0	0	0	0	0	0	0	0	0	0	0	0	0	0	0	0	0	0	0	0	0	0	0	0	0	0	0	0	0	0	0	54	0	0	0	0	0	0	0	0	0	0	38	0	0	0	0	0
19	0	0	0	0	0	0	0	0	0	0	0	0	0	0	0	0	0	0	0	0	0	0	0	0	0	0	0	0	0	0	0	0	0	0	0	0	0	0	0	0	0	0	0	0	0	0	0	0	0	0	0	0	0	0	0	0	0	0	0	0	0	0	0	0	0	0	0	0	0	0	0	0	0	0	0	0	0	0	0	0	0	0	0	0	0	0	0	0	0	0	0	0	0	0	0	0	0	0	0	0	0	0	0	0	0	0	0	0	0	0	0	0	0	0	0	0	0	0	0	0	0	0	0	0	0	0	0	0	0	0	0	0	0	0	0	0	0	0	0	0	0	0	0	0	0	0	0	0	0	0	0	0	0	0	0	0	0	0	0	0	0	0	0	0	0	0	0	0	0	0	0	0	0	0	0	0	0	0	0	0	0	0	0	0	0	0	0	0	0	0	0	0	0	0	0	0	0	0	0	0	0	0	0	0	0	0	0	0	0	0	0	0	0	0	0	0	0	0	0	7	0	0	0	0	0	0	0	7	0	0	0	0	0	3	0	0	0	0	0	0	0	0	0	0	0	0	0	0	0	0	0	0	0	0	0	0	0	0	0	0	0	0	0	0	0	0	0	0	0	0	0	0	15	0	0	0	25	0	0	0	0	0	4	0	0	0	0	0	0	0	0	0	0	0	0	0	0	0	0	0	0	0	0	0	0	0	0	0	0	0	0	0	0	0	0	0	0	0	0	140	0	0	74	0	0	0	0	0	0	0	0	0	38	0	42	0	0	0	0	0	0	0	0	1	0	0	0	1	0	0	115	0	0	0	0	0	0	0	27	0	0	62	0	0	0	0	0	0	0	0	0	0	0	0	0	0	0	0	0	0	0	0	0	0	0	0	0	0	0	0	0	0	0	0	0	0	0	0	0	0	0	0	0	0	0	0	324	6	0	0	0	0	0	0	0	0	0	0	0	0	0	0	0	0	0	0	0	0	0	28	0	7	0	0	0	0	0	0	0	0	14	0	0	0	9	0	0	0	0	0	0	0	0	0	0	0	0	0	0	0	0	0	0	0	0	0	0	0	0	0	73	0	0	0	0	0	0	0	0	0	0	0	0	0	0	0	0	0	75	0	44	0	0	0	0	0	0	0	0	0	0	0	0	0	0	0	0	0	0	0	0	0	0	0	0	0	0	0	0	0	0	0	0	0	81	0	0	0	0	0	36	0	0	0	0	0	0	0	0	0	0	0	89	0	0	0	0	0	0	0	0	0	0	0	0	0	0	0	0	0	0	0	0	0	0	0	0	0	0	0	0	0	0	0	0	0	0	0	0	0	0	0	0	33	0	0	0	0	0	0	0	0	0	0	48	0	0	0	0	0
20	0	0	0	0	0	0	0	0	0	0	0	0	0	0	0	0	0	0	0	0	0	0	0	0	0	0	0	0	0	0	0	0	0	0	0	0	0	0	0	0	0	0	0	0	0	0	0	0	0	0	0	0	0	0	0	0	0	0	0	0	0	0	0	0	0	0	0	0	0	0	0	0	0	0	0	0	0	0	0	0	0	0	0	0	0	0	0	0	0	0	0	0	0	0	0	0	0	0	0	0	0	0	0	0	0	0	0	0	0	0	0	0	0	0	0	0	0	0	0	0	0	0	0	0	0	0	0	0	0	0	0	0	0	0	0	0	0	0	0	0	0	0	0	0	0	0	0	0	0	0	0	0	0	0	0	0	0	0	0	0	0	0	0	0	0	0	0	0	0	0	0	0	0	0	0	0	0	0	0	0	0	0	0	0	0	0	0	0	0	0	0	0	0	0	0	0	0	0	0	0	0	0	59	0	0	0	0	0	0	0	0	0	0	0	0	0	5	0	0	0	0	0	0	0	0	0	0	0	0	0	0	0	0	0	0	0	0	0	0	0	0	0	0	0	0	0	0	0	0	0	0	0	0	0	0	0	0	0	0	0	0	0	0	3	0	0	0	0	0	0	0	0	0	0	0	0	2	0	0	0	0	0	0	0	0	0	0	0	0	0	0	25	0	0	0	0	0	0	0	0	0	0	0	0	0	0	0	0	0	0	0	0	0	0	0	0	0	0	0	67	0	0	38	0	0	0	0	0	0	0	0	0	99	34	71	0	0	0	0	0	0	0	0	30	0	0	0	0	0	0	167	0	0	0	0	0	0	0	107	0	0	318	1	0	0	0	0	0	0	1	0	0	12	0	0	0	0	0	0	0	0	0	0	0	0	0	0	0	0	0	0	0	0	0	0	0	0	0	0	0	0	0	0	0	0	0	234	0	0	0	0	0	0	0	0	0	0	0	0	0	0	0	0	0	0	0	0	0	0	305	0	95	0	0	0	0	0	0	1	0	64	0	0	0	0	0	0	0	0	0	0	0	0	0	0	0	0	0	0	0	0	0	0	0	0	0	0	0	0	0	164	0	0	0	0	0	0	0	0	0	0	0	0	0	0	0	0	0	39	0	198	0	0	0	0	0	0	0	0	0	0	0	0	0	0	0	0	0	0	0	0	0	0	0	0	0	0	0	0	0	0	0	0	0	94	0	0	0	0	0	0	0	0	0	0	0	0	0	0	0	0	0	82	0	0	0	0	0	0	0	0	0	0	0	0	0	0	0	0	0	0	0	0	0	0	0	0	0	0	0	0	0	0	0	0	0	0	0	0	0	0	0	0	94	0	0	0	0	0	0	0	0	0	0	258	0	0	0	0	0
21	0	0	0	0	0	0	0	0	0	0	0	0	0	0	0	0	0	0	0	0	0	0	0	0	0	0	0	5	0	0	0	0	0	0	0	0	0	0	0	0	0	0	0	0	0	0	0	0	0	0	0	0	0	0	0	0	0	0	0	0	0	0	0	0	0	0	0	0	0	0	0	0	0	0	0	0	0	0	0	0	0	0	0	0	0	0	0	0	0	0	0	0	0	0	0	0	0	0	0	0	0	0	0	0	0	0	0	0	0	0	0	0	0	0	0	0	0	0	0	0	0	0	0	0	0	0	0	0	0	0	0	0	0	0	0	0	0	0	0	0	0	0	19	0	0	0	0	0	0	0	0	0	0	0	17	0	0	0	0	0	0	0	0	0	0	0	0	0	0	0	0	0	0	0	0	0	0	0	0	0	0	0	0	0	0	0	0	0	0	0	0	0	0	0	0	0	0	0	0	0	2	0	0	0	0	0	0	0	0	0	0	0	0	0	0	0	0	0	0	0	0	0	0	0	0	0	0	0	0	0	0	0	0	0	0	0	0	8	0	0	0	0	0	0	0	0	0	0	0	0	0	0	0	0	0	0	0	0	0	9	0	0	0	0	0	0	22	0	0	0	0	0	0	0	0	0	0	0	0	0	7	0	0	0	0	0	0	0	0	0	0	0	0	0	0	0	0	0	0	0	0	0	0	0	0	0	0	0	0	0	0	0	0	0	0	0	0	0	0	67	0	0	361	0	0	0	0	0	0	0	0	0	107	37	136	0	57	0	0	0	0	0	0	56	0	0	0	0	0	0	24	0	0	0	0	0	0	0	0	0	0	235	0	0	0	0	0	0	0	0	0	0	0	0	0	1	0	0	0	0	0	0	0	0	0	0	0	0	0	0	0	0	0	0	0	0	0	0	1	0	0	0	0	0	0	0	117	0	0	0	0	0	0	0	0	0	0	0	0	0	0	0	0	0	0	0	0	0	0	34	0	123	0	0	0	0	0	0	0	0	220	0	0	0	0	0	0	0	0	0	0	0	0	0	0	0	0	0	0	0	0	0	0	0	0	0	0	0	0	0	43	0	2	0	0	0	0	0	0	8	0	0	0	0	0	0	0	0	111	0	53	0	0	0	0	0	0	0	0	0	0	0	0	0	0	0	0	0	0	0	0	0	0	0	0	0	0	0	0	0	0	1	0	0	77	0	0	0	0	0	0	0	0	0	0	0	0	0	0	0	0	0	114	0	0	0	0	0	0	0	0	0	0	0	0	0	0	0	0	0	2	0	0	0	0	0	0	0	0	0	0	0	0	0	0	0	0	0	0	0	0	0	0	31	0	0	0	0	0	0	0	0	0	0	76	0	0	0	0	0
22	0	0	0	0	0	0	0	0	0	0	0	0	0	0	0	0	0	0	0	0	0	0	0	0	0	0	0	0	0	0	0	0	0	0	0	0	0	0	0	0	0	0	0	0	0	0	0	0	0	0	0	0	0	0	0	0	0	0	0	0	0	0	0	0	0	0	0	0	0	0	0	0	0	0	0	0	0	0	0	0	0	0	0	0	0	0	0	0	0	0	0	0	0	0	0	0	0	0	0	0	0	42	0	0	0	0	0	0	0	0	0	0	0	0	0	0	0	0	0	0	0	0	0	0	0	0	0	0	0	0	0	0	0	0	0	0	0	0	0	0	0	0	0	0	0	0	0	0	0	0	0	0	0	0	0	0	0	0	0	0	0	0	0	0	0	38	0	0	0	0	0	0	0	0	0	0	0	0	0	0	0	0	0	0	0	0	0	0	0	0	0	0	0	0	0	0	0	0	0	0	68	0	0	0	0	0	0	0	0	0	0	0	0	0	0	0	0	0	0	0	0	0	0	0	0	0	0	0	0	0	0	0	0	0	0	0	0	40	0	0	0	0	0	0	0	0	0	0	0	0	0	0	0	0	0	0	0	0	0	0	0	0	0	0	0	0	0	0	0	0	0	0	0	0	0	0	0	0	0	0	0	0	0	0	0	0	0	0	0	0	0	19	0	0	0	0	0	0	35	0	0	0	0	0	0	0	0	0	0	0	0	0	0	0	0	0	0	0	0	51	0	0	211	0	0	0	0	0	0	0	0	0	17	0	224	0	0	0	0	0	0	0	0	84	0	0	0	2	0	0	61	0	0	0	0	0	0	0	108	0	0	171	0	0	0	0	0	0	0	0	0	0	0	0	0	0	0	0	0	0	0	0	0	0	0	0	0	0	0	0	0	0	0	0	0	0	0	0	0	0	0	0	0	0	0	0	25	0	0	0	0	0	0	0	0	0	0	0	0	0	0	0	0	0	0	0	0	0	0	68	0	132	0	0	0	0	0	0	0	0	78	0	0	0	0	0	0	0	0	0	0	0	0	0	0	0	0	0	0	0	0	0	0	0	0	0	0	0	1	0	46	0	0	0	0	0	0	0	0	0	0	0	0	0	0	0	0	0	100	0	275	0	0	0	0	0	0	0	0	0	0	0	0	0	0	13	0	0	0	0	0	0	0	0	0	0	0	0	0	0	0	0	0	0	50	0	0	0	0	0	0	0	0	0	0	0	0	0	1	0	0	0	50	0	0	0	0	0	0	0	0	0	0	0	0	0	0	0	0	0	0	0	0	0	0	0	0	0	0	0	0	0	0	0	0	0	0	0	0	0	0	0	0	92	0	0	0	0	0	0	0	0	0	0	40	0	0	0	0	0
23	0	0	0	0	0	0	0	0	0	0	0	0	0	0	0	0	0	0	0	0	0	0	0	0	0	0	0	0	0	0	0	0	0	0	0	0	0	0	0	0	0	0	0	0	0	0	0	0	0	0	0	0	0	0	0	0	0	0	0	0	0	0	0	0	0	0	0	0	0	0	0	64	0	0	0	0	0	0	0	0	0	0	0	0	0	0	0	0	0	0	0	0	0	0	0	0	0	0	0	0	0	0	0	0	0	0	0	0	0	0	0	0	0	0	0	0	0	0	0	0	0	0	0	0	0	0	0	0	0	0	0	0	0	0	0	0	0	0	0	0	0	0	0	0	0	0	0	0	0	0	0	60	0	0	0	0	0	2	0	0	0	0	0	0	0	0	0	0	0	0	0	0	0	0	0	0	0	50	0	0	0	0	0	0	0	0	0	0	0	0	0	0	0	0	0	0	0	0	0	0	0	0	0	0	4	0	11	0	0	0	0	0	0	0	0	0	0	0	0	0	0	0	0	0	0	0	0	10	0	0	0	0	0	0	0	0	0	0	0	0	0	0	0	0	0	0	0	0	0	0	0	0	0	0	0	0	0	0	0	0	0	0	0	0	0	0	0	0	0	0	0	0	0	0	0	0	0	0	0	0	0	0	0	0	0	0	0	0	0	0	0	0	0	0	0	0	0	0	0	0	0	0	0	0	0	0	0	0	0	0	0	0	0	0	0	0	0	0	0	65	0	0	152	0	0	0	0	0	3	0	0	0	0	0	200	0	0	0	0	0	0	0	0	144	0	0	0	0	0	2	123	0	0	0	0	0	0	0	0	0	0	170	0	0	0	0	0	0	0	0	0	0	0	0	0	0	0	0	0	0	0	0	0	0	0	0	0	0	0	0	0	0	0	0	0	0	0	0	0	0	0	0	0	0	0	0	53	0	0	0	0	0	0	0	0	0	0	0	0	0	0	0	0	0	0	0	0	0	0	151	0	190	0	0	0	0	0	0	0	0	136	0	0	0	0	0	0	0	0	0	0	0	0	0	0	0	0	0	0	0	0	0	0	0	0	0	0	0	1	0	156	0	0	0	0	0	0	0	0	0	0	0	0	0	0	0	0	0	207	0	84	0	0	0	0	0	0	0	0	0	0	0	0	0	0	0	0	0	0	0	0	0	0	0	0	0	0	0	0	0	0	0	0	0	7	0	0	0	0	0	0	0	0	0	0	0	0	0	0	0	0	0	314	0	0	0	0	0	0	0	0	0	0	0	0	0	0	0	0	0	0	0	0	0	0	0	0	0	0	0	0	0	0	0	0	0	0	0	0	0	0	0	0	206	0	0	0	0	0	0	0	0	0	0	51	0	0	0	0	0
24	0	0	0	0	0	0	0	0	0	0	0	0	0	0	0	0	0	0	0	0	0	0	0	0	0	0	0	0	0	0	0	0	0	0	0	0	0	0	0	0	0	0	0	0	0	0	0	0	0	0	0	0	0	0	0	0	0	0	0	0	0	0	0	0	0	0	0	0	0	0	0	0	0	0	0	0	0	0	0	0	0	0	0	0	0	0	0	0	0	0	0	0	0	0	0	0	0	0	0	0	0	0	0	0	0	0	0	0	0	0	0	0	0	0	0	0	0	0	0	0	0	0	0	0	0	48	0	0	0	0	0	0	0	0	0	0	0	0	0	0	0	0	0	0	0	0	0	0	0	0	0	0	0	0	0	0	0	0	0	0	0	0	0	0	0	0	0	0	0	0	0	0	153	0	0	0	0	0	0	0	0	0	0	0	0	0	0	0	0	0	0	0	0	0	0	0	0	0	0	0	0	0	0	0	0	0	0	0	0	0	0	0	0	0	0	0	0	0	0	0	0	0	0	0	0	0	0	0	0	0	0	0	0	0	0	0	0	0	0	0	0	0	0	0	0	0	0	0	0	3	0	0	0	0	0	0	0	0	0	0	0	0	0	0	0	0	0	0	0	0	0	0	0	0	0	0	82	0	0	0	0	0	0	0	0	0	0	10	0	0	0	0	0	0	0	0	0	0	0	0	0	0	0	0	0	0	0	0	0	0	0	0	0	0	0	0	0	0	0	205	0	0	169	0	0	0	0	0	0	0	0	0	15	0	46	0	0	0	0	0	0	0	0	126	0	0	0	0	0	0	105	0	0	0	0	0	0	0	51	0	0	72	25	0	0	0	0	0	0	0	0	0	2	0	0	0	0	0	0	0	0	0	0	0	0	0	0	0	0	0	0	0	0	0	0	0	0	0	0	0	0	0	0	0	0	0	68	0	0	0	0	0	0	0	0	0	0	0	0	0	0	0	0	0	0	0	0	0	0	25	0	25	0	0	0	0	0	0	0	0	172	0	0	0	0	0	0	0	1	0	0	0	0	0	0	0	0	0	0	0	1	0	0	0	0	0	0	0	0	0	176	0	0	0	0	0	0	0	0	0	0	0	0	0	0	0	0	0	35	0	136	0	0	0	0	1	0	0	0	0	0	0	0	0	0	0	0	0	0	0	0	0	0	0	0	0	1	0	0	0	0	0	0	0	341	0	0	0	0	0	0	0	0	0	0	0	0	0	0	0	0	0	28	0	0	0	0	0	0	0	0	0	0	0	0	0	0	0	0	0	0	0	0	0	0	0	0	0	0	0	0	0	0	0	0	0	0	0	0	0	0	0	0	220	0	1	0	0	0	0	0	0	0	0	45	0	0	0	0	0
25	0	0	0	0	0	0	0	0	0	0	0	0	0	0	0	0	0	0	0	0	0	0	0	0	0	0	0	0	0	0	0	0	0	0	0	0	0	0	0	0	0	0	0	0	0	0	0	0	0	0	0	0	0	0	0	0	0	0	0	0	0	0	0	0	0	0	0	0	0	0	0	0	0	0	0	0	0	0	0	0	0	0	0	0	0	0	0	0	0	0	0	0	0	0	0	0	0	0	0	0	0	0	0	0	0	0	0	0	0	0	0	0	0	0	0	0	0	0	0	0	0	0	0	0	0	0	11	0	0	0	0	0	0	0	90	0	0	0	0	0	0	0	0	0	0	0	0	0	0	0	0	39	0	0	0	0	0	0	0	0	0	0	0	0	0	0	0	0	0	0	0	0	0	0	0	0	0	0	0	0	0	0	0	0	0	0	0	0	0	0	0	0	0	0	0	0	0	0	0	0	0	0	0	0	0	0	0	0	0	0	0	0	0	119	0	0	0	0	0	1	0	0	0	0	45	0	0	0	0	0	0	0	22	0	0	0	50	5	0	0	0	0	0	0	0	0	0	0	0	0	0	0	0	0	0	0	0	0	0	0	0	0	0	0	0	0	0	0	0	0	0	0	0	0	0	0	3	0	0	0	1	0	0	0	0	0	0	0	0	0	0	0	0	0	0	0	0	0	0	0	0	0	0	0	0	0	0	0	0	0	0	0	0	0	0	0	0	0	0	12	0	0	33	0	0	0	0	0	0	0	0	0	244	0	95	0	0	0	0	0	0	0	0	8	0	0	0	0	0	0	18	0	0	0	0	0	0	0	25	0	0	155	0	1	0	0	0	0	0	0	0	0	0	0	1	0	0	0	0	0	0	0	0	0	0	0	0	0	0	0	0	0	0	0	0	0	5	0	9	0	0	0	0	0	0	0	118	0	0	0	0	0	0	0	0	0	0	0	0	0	0	0	0	0	0	0	0	0	0	43	0	109	0	0	0	0	0	0	0	0	342	0	0	0	0	0	0	0	0	0	0	0	0	0	0	17	0	0	0	0	0	0	0	0	0	0	0	0	0	0	39	0	0	0	0	0	0	0	0	0	0	0	0	0	0	0	0	0	142	0	92	0	0	0	0	0	0	0	0	0	0	0	0	0	0	0	0	0	0	0	0	0	0	0	0	0	0	0	0	0	0	0	0	0	68	0	0	0	0	0	0	0	0	0	0	0	0	0	0	0	0	0	83	0	0	0	0	0	0	0	0	0	0	0	0	0	0	0	0	0	0	0	0	0	4	0	0	0	0	0	0	0	0	0	0	0	0	0	2	0	0	0	0	135	0	0	0	0	0	0	0	0	0	0	13	0	0	0	0	0
26	0	0	0	0	0	0	0	0	0	0	0	0	0	0	0	0	0	0	11	0	12	0	0	0	0	0	0	0	0	0	0	0	0	0	0	0	0	0	0	0	0	0	0	0	0	0	0	0	0	0	0	0	0	0	0	0	0	0	0	0	0	0	0	0	0	0	0	0	0	0	0	0	0	9	0	0	0	0	0	3	34	0	0	0	0	0	0	0	0	0	0	0	0	0	0	0	0	0	0	0	47	158	85	116	2	19	212	36	65	100	64	50	107	72	25	26	81	102	90	121	57	68	49	7	275	92	139	41	2	92	66	18	28	126	156	40	45	59	138	0	120	524	15	360	40	33	25	131	23	42	77	99	59	5	26	103	9	0	246	86	1	80	93	167	59	52	156	39	264	44	51	6	29	19	72	80	120	29	99	79	17	45	44	9	38	26	71	22	77	49	176	178	90	169	21	213	63	14	93	48	165	149	85	119	103	60	68	45	45	42	110	81	231	66	19	95	237	68	42	4	200	199	68	146	47	117	87	385	109	47	80	185	109	129	11	17	122	16	45	126	18	40	60	51	209	43	122	108	106	37	79	72	125	118	53	12	100	121	105	97	214	39	8	40	99	262	209	19	167	4	128	146	72	24	152	169	238	38	94	61	131	5	82	87	53	221	118	26	10	127	195	86	44	94	44	37	14	114	145	89	85	67	137	84	48	4	56	129	89	104	47	183	41	51	115	74	46	103	36	144	20	89	52	132	43	6	196	92	187	84	55	203	65	67	113	153	27	40	86	54	199	137	22	190	269	149	105	82	15	102	77	277	88	40	49	15	91	79	70	90	122	61	27	233	28	68	62	53	28	111	70	142	47	28	27	229	18	72	145	34	116	98	30	118	114	46	159	26	94	35	88	100	275	103	45	244	5	234	110	354	107	62	51	196	120	72	85	55	204	20	229	155	35	193	135	55	29	132	63	62	177	106	111	45	80	87	60	246	31	77	24	94	129	67	68	129	81	129	20	62	170	68	256	50	110	31	123	46	209	127	124	46	69	29	115	118	63	54	95	72	60	49	23	59	228	92	33	26	157	73	62	81	80	206	38	42	102	140	135	93	103	105	138	26	28	87	90	194	175	119	117	116	123	54	23	54	119	320	72	65	102	33	137	91	107	32	46	38	180	84	173	55	208	120	332	146	153	103	26	119	32	75	6	140	112	224	45	46	144	42	24	25	68	122	70	80	83	82	29	153	9	176	27	32	86	49	138	122	28	25	33	48	161	38	177	230	54	130	26	41	123	131	108	40	213	34	19	259	117	112	10	61	10	51	17	162	144	253	255	111	35	40	21	111	19	24	126	39	36	134	45	96	67	227	32	113	33	38	161	51
27	0	0	0	0	0	31	0	0	0	0	0	0	0	0	0	0	0	0	0	0	0	0	0	0	0	0	0	0	0	0	0	0	0	0	0	0	0	0	0	0	0	0	0	0	0	0	0	0	0	0	0	0	0	0	0	0	3	0	0	0	0	0	0	0	0	0	0	0	0	0	0	0	0	0	0	0	0	0	0	0	0	0	0	0	0	0	0	0	0	0	0	0	0	0	0	0	0	0	0	0	109	99	47	146	13	87	77	5	69	2	136	78	84	9	76	87	33	156	18	36	24	31	145	41	8	91	0	182	60	125	246	7	80	73	118	322	101	71	30	158	123	74	79	55	278	79	5	158	25	95	26	127	19	89	27	11	0	51	23	59	28	13	13	86	35	4	15	30	32	0	82	71	4	84	19	73	9	55	31	13	25	169	141	86	208	23	55	45	48	10	31	64	61	158	84	105	354	38	17	0	1	105	42	228	75	56	71	190	162	110	55	109	185	18	103	97	153	94	252	9	15	20	98	111	34	9	293	21	35	26	83	121	60	81	49	59	124	10	194	201	242	51	170	41	53	180	99	37	96	43	47	200	10	112	34	23	73	147	159	42	125	83	23	3	109	25	0	45	132	66	29	11	87	65	26	75	59	246	81	314	51	171	0	97	113	8	89	10	0	53	13	2	116	134	50	140	362	84	290	53	15	115	71	164	136	29	61	108	46	22	82	84	42	82	46	62	43	12	64	0	130	9	0	104	171	30	28	24	69	48	76	35	163	62	64	104	69	14	37	106	228	20	97	0	138	6	138	27	85	124	0	33	84	28	103	34	241	108	148	24	61	25	47	108	127	47	92	79	112	16	216	76	35	60	170	104	80	61	57	25	87	104	126	24	115	169	37	42	15	170	131	38	24	139	72	116	160	68	70	189	49	189	33	52	93	112	177	102	17	74	33	38	25	157	129	48	78	100	24	107	108	80	151	252	110	69	22	366	23	219	70	64	66	66	115	264	115	111	35	41	210	97	108	109	14	176	115	88	56	36	150	77	24	188	245	103	86	96	50	140	199	52	16	83	49	83	60	90	50	100	104	16	94	239	318	83	97	73	34	75	31	20	26	142	315	84	31	105	8	107	46	181	30	18	85	157	153	12	112	143	91	56	20	76	51	123	196	21	207	109	78	60	138	214	78	79	104	26	26	454	235	117	171	31	107	177	115	164	96	21	273	73	19	152	30	46	162	135	263	66	100	90	77	43	89	68	26	129	161	28	18	23	137	74	98	102	60	96	121	17	17	182	51	200	50	82	60	94	119	13	75	180	63	99	107	106	308	21	115	112	216	22	182	288	72	54	19	90	124	240	178	157	94	190	73	79	137	264	44	75
28	0	0	0	0	0	0	0	0	0	0	0	0	0	0	0	0	0	0	0	0	0	0	0	0	0	0	0	0	0	0	0	0	0	95	0	0	0	62	0	0	0	0	0	0	0	0	0	0	0	0	0	0	0	0	0	0	0	0	0	0	0	77	0	0	0	0	0	0	0	0	0	0	0	25	0	0	0	0	0	8	0	0	0	0	0	0	0	0	0	0	0	0	0	0	0	0	0	0	0	0	0	0	0	0	0	2	0	0	0	0	0	0	0	0	0	0	0	0	0	0	0	0	0	0	0	0	0	0	0	0	0	0	0	0	0	0	0	0	0	0	0	0	0	0	0	0	0	0	0	82	0	0	62	0	0	0	0	0	0	0	0	0	0	0	0	0	0	0	0	0	0	0	0	0	0	13	0	32	8	0	0	0	0	0	49	0	0	1	0	0	0	0	0	3	0	0	0	0	0	0	0	0	0	10	0	0	0	0	0	0	0	0	19	0	0	0	0	0	0	0	0	0	0	0	0	0	0	0	0	0	0	0	0	0	0	0	0	0	0	0	0	0	0	0	0	0	0	0	0	0	0	0	0	0	27	1	0	0	0	0	0	0	0	0	1	0	0	0	0	0	1	0	0	0	0	0	0	5	0	0	0	0	0	0	0	0	0	0	0	0	0	0	0	0	0	0	0	0	0	0	7	0	14	10	0	0	0	138	14	44	0	6	8	0	0	21	0	3	26	0	0	124	0	0	0	0	0	248	0	0	0	3	0	0	25	0	98	0	0	16	0	0	0	5	0	13	0	19	0	89	0	0	132	0	111	119	12	82	0	0	0	0	17	0	23	0	0	170	0	37	0	0	1	11	1	18	0	52	38	0	0	0	0	0	0	0	29	0	0	39	0	9	72	0	0	0	0	0	0	0	0	123	223	76	26	146	162	124	140	62	247	143	57	11	45	70	146	141	3	189	94	112	78	9	27	80	50	70	24	17	19	50	143	74	102	41	57	54	25	102	0	24	64	8	2	69	20	133	43	29	20	90	51	62	12	89	53	46	206	41	242	39	249	17	4	53	53	6	55	85	23	103	57	0	3	189	46	42	110	0	40	102	0	68	91	106	70	7	255	99	114	60	123	131	35	109	16	118	11	31	127	60	157	95	85	156	91	104	194	13	69	167	127	14	163	148	3	57	189	36	110	66	70	161	0	93	73	107	60	56	66	170	64	62	3	94	29	92	111	32	74	55	168	16	9	121	71	48	13	82	92	86	103	92	140	31	92	15	96	64	41	82	97	63	48	55	134	173	89	96	97	56	63	384	65	65	95	49	39	91	48	191	197	37	101	28	41	143	56	107	139	21	66	183	94	137	167	102	201	50
29	0	0	0	0	0	0	0	0	0	0	0	0	0	0	0	0	0	0	0	0	0	0	0	0	0	0	0	0	0	0	0	0	0	0	0	0	0	0	0	0	0	0	0	0	0	0	0	0	0	0	0	0	0	0	0	0	0	0	0	0	0	0	0	0	0	0	0	0	0	0	0	0	0	0	0	0	0	0	0	0	0	0	0	0	0	0	0	0	0	0	0	0	0	0	0	0	0	0	16	0	0	0	0	0	0	0	0	0	0	0	0	0	0	0	0	0	0	0	0	1	0	25	0	0	0	0	0	0	0	0	0	0	0	0	0	0	3	0	0	0	0	0	0	0	0	0	0	0	0	0	0	0	0	0	0	0	0	0	0	0	0	0	0	0	3	0	0	0	0	0	0	0	0	0	0	0	0	7	0	0	0	0	0	0	0	0	0	0	0	0	36	0	0	0	0	0	3	0	0	0	0	0	0	0	3	0	0	0	0	0	0	0	0	0	0	0	0	0	0	0	0	2	0	0	0	0	0	0	0	0	0	0	6	0	0	0	0	0	0	0	0	0	0	0	0	0	0	0	0	0	0	0	0	92	0	0	0	0	0	1	0	0	0	0	0	3	0	2	0	0	0	0	0	0	0	0	0	0	0	0	0	0	0	0	0	0	59	0	0	0	3	0	0	0	0	0	0	13	0	0	0	0	0	59	3	0	0	0	1	28	73	133	0	0	127	0	0	0	15	0	72	128	0	12	0	22	0	96	0	0	0	43	0	0	66	0	113	0	0	0	53	4	0	0	0	13	0	0	0	16	0	0	147	6	41	0	0	19	0	0	0	0	0	0	19	5	0	0	0	60	2	119	0	72	0	0	0	0	0	0	0	0	0	46	13	0	33	0	0	0	0	70	80	56	0	0	0	60	12	0	12	128	50	270	55	182	23	50	135	96	36	85	45	0	1	30	65	38	219	49	25	188	134	72	88	21	226	40	59	44	12	133	123	64	145	177	224	21	195	32	0	134	55	53	41	9	90	134	31	202	49	28	125	167	192	16	0	75	135	104	15	40	110	88	61	8	63	20	55	110	83	127	17	86	121	82	25	113	114	1	98	127	0	166	42	80	35	0	67	119	182	33	190	67	28	32	8	195	42	66	120	33	104	67	47	110	59	7	96	80	88	63	340	73	243	177	25	170	134	184	179	120	179	84	0	47	84	130	110	21	132	13	64	72	112	99	141	66	37	54	18	123	10	20	37	60	68	174	48	131	45	78	245	105	259	78	92	28	127	21	280	91	6	74	23	44	64	69	1	22	15	48	55	105	122	79	29	95	152	93	78	95	138	61	121	160	74	46	82	83	81	33	101	60	84	56	22	116	67	78
30	0	0	0	0	0	0	0	0	0	0	0	0	0	0	0	0	0	0	0	0	0	0	0	0	0	0	0	0	0	0	0	5	0	0	0	0	0	0	0	0	0	0	0	0	0	0	0	0	0	0	0	0	0	0	0	0	0	0	0	0	0	0	0	0	0	0	0	0	0	0	0	0	0	0	0	0	0	0	0	0	0	0	0	0	0	0	0	0	0	0	0	0	0	0	0	0	0	0	0	0	0	0	0	2	0	118	0	0	0	4	0	0	0	0	0	0	0	0	0	4	0	0	0	0	0	0	0	0	0	0	0	0	0	0	0	0	0	0	0	0	0	0	0	0	0	0	0	0	0	0	0	0	0	19	2	0	8	0	0	0	0	0	0	0	0	0	0	0	0	0	0	0	0	0	0	0	0	0	0	0	0	0	102	0	4	0	0	0	0	0	0	0	0	0	0	0	41	0	0	0	0	0	0	0	0	2	0	0	0	12	0	2	0	0	0	0	0	0	0	0	0	4	0	0	0	0	0	0	0	2	0	0	7	0	0	0	73	4	6	3	0	7	0	30	0	0	0	19	0	0	0	0	4	2	0	0	2	0	0	0	0	0	0	0	0	0	0	0	0	0	0	0	0	0	1	0	0	0	0	0	4	0	0	0	0	0	0	10	0	4	0	0	0	0	0	0	0	0	5	4	23	105	50	141	21	18	249	106	80	29	4	78	24	36	12	44	2	157	122	0	0	22	0	190	0	77	0	73	0	23	0	55	78	1	0	1	52	157	0	125	134	151	0	0	0	227	43	155	99	23	13	0	104	23	204	1	92	40	22	0	0	189	20	0	0	109	18	2	6	21	0	186	0	71	0	29	2	19	106	5	146	91	8	104	77	93	11	87	222	180	87	35	243	24	0	0	0	33	36	4	9	126	60	70	27	77	200	606	405	67	244	87	85	15	39	18	36	37	86	171	289	110	285	30	18	47	101	153	45	73	64	62	122	249	167	73	283	34	90	1	38	126	97	81	45	33	24	6	126	50	106	239	134	63	55	215	153	94	153	160	88	62	84	37	160	131	34	44	109	158	41	177	52	135	185	18	45	97	108	19	69	104	0	113	138	9	68	117	50	56	99	75	123	28	7	246	340	21	220	47	74	55	138	54	77	174	122	131	128	87	92	226	70	114	94	170	171	74	79	41	76	43	63	56	8	162	41	71	28	63	14	140	49	47	19	89	23	136	15	108	20	24	33	71	92	33	164	88	192	60	9	56	46	77	115	186	46	51	65	54	400	152	105	23	46	87	66	26	57	73	9	258	58	139	82	73	181	55	242	111	159	108	24	101	71	32	37	71	56	26	43	70	85	65	68	35	48	47	31	144
31	0	0	0	0	0	0	0	0	0	0	0	0	0	0	0	0	0	0	0	0	0	0	0	0	11	0	0	0	0	0	0	0	0	0	0	0	0	0	0	0	0	0	0	0	0	0	0	0	0	0	0	0	0	0	37	0	0	0	0	0	0	0	0	0	0	0	0	0	0	0	0	0	0	0	0	0	0	0	0	0	0	0	0	0	0	0	0	0	0	0	0	0	0	0	0	0	0	0	0	0	0	0	8	0	0	0	0	0	0	0	0	0	0	0	5	0	1	0	0	0	0	0	0	0	0	0	0	0	0	8	0	0	2	0	0	28	0	0	0	0	0	0	0	0	0	0	0	0	0	0	0	0	0	8	18	0	0	0	0	0	0	0	0	0	0	0	0	0	0	0	20	0	0	0	0	0	0	0	0	0	0	0	0	0	0	0	0	0	13	0	0	0	0	0	0	0	0	0	0	0	0	0	0	0	0	0	0	6	0	0	0	0	0	0	0	5	0	1	0	1	0	0	0	0	0	0	0	0	0	0	0	0	0	0	0	0	0	0	0	0	0	0	0	0	0	0	0	0	0	0	0	0	0	0	0	0	0	0	0	0	0	0	0	0	0	0	3	2	0	0	0	0	0	0	4	0	0	0	135	0	0	0	0	0	0	0	0	24	0	0	0	0	0	0	0	0	0	0	0	0	28	39	17	8	0	0	53	141	0	0	44	48	0	0	0	56	5	35	46	0	2	6	13	0	0	31	2	31	0	0	0	30	24	0	16	19	0	133	0	0	62	66	0	0	0	76	0	53	0	12	0	4	13	0	9	1	259	71	0	12	0	0	125	0	0	10	8	1	0	141	0	79	0	25	0	0	0	0	1	12	0	12	0	123	0	0	144	5	0	0	28	117	53	0	0	0	0	0	26	46	5	75	33	41	145	102	115	54	23	366	97	96	50	97	55	97	245	76	159	85	25	175	91	44	9	130	122	11	93	264	31	48	66	79	223	19	25	4	62	192	5	34	46	86	99	59	108	109	63	188	240	132	97	144	102	215	2	41	25	99	95	150	306	66	28	33	18	105	35	188	2	26	73	120	117	148	131	104	28	0	60	187	0	19	109	43	73	0	128	102	87	92	45	78	42	94	108	115	29	158	259	132	39	46	91	66	262	89	63	19	226	90	152	31	179	299	43	137	237	99	76	45	64	7	3	102	150	44	42	72	264	55	174	83	84	86	70	233	68	233	75	77	145	29	70	43	54	61	56	68	28	82	95	56	14	65	45	111	21	301	68	108	28	7	50	104	146	18	109	119	171	192	99	86	34	35	59	53	123	234	213	83	69	74	72	44	167	125	83	186	26	144	128	42	94	40	178	18	79	63
32	0	0	44	0	0	0	0	0	0	0	0	0	0	0	0	0	0	0	0	0	0	0	0	0	0	0	0	0	0	0	0	0	0	0	0	0	0	0	0	41	0	0	0	0	0	0	0	14	0	0	0	0	0	0	0	0	0	0	0	0	0	0	0	0	0	0	0	6	0	0	0	0	0	0	0	0	0	0	0	0	0	0	0	0	0	0	0	0	0	0	0	0	0	0	0	0	9	0	0	60	0	0	42	0	0	0	0	0	0	0	0	0	0	0	0	0	0	0	3	0	31	0	0	2	0	0	0	11	0	0	0	0	0	0	0	22	0	0	0	0	0	0	0	0	0	0	0	0	0	0	0	0	0	0	0	0	0	0	2	0	0	0	0	0	0	0	0	0	0	0	0	0	15	0	0	0	0	0	0	54	0	0	0	2	0	0	96	0	0	0	0	0	0	0	0	0	0	0	0	0	0	1	131	0	7	0	0	0	0	0	0	1	0	0	2	144	0	0	70	0	0	56	0	0	2	0	23	13	0	0	0	0	2	2	0	0	10	0	2	0	0	1	93	0	0	0	0	0	0	0	38	25	0	9	26	0	0	0	0	0	5	0	0	11	0	19	0	5	0	0	39	10	0	0	0	0	19	0	44	10	0	33	0	0	0	0	0	0	32	0	0	0	9	3	0	0	0	0	0	0	0	144	42	58	145	29	254	86	265	126	38	77	0	0	50	145	34	82	12	1	86	249	2	119	54	74	0	77	30	2	30	72	44	0	81	153	75	250	1	2	109	15	0	0	0	12	14	127	29	41	0	67	178	151	67	0	29	138	45	65	2	12	147	0	2	97	92	56	22	24	0	0	97	105	58	0	65	101	64	65	82	40	0	171	79	24	193	65	25	70	32	32	121	145	0	0	45	59	25	7	21	72	70	168	282	140	72	329	24	96	87	161	95	127	41	117	178	66	154	9	42	80	51	142	80	332	15	185	3	191	181	63	68	67	193	258	87	67	141	93	105	59	157	17	53	66	81	62	93	108	114	156	287	227	98	49	28	136	42	77	35	48	76	130	155	24	76	187	126	37	79	59	38	10	17	9	122	46	93	67	118	43	0	46	25	30	82	30	23	87	14	70	109	5	101	184	180	126	154	49	91	72	43	130	98	76	125	143	168	50	163	188	19	139	55	141	16	112	108	12	227	67	185	301	119	56	53	6	261	121	43	60	108	213	65	83	147	109	54	36	115	33	60	256	116	70	24	42	50	42	102	26	160	172	126	39	43	155	87	44	117	16	33	5	46	181	39	76	43	107	33	163	135	99	28	47	19	106	19	94	282	33	195	168	153	126	149	65	127	105	36	30	60	28	183	80	195	200	113	160
33	0	0	0	0	0	0	0	0	0	0	0	0	2	0	0	0	0	0	0	0	0	0	0	0	0	0	0	0	0	46	0	0	0	0	0	0	0	0	0	0	0	0	0	0	0	0	0	0	0	0	0	0	0	0	0	0	0	0	110	0	0	0	0	0	0	0	0	0	0	0	0	0	0	0	0	0	0	0	0	0	0	0	0	0	0	0	0	0	0	0	0	0	0	0	0	0	0	0	0	0	0	0	0	0	0	0	0	0	0	0	0	0	0	0	0	0	0	0	0	0	0	0	0	0	0	0	0	0	0	0	0	0	0	17	0	0	0	0	0	0	0	6	0	0	0	0	0	0	0	0	0	0	0	0	0	0	0	0	0	0	0	1	0	0	5	0	0	0	0	0	0	0	0	0	0	0	0	0	0	3	0	0	0	0	0	1	0	0	0	0	0	0	0	0	0	2	0	0	0	29	0	0	0	0	0	0	0	0	0	0	0	0	0	0	0	0	0	0	0	1	8	0	0	0	0	0	0	0	0	0	0	0	1	0	0	0	0	0	0	0	0	67	0	0	0	0	0	0	0	0	0	0	0	0	0	0	0	0	0	0	0	0	0	0	0	0	0	0	0	0	0	0	0	0	4	0	0	0	0	0	1	0	0	0	0	0	0	0	0	0	0	0	0	0	0	0	0	0	0	0	0	2	17	0	0	7	0	12	0	0	0	16	0	0	56	0	0	0	6	0	0	0	0	0	0	0	0	20	0	75	0	0	0	0	0	0	30	0	0	0	0	0	0	0	0	0	0	46	0	0	1	0	35	0	45	0	0	30	0	0	0	8	0	0	0	108	0	1	0	0	0	0	0	0	0	9	0	0	0	29	0	0	0	0	0	0	48	0	18	9	0	0	132	4	0	0	0	0	0	0	16	220	134	72	109	241	24	108	118	277	172	61	185	26	22	62	129	110	47	57	88	70	232	0	172	91	24	47	0	228	24	0	123	23	50	94	319	65	55	33	0	64	65	0	93	166	42	101	153	218	170	52	9	99	58	171	22	202	49	56	58	112	38	128	40	58	7	11	139	47	0	57	26	26	122	65	88	34	48	15	41	107	0	109	101	185	9	0	2	97	0	64	82	113	0	40	60	46	155	0	242	121	32	50	201	187	35	181	11	80	60	48	245	65	31	32	21	84	99	150	54	151	108	10	0	15	142	282	166	90	99	268	29	72	110	74	123	127	208	181	98	130	19	9	96	151	49	143	163	52	20	298	138	59	77	110	75	63	51	34	112	139	23	79	54	27	97	16	220	137	73	14	45	94	16	185	107	128	106	152	583	139	227	49	78	88	164	111	192	59	129	46	62	71	30	54	31	103	168	158
34	0	0	0	0	0	0	126	0	0	0	0	0	4	0	0	0	0	0	0	0	0	0	0	0	0	0	0	0	0	0	0	0	0	0	0	0	0	2	0	0	0	0	0	0	0	0	0	0	0	0	0	0	0	0	0	0	0	0	0	0	0	0	6	0	0	0	0	0	0	0	0	0	0	0	0	0	0	0	0	10	0	0	0	0	0	0	0	0	0	0	0	0	0	0	0	0	0	0	0	0	11	0	0	0	16	0	0	0	0	45	0	3	0	1	0	0	0	0	0	0	0	0	0	0	0	0	0	21	0	0	0	0	0	85	0	0	0	0	0	0	0	0	18	0	0	0	0	0	0	0	0	0	0	0	0	0	0	0	0	67	0	0	0	0	0	0	0	6	0	0	0	0	0	0	0	10	76	0	0	0	9	0	0	2	0	0	0	0	0	0	0	0	0	0	0	0	0	0	17	0	0	0	57	0	0	0	24	0	0	0	1	0	0	0	0	0	0	0	13	2	0	0	0	0	0	0	0	0	0	0	82	7	0	0	7	0	0	0	28	0	0	11	28	18	0	0	0	0	0	3	0	51	0	127	4	61	0	8	13	5	62	16	0	79	0	90	0	0	0	0	20	0	0	0	63	0	0	0	35	0	19	52	0	0	0	0	0	1	0	0	0	0	0	0	0	0	0	0	0	4	28	33	60	97	2	33	92	61	37	21	221	139	163	107	189	93	241	23	80	1	7	215	104	95	86	187	0	169	0	71	0	131	69	8	127	57	84	97	29	69	144	196	31	1	7	125	51	496	149	140	395	157	187	15	76	13	80	12	108	227	1	47	9	73	151	84	66	51	29	49	53	16	17	81	135	118	25	10	64	91	24	67	87	294	36	28	133	34	76	246	94	268	133	138	15	0	75	9	91	46	36	95	19	20	67	71	112	24	104	7	336	61	59	41	36	6	74	240	109	140	75	28	52	47	261	70	199	146	70	79	28	286	64	121	29	115	36	19	146	68	173	79	38	23	97	43	35	208	75	35	56	113	299	82	44	21	48	51	105	245	71	65	109	186	43	66	71	263	80	47	34	59	108	187	47	137	49	6	125	71	85	8	113	116	48	75	116	231	93	278	118	140	43	157	201	379	7	176	81	346	30	57	125	112	64	137	107	78	176	118	303	5	119	49	116	16	107	103	29	74	88	41	16	70	57	150	231	141	97	60	111	91	151	20	27	126	122	27	12	94	97	265	98	30	53	241	142	148	39	83	31	60	169	73	129	32	40	43	139	15	215	47	263	44	38	22	220	112	22	151	19	184	158	110	101	29	98	57	30	15	25	158	16	88	32	115	137	32	78	81	109	139	311	88	83	19	32	161	52	110
35	0	0	0	0	0	0	0	0	0	0	0	0	0	0	0	0	0	0	0	0	0	0	0	0	0	0	0	0	0	0	0	0	0	0	0	0	0	0	0	0	0	0	0	0	0	0	0	0	0	0	0	0	0	0	0	0	0	0	0	0	0	0	0	0	0	0	0	0	0	0	0	0	0	0	0	0	0	0	0	0	0	0	0	0	0	0	0	0	0	0	0	0	0	0	0	0	0	0	0	0	0	0	0	0	0	0	0	0	0	0	0	0	0	0	0	0	0	0	0	0	26	0	0	0	0	0	0	0	0	2	0	0	0	0	0	0	0	0	0	0	0	0	0	0	0	0	0	0	0	6	0	0	0	0	0	10	0	0	0	0	0	0	0	0	0	0	0	0	0	0	0	0	3	0	0	0	0	0	0	0	0	0	0	0	0	11	0	0	0	0	32	0	0	0	0	0	0	0	0	0	0	0	0	0	0	0	0	0	0	0	0	0	0	0	24	0	0	0	0	0	0	0	0	0	0	0	0	0	0	0	0	92	0	0	0	0	0	0	0	0	0	0	0	0	0	0	0	0	0	0	0	0	0	24	0	0	0	0	0	0	0	0	0	0	0	0	0	0	1	0	8	0	0	0	0	0	0	9	0	0	0	0	0	0	0	0	0	0	0	0	0	0	0	0	0	0	0	44	7	0	0	3	19	0	0	20	9	77	0	11	30	77	0	0	12	0	0	8	0	0	0	0	0	20	0	26	12	12	0	0	0	20	70	0	0	49	27	1	0	0	0	34	0	0	0	46	0	17	0	0	0	0	49	29	19	2	55	202	0	35	0	58	0	0	0	12	0	0	0	1	14	3	0	0	0	10	0	3	0	0	0	0	0	44	2	0	12	0	0	18	0	82	11	0	0	0	0	0	0	0	0	70	44	15	86	40	39	159	156	17	45	97	40	0	10	67	30	31	22	178	154	83	180	36	32	40	255	74	131	118	94	97	58	70	33	25	67	11	83	224	0	111	101	4	196	177	39	30	40	152	126	204	108	44	31	72	9	99	178	125	25	44	146	82	30	152	88	84	49	94	0	188	122	35	56	75	29	49	13	0	42	186	0	197	33	101	156	0	71	16	41	143	50	147	3	85	0	35	76	0	22	102	133	143	64	183	134	137	29	54	219	111	17	123	171	160	122	248	112	144	78	275	62	42	23	218	69	83	112	73	126	60	60	211	44	166	124	166	30	88	33	165	92	109	50	53	92	70	61	84	118	25	50	109	70	84	10	108	9	43	85	16	112	72	27	39	69	149	139	266	84	65	48	192	80	133	28	56	108	55	105	75	24	85	152	241	345	133	73	156	67	38	125	124	110	59	77	154	77	31
36	0	0	0	0	0	0	0	0	0	0	0	0	0	0	0	0	0	1	0	0	0	0	0	0	0	0	0	0	0	0	0	0	0	0	0	0	0	0	0	0	0	3	0	0	0	0	0	0	0	0	0	0	0	0	0	0	0	0	0	0	0	0	0	0	0	0	0	0	0	0	0	0	0	0	0	0	0	26	5	0	0	0	0	0	0	0	0	0	0	0	0	0	0	0	0	0	0	0	0	0	0	0	0	57	14	0	0	0	0	0	0	0	0	0	0	0	0	0	0	0	0	0	0	0	0	0	0	0	0	0	0	0	0	0	0	0	11	0	0	0	0	0	0	0	0	0	0	12	0	0	0	0	0	0	0	0	0	0	0	0	0	0	0	0	0	30	0	0	0	0	0	0	0	0	0	0	0	0	0	0	0	0	0	0	0	0	0	0	0	0	0	0	0	0	0	0	0	0	0	0	0	0	0	0	0	0	0	0	0	0	0	0	0	0	0	0	0	0	0	0	0	0	1	0	0	0	0	0	0	0	0	0	0	0	0	0	0	0	0	0	0	0	0	0	0	0	1	0	0	0	0	0	0	59	0	0	0	0	0	21	0	0	0	0	0	3	0	0	10	0	37	0	0	0	0	0	0	0	0	0	0	0	110	0	0	0	0	3	0	0	0	0	0	0	0	0	0	0	94	51	0	104	341	135	68	0	222	64	121	0	12	92	88	19	92	0	0	52	43	0	0	80	0	133	138	19	0	10	2	0	0	11	136	0	42	21	28	116	0	0	0	53	0	0	10	37	0	46	11	19	0	95	79	15	68	0	75	40	0	0	0	2	37	134	64	42	85	25	0	65	51	1	1	34	2	0	0	11	67	0	38	49	7	95	148	188	45	0	9	46	3	104	110	257	9	0	0	0	30	0	22	51	8	10	71	45	25	116	30	32	84	113	2	127	97	24	78	79	143	89	92	50	206	218	56	206	40	7	41	81	48	51	368	79	42	185	40	166	96	101	9	133	57	4	56	269	85	167	122	14	11	170	134	50	149	72	199	48	20	95	74	13	154	30	2	36	44	36	86	152	136	16	22	60	71	152	76	77	45	168	386	92	0	111	110	113	79	157	70	110	54	42	90	21	112	59	1	140	82	128	47	50	35	52	118	53	109	20	12	61	41	77	95	89	147	186	111	28	130	18	151	87	167	96	96	87	132	83	70	126	57	268	42	177	167	127	7	118	49	52	183	140	114	207	68	30	61	230	85	11	10	42	17	184	162	47	128	161	303	155	30	112	72	53	21	23	77	157	29	183	100	57	138	155	142	92	48	82	30	293	18	98	43	62	220	110	96	231	74	77	167	288	148	13	51	52	383	166	50	146
37	0	0	0	0	0	0	0	0	0	0	0	0	0	0	0	0	0	0	0	0	0	0	0	0	0	0	0	0	0	0	10	0	0	0	0	0	0	0	0	0	0	0	0	0	11	0	0	0	0	0	0	0	0	0	0	0	0	0	0	0	0	0	0	0	0	0	0	0	0	0	0	0	0	0	0	0	0	0	0	0	0	0	0	0	0	0	0	0	0	0	0	0	0	0	0	0	0	0	0	0	49	0	0	0	0	10	12	0	0	0	0	0	0	0	0	0	0	2	0	0	0	33	0	0	0	0	0	0	0	0	0	0	5	0	0	0	0	0	0	0	0	0	0	0	0	0	0	0	0	0	0	1	0	0	12	0	0	0	0	0	0	0	0	1	0	0	0	0	0	0	0	0	0	0	0	0	14	0	0	0	7	0	0	0	0	0	0	0	0	0	0	0	0	0	0	0	0	0	0	0	0	0	33	0	0	0	0	0	48	38	0	0	16	0	0	26	8	0	0	0	0	2	0	0	0	0	0	0	9	0	52	0	0	0	0	0	30	0	1	14	0	0	0	0	0	1	0	0	0	0	0	0	0	0	78	0	2	0	0	0	0	6	0	0	0	1	0	0	0	0	0	0	0	0	0	0	0	0	84	0	0	0	0	0	0	0	0	8	0	16	0	0	0	0	0	0	0	80	0	112	1	17	0	15	145	50	1	37	78	0	0	199	42	1	46	0	0	70	57	13	15	45	0	63	3	5	4	8	0	0	28	11	0	0	0	0	9	1	104	5	17	6	0	0	48	37	0	86	0	29	0	33	43	104	41	3	96	70	0	1	0	2	22	5	0	93	32	67	0	217	37	10	31	82	4	0	0	7	214	6	3	37	15	12	0	0	38	11	0	76	3	30	34	133	14	98	2	25	13	5	29	188	111	103	333	87	73	208	181	206	69	57	144	48	8	291	53	162	17	94	28	234	156	8	11	238	24	124	110	33	99	34	107	10	123	30	170	386	63	38	8	32	39	79	137	80	79	45	95	97	2	57	49	41	74	118	32	86	178	102	67	9	75	104	114	306	332	33	90	22	86	135	190	75	56	51	17	88	99	34	42	53	0	207	93	128	400	20	160	70	0	35	227	6	15	95	14	42	90	69	72	46	36	139	114	157	52	188	19	33	28	160	158	34	39	13	166	189	57	127	99	12	37	116	41	106	312	114	175	151	78	79	88	61	9	217	60	191	104	332	17	83	93	143	115	47	134	86	125	199	40	83	46	134	193	45	160	73	82	250	61	237	74	280	29	138	226	88	147	193	99	13	232	67	44	240	162	99	61	133	191	189	133	95	221	115	29	112	33	7	151	152	26	21	184	48	165	57	147	161
38	14	0	0	0	0	0	0	0	0	0	0	0	0	0	0	0	0	0	0	0	0	0	0	0	0	0	0	0	0	0	0	0	0	0	0	0	0	0	0	0	0	0	0	0	0	0	0	0	0	0	0	25	0	0	0	0	0	0	0	0	0	0	0	0	0	0	0	139	0	0	0	0	0	0	0	0	0	0	0	0	0	0	0	0	0	0	0	23	0	0	14	0	0	0	0	0	0	0	0	0	0	0	0	0	0	0	0	0	0	0	0	0	0	0	0	0	1	0	0	0	0	0	0	0	0	0	0	0	0	0	0	0	0	56	0	0	0	2	0	0	0	4	0	0	0	0	0	1	0	0	0	0	0	11	0	0	0	0	5	0	20	6	0	0	0	0	0	0	11	0	0	0	0	0	0	0	0	0	0	0	0	0	38	1	38	0	0	71	34	0	48	0	0	0	0	24	0	0	0	0	0	87	29	63	0	0	105	70	0	1	0	0	0	4	0	118	0	0	0	3	18	84	14	0	0	0	21	40	0	0	135	0	0	40	0	0	24	0	110	14	41	0	75	3	0	0	0	0	0	0	8	0	0	151	164	1	0	0	59	0	6	0	0	0	0	37	0	200	0	0	105	0	0	0	185	0	1	14	10	0	1	30	0	0	0	12	0	0	0	0	10	9	12	50	0	7	0	0	65	8	39	239	13	13	96	56	46	10	10	131	130	18	29	163	71	240	197	35	141	0	64	128	128	324	41	70	88	40	3	110	162	102	58	0	135	256	192	80	134	31	65	57	63	5	55	51	21	192	68	57	46	181	60	52	61	15	50	49	33	58	18	15	27	45	165	117	76	186	78	154	118	24	32	80	13	187	114	54	103	49	149	184	120	57	134	35	67	23	55	50	123	132	96	46	57	0	48	46	162	15	59	23	126	95	94	29	46	26	75	16	45	173	152	100	107	161	149	72	53	56	115	34	156	30	45	121	37	142	59	88	17	82	41	192	110	246	86	16	246	71	49	46	46	185	86	52	28	265	58	112	97	106	126	117	17	110	121	25	61	72	146	85	93	215	110	153	195	47	257	48	32	81	24	17	72	71	40	49	112	143	80	140	195	61	156	44	77	281	92	78	293	88	45	46	88	194	15	68	47	79	123	134	203	60	100	79	49	191	69	97	61	138	277	144	115	136	2	236	126	72	68	76	62	78	98	125	226	111	152	79	31	159	180	28	49	72	110	84	27	193	84	108	126	194	15	75	138	23	77	30	87	143	63	140	65	51	188	48	107	77	125	59	171	66	63	18	128	68	256	49	72	84	197	28	141	71	119	34	4	26	153	105	139	193	189	135	64	38	78	81	91	25	26	97	29	132	68	105	113	255
39	48	0	0	0	0	0	0	0	0	0	0	0	0	0	0	0	0	0	0	0	0	0	0	0	0	0	0	0	0	0	0	0	0	0	0	0	0	0	0	0	4	0	0	0	0	0	0	0	0	0	0	0	0	0	0	0	0	0	0	0	0	28	0	0	0	0	0	0	0	0	0	2	0	0	0	0	0	0	0	0	0	0	0	0	0	0	0	0	0	0	0	0	0	0	0	0	0	0	0	0	0	0	0	0	0	0	0	0	0	0	15	0	0	0	0	0	9	0	0	0	0	0	0	0	0	0	0	0	0	0	0	35	0	20	0	8	0	36	0	0	0	0	0	0	29	0	34	0	0	0	0	0	0	0	0	0	0	0	0	0	0	0	0	0	0	0	0	0	0	0	0	0	0	0	0	0	0	0	0	0	4	0	0	0	0	0	0	0	0	0	0	0	0	0	0	0	0	0	0	0	0	0	188	0	0	13	0	0	107	0	0	0	23	74	2	10	0	14	80	41	0	97	0	0	0	0	0	18	1	2	50	48	0	0	16	0	63	0	3	48	0	16	43	0	0	0	0	0	0	0	0	0	0	25	86	0	40	2	10	2	25	0	14	0	0	0	0	64	0	0	36	0	7	0	5	0	17	0	24	0	0	0	0	0	0	2	0	1	0	0	0	0	0	3	22	0	0	0	8	127	46	182	211	14	79	88	52	167	110	15	344	76	40	165	205	38	33	100	181	3	36	243	4	81	18	20	6	44	144	94	18	36	96	0	76	215	141	48	108	174	65	75	0	0	125	95	9	55	137	16	115	93	111	59	163	42	97	33	20	59	46	31	128	169	159	47	169	294	62	39	89	44	41	87	78	7	151	0	115	16	35	18	39	32	23	55	16	44	56	121	12	114	81	99	109	28	0	28	331	141	168	51	211	43	148	121	199	53	71	43	5	148	98	100	52	53	237	28	28	84	104	176	54	34	175	69	133	54	79	66	25	4	146	649	110	143	227	190	60	65	4	26	99	32	24	22	114	43	171	120	160	148	70	92	16	45	32	24	24	120	34	115	173	155	85	141	81	165	329	47	29	174	60	124	157	90	125	20	116	137	65	339	7	43	186	6	45	358	32	76	63	311	219	36	18	179	207	41	76	20	136	184	107	236	21	42	227	4	185	39	39	15	139	104	181	170	93	31	58	87	73	65	56	95	90	160	49	32	50	103	205	154	189	45	93	147	28	319	164	58	161	14	66	302	78	15	162	35	2	33	69	85	57	127	115	90	205	8	8	74	39	81	67	65	192	45	43	205	99	84	261	101	117	216	164	88	23	112	94	59	148	84	51	6	58	137	229	64	84	100	38	208	33	99	97	38	60	45	99	63
40	0	0	0	0	0	0	0	0	0	0	0	0	0	0	0	0	0	0	0	28	0	0	0	0	0	0	0	53	0	0	0	0	0	0	0	0	0	0	0	0	0	0	0	0	0	0	0	0	0	0	0	0	0	0	0	0	0	0	0	0	0	0	0	0	0	0	0	0	0	0	0	0	0	0	0	0	0	0	0	0	0	0	0	0	0	0	0	0	0	0	0	0	0	0	0	0	0	0	0	0	18	0	0	0	0	0	0	0	0	0	0	0	0	0	0	0	0	0	0	0	0	0	0	0	0	0	0	0	0	0	0	0	0	0	0	51	0	0	0	0	0	0	0	0	0	0	0	1	0	0	0	0	0	0	1	0	0	0	0	0	0	0	0	0	0	0	0	0	0	0	0	0	0	0	0	0	0	0	7	0	0	0	0	0	3	0	0	0	0	0	0	0	0	0	21	0	0	0	0	0	0	0	0	0	0	0	0	0	0	0	0	0	0	0	43	0	0	0	2	1	0	0	0	10	0	0	0	0	0	84	0	0	0	0	0	0	5	0	0	0	38	0	0	0	0	0	0	0	0	0	0	4	0	0	0	0	0	0	0	0	0	0	0	39	0	0	0	0	0	0	0	0	0	0	0	0	3	0	0	0	0	0	0	0	0	0	0	0	0	0	0	0	0	0	0	0	0	0	8	0	0	64	0	331	3	0	12	0	12	24	37	11	0	0	2	24	37	126	0	0	0	58	0	18	0	37	0	10	0	6	0	87	0	0	0	0	31	5	0	0	215	30	0	0	0	77	0	71	0	0	0	21	61	115	89	0	0	142	0	0	0	0	0	0	0	29	1	0	0	2	0	0	0	63	0	0	0	9	0	4	0	0	0	0	0	0	49	0	0	0	6	63	4	0	0	3	0	0	37	0	3	3	128	62	117	184	13	35	67	61	101	144	64	0	6	58	84	21	14	164	78	327	15	91	57	33	47	109	54	93	2	154	61	105	191	137	79	89	40	55	29	8	25	48	38	9	31	12	37	21	89	173	96	88	142	84	36	35	84	119	74	132	207	77	119	61	78	21	149	74	97	72	26	131	72	135	23	65	72	0	132	113	9	16	38	93	217	143	240	79	122	108	41	201	97	52	137	76	11	4	87	160	77	68	10	64	102	218	156	224	219	298	27	57	44	149	60	72	109	96	124	62	20	50	6	45	78	102	50	56	112	37	93	150	115	59	93	155	70	61	68	66	138	100	22	125	174	68	12	68	25	37	72	127	28	66	293	118	137	184	70	65	98	64	41	164	39	106	148	213	15	121	109	91	9	42	260	108	25	48	88	240	31	160	78	84	114	45	38	50	29	58	18	16	159	57	119	19	50	92
41	0	0	0	0	0	0	0	0	0	0	0	0	0	0	0	48	0	0	0	0	0	0	0	0	0	0	0	0	0	0	0	0	0	0	0	0	29	0	0	0	0	0	0	0	0	0	0	0	0	0	0	0	0	0	0	0	0	0	0	0	0	0	0	0	0	0	0	0	0	0	0	0	0	0	0	0	0	0	0	0	0	0	0	0	0	0	0	0	0	10	0	0	0	0	0	0	0	0	0	0	0	0	0	0	0	0	0	0	0	0	0	23	0	0	0	0	0	0	0	0	0	0	0	0	0	0	0	0	0	5	113	0	0	0	0	0	0	0	0	0	0	0	0	0	0	0	0	4	0	1	0	0	0	0	0	0	0	0	0	0	0	0	0	0	0	0	0	0	0	0	0	0	0	0	0	0	0	0	0	0	0	0	0	6	0	0	2	0	2	0	0	0	0	0	0	0	0	0	0	0	0	0	0	0	0	0	0	0	0	0	22	0	0	0	19	7	0	0	1	0	0	0	0	0	0	0	0	0	0	0	0	0	0	0	0	0	0	0	0	0	0	0	0	1	0	0	0	0	0	0	0	0	0	1	0	0	0	0	0	0	0	0	0	0	0	0	4	0	0	0	0	0	0	0	0	0	0	0	0	0	0	0	0	0	0	0	0	0	0	0	0	0	0	0	0	0	0	0	12	0	0	54	0	2	0	0	13	70	0	0	83	39	1	0	26	0	0	42	21	0	0	4	0	64	0	109	0	143	0	0	2	0	16	0	0	204	200	69	0	0	50	0	0	0	0	27	0	32	0	8	0	0	115	42	53	0	83	204	0	0	0	0	35	20	101	39	98	171	1	2	0	0	0	1	0	37	0	6	47	60	0	40	0	14	0	0	158	0	0	15	115	48	115	0	0	0	2	0	37	0	2	99	104	87	153	112	88	207	92	188	60	45	67	26	15	43	65	115	264	97	109	67	100	12	113	61	103	104	17	0	115	194	49	71	149	99	228	44	69	77	3	22	155	56	103	78	73	60	158	24	27	105	42	163	246	67	72	125	114	25	216	136	74	200	161	129	25	53	77	96	99	49	233	107	130	49	42	2	56	1	182	61	0	85	84	17	74	0	111	22	48	130	93	177	33	46	52	88	161	104	120	55	65	77	178	129	45	257	120	77	57	79	76	17	45	175	65	164	67	144	51	139	49	65	0	37	29	76	113	103	22	103	17	89	118	81	158	229	121	93	19	235	41	181	92	93	31	441	16	108	44	139	90	71	42	19	53	6	240	124	52	70	206	64	78	46	6	138	138	31	30	78	40	137	78	208	210	39	79	15	127	54	48	195	77	96	24	96	132	55	82	186	92	58	89	107	125	27	20	110
42	0	0	0	0	0	0	0	0	0	0	0	0	0	0	0	0	0	0	0	0	0	0	0	0	0	0	0	0	0	0	0	0	0	0	0	0	0	0	0	0	0	0	0	0	0	0	0	0	0	0	0	0	0	0	0	0	0	0	0	0	0	0	0	0	0	0	0	0	0	0	0	0	0	0	0	0	0	0	0	0	0	0	0	11	0	0	0	0	0	0	0	0	0	0	0	0	0	0	0	0	0	0	0	0	0	0	0	0	0	0	0	0	0	5	0	0	0	0	0	0	0	0	0	0	0	0	0	0	0	0	0	0	22	0	0	0	0	0	0	0	0	40	0	0	0	0	0	0	0	0	0	0	0	0	0	1	0	0	0	0	0	0	0	0	2	0	0	0	0	0	0	0	0	0	0	0	0	0	0	0	0	0	0	0	0	0	0	0	0	0	0	0	0	0	0	0	0	0	0	0	0	0	0	0	0	39	0	0	0	0	0	0	10	0	0	0	0	0	0	0	0	0	9	2	24	0	0	0	0	0	0	0	0	0	0	0	0	0	4	0	0	0	0	0	0	0	1	0	0	0	0	0	0	62	0	0	0	0	0	0	0	0	0	0	0	0	1	0	0	0	0	0	0	0	1	0	0	0	0	0	27	0	0	0	0	0	0	0	0	0	2	0	16	0	0	0	0	0	0	0	0	39	95	22	0	11	80	21	6	0	106	83	0	0	19	0	0	4	8	0	0	44	0	9	0	17	0	93	0	0	0	152	0	0	4	3	219	55	0	0	0	0	0	0	0	7	0	82	0	60	0	54	222	0	199	2	138	52	0	0	0	30	43	24	71	105	0	1	0	21	0	31	0	75	0	3	0	0	97	0	0	0	7	57	0	89	30	2	15	5	0	0	4	33	0	0	4	0	1	4	32	65	64	4	50	35	195	72	79	63	34	33	26	50	0	113	92	105	82	41	62	109	50	96	75	31	7	71	45	72	118	131	41	56	111	87	54	160	143	53	30	101	306	9	14	156	80	92	109	125	126	69	115	61	74	40	22	53	104	8	90	111	51	68	112	204	131	49	248	6	44	36	5	50	165	49	0	32	54	0	242	100	0	24	119	20	7	0	67	50	106	17	82	132	57	188	43	38	56	223	264	95	80	42	26	83	11	109	342	55	99	274	22	59	95	43	9	74	55	45	96	175	7	57	1	30	122	138	84	6	68	125	101	75	109	63	74	19	158	140	25	247	32	21	61	57	70	46	46	107	118	88	44	241	84	73	88	87	100	79	195	27	183	35	14	42	113	66	47	114	163	201	68	38	52	65	81	23	139	163	85	45	19	13	422	147	126	33	199	35	46	5	310	233	58	64	51	52	125	224
43	0	0	0	0	0	0	0	0	0	0	0	0	0	4	0	0	0	0	0	0	0	0	0	0	0	0	0	0	0	0	0	0	0	0	0	0	0	0	0	0	0	0	0	0	0	0	0	0	0	0	0	0	0	0	0	0	0	0	0	0	0	0	0	0	0	0	0	0	0	0	0	0	0	0	0	0	0	0	0	0	0	0	0	0	0	0	0	0	0	0	0	0	0	0	0	0	0	0	0	0	0	0	0	33	0	0	0	0	0	0	0	0	0	42	0	0	0	0	0	0	0	0	0	0	0	0	0	0	0	0	0	0	0	0	0	0	0	0	0	0	0	0	0	0	0	0	0	0	0	47	0	0	95	0	0	0	0	0	6	0	0	0	0	0	0	0	0	0	4	0	0	0	0	0	0	0	0	0	0	0	0	0	0	0	0	0	0	0	0	0	0	0	0	0	0	0	0	0	0	0	0	2	0	0	0	0	0	0	29	143	0	0	0	0	0	0	0	0	0	0	0	0	0	0	0	0	0	0	0	0	0	0	1	0	0	0	0	0	0	0	0	0	0	0	1	2	0	0	0	0	0	0	0	0	16	0	0	2	0	0	0	0	0	0	0	0	0	0	0	43	5	0	0	0	1	7	0	0	58	0	3	0	0	0	0	0	0	0	10	0	0	0	0	0	0	0	0	3	7	0	0	24	4	0	1	0	0	0	5	0	0	89	0	0	0	0	11	32	0	0	0	0	0	0	93	3	0	46	0	0	0	0	0	0	40	0	3	0	0	0	0	33	0	0	0	0	0	0	0	0	0	0	40	0	97	0	180	22	0	0	39	0	0	15	0	17	2	9	41	0	0	7	0	0	0	0	0	0	0	9	0	0	0	0	0	1	56	0	0	2	0	20	1	82	0	0	9	0	1	0	0	45	50	137	17	131	235	63	62	264	75	112	153	0	0	37	68	167	0	13	214	50	19	0	26	146	88	230	151	31	64	49	83	90	9	198	93	68	107	1	0	31	68	22	37	130	62	134	53	84	81	139	234	64	37	69	0	25	14	45	19	24	17	93	128	22	31	17	126	116	0	54	25	0	104	40	0	298	51	1	97	99	0	9	84	9	55	0	88	123	0	165	204	11	64	213	1	70	13	0	62	24	205	40	99	116	39	156	82	216	132	198	56	15	98	204	154	42	210	76	148	198	14	55	0	95	94	110	7	46	119	69	64	89	60	55	17	18	23	68	348	86	74	39	62	71	77	68	13	212	228	72	60	10	94	64	208	35	192	64	121	114	56	86	173	180	90	53	28	100	56	22	9	23	65	82	198	71	10	122	52	196	35	84	117	91	114	101	238	27	259	72	172	135	90	122	45	70	71	32
44	0	0	0	0	0	0	0	0	0	0	0	0	0	0	0	0	0	0	0	0	0	0	0	0	0	0	0	0	0	0	0	0	0	0	0	0	0	0	0	0	0	0	0	0	0	0	0	0	0	0	0	0	0	0	0	0	0	0	0	0	0	0	0	0	0	0	0	0	0	0	0	0	0	0	0	0	0	0	0	0	0	0	0	0	0	0	0	0	0	27	0	0	0	0	0	0	0	0	0	0	11	0	18	0	0	0	0	0	0	0	0	0	37	0	0	0	0	0	3	0	0	0	0	0	0	0	0	0	0	0	0	0	0	0	75	32	0	0	0	0	0	0	0	0	0	0	0	0	0	0	0	0	12	5	33	9	0	0	0	0	0	0	0	7	0	0	0	0	0	0	0	0	0	30	0	0	0	0	0	0	0	0	0	0	0	0	0	0	0	0	0	0	50	0	0	0	0	0	0	0	0	0	0	0	0	0	0	0	0	0	0	0	0	0	2	0	0	0	0	0	0	0	0	0	0	3	0	0	0	14	0	0	0	10	0	0	29	0	0	0	0	2	0	0	0	0	0	0	0	0	0	0	14	0	25	0	0	0	0	0	106	0	0	0	0	0	0	55	0	0	0	0	0	0	0	0	4	0	0	0	0	0	0	0	0	0	79	0	0	0	0	0	0	0	2	0	0	0	0	101	1	5	15	0	0	1	0	42	0	0	0	42	5	6	18	7	18	58	5	0	0	3	0	0	0	36	0	0	0	0	2	54	0	0	0	0	8	0	0	0	0	7	0	16	0	0	22	6	0	191	3	0	120	1	0	0	0	0	0	0	0	106	18	0	0	0	0	0	13	52	0	0	0	10	0	0	0	5	0	19	0	79	0	9	0	13	124	0	15	93	11	67	110	0	3	27	0	17	0	0	0	219	132	42	93	53	97	109	93	222	35	95	22	0	24	64	62	108	2	131	14	55	70	12	3	70	62	120	21	48	234	35	27	30	80	92	58	51	32	96	2	81	34	28	51	13	96	85	58	80	2	18	46	78	17	31	25	53	126	145	17	119	114	321	45	103	197	53	136	8	22	60	14	19	47	162	0	98	119	0	119	37	0	47	175	94	0	0	21	139	20	137	87	16	0	22	20	34	4	18	60	26	80	36	184	76	193	77	60	61	175	139	54	59	88	111	168	26	149	154	41	274	117	65	0	79	205	71	266	32	90	72	89	41	276	41	60	41	33	204	82	28	74	256	54	188	150	127	165	156	49	226	57	91	18	201	103	236	27	39	48	168	91	77	16	67	164	210	371	114	141	119	69	149	131	195	65	39	148	268	51	122	31	80	81	151	64	68	143	100	177	36	85	72	146	11	180	64	68	17
45	0	0	0	0	0	0	0	0	0	0	0	0	0	0	0	0	0	0	0	0	0	0	0	0	0	0	0	0	0	0	0	0	0	0	0	0	0	0	0	0	140	0	0	0	0	0	0	0	0	0	0	0	0	0	6	0	0	0	0	0	0	0	0	0	0	0	0	36	0	35	0	0	0	0	0	0	0	0	0	0	0	0	0	0	0	0	0	0	0	0	0	0	0	0	0	0	0	0	0	0	0	0	59	3	0	0	0	0	0	0	0	0	0	0	0	0	0	0	0	0	0	0	0	0	0	0	0	0	0	0	0	0	0	7	0	0	0	0	0	0	0	0	0	0	0	0	0	0	0	0	0	0	0	0	0	0	0	0	0	0	0	0	0	5	0	0	0	0	0	0	0	0	0	0	0	0	0	0	0	0	0	0	0	0	0	0	0	0	0	0	0	0	0	0	0	0	0	21	0	0	0	0	33	0	3	0	0	0	0	0	0	0	0	0	0	59	0	0	9	23	0	0	45	0	0	0	0	13	0	0	0	0	0	1	0	0	0	0	1	0	0	0	0	0	9	0	2	0	12	0	0	0	0	0	104	0	0	0	22	21	0	0	0	0	0	0	0	61	0	0	0	0	0	0	41	0	0	1	0	0	0	118	0	0	1	34	0	0	0	0	0	0	0	0	0	0	0	0	0	10	12	37	22	87	71	41	33	162	126	7	69	69	58	27	42	16	22	61	69	0	5	35	2	50	43	130	0	107	94	0	1	171	149	0	161	106	465	80	4	0	136	145	0	0	0	112	0	39	81	39	167	7	104	73	16	3	35	104	202	6	31	8	27	50	299	112	4	39	5	172	82	13	46	115	72	30	6	0	130	175	0	24	28	12	18	186	143	0	23	3	77	32	102	44	20	34	0	5	73	0	91	119	44	147	82	35	137	109	24	59	85	64	85	98	74	73	157	54	24	59	129	13	83	2	140	95	96	139	64	89	63	69	150	246	133	153	156	87	96	126	40	153	187	53	89	81	74	275	39	60	43	121	212	53	9	25	15	74	89	52	106	106	96	109	84	158	41	9	65	143	147	56	45	162	102	130	5	221	8	85	162	74	14	63	30	35	242	49	67	24	191	49	156	151	200	157	139	7	49	51	64	52	49	12	46	107	146	90	71	70	86	74	33	87	37	96	20	86	246	71	49	260	60	55	7	111	80	67	79	67	44	34	62	20	119	66	190	28	59	88	58	310	87	86	22	233	54	82	86	93	74	101	149	9	48	129	68	59	41	205	223	229	72	33	169	19	104	29	21	133	189	140	70	63	63	117	58	207	267	104	143	180	79	41	227	96	86	44	37	9	149	67	52	94	45	100	6	33	24	103
46	0	0	0	0	0	0	0	0	0	0	0	0	0	0	0	0	0	0	0	0	0	19	0	0	0	0	0	0	0	0	0	0	0	0	0	0	0	0	0	0	0	0	0	0	0	0	0	0	0	0	0	0	42	0	0	0	0	0	0	0	0	0	0	8	0	0	0	0	0	0	0	0	0	0	0	0	0	0	0	0	0	0	0	0	0	0	0	0	0	0	0	0	0	0	0	0	0	0	0	0	28	0	13	0	0	0	0	0	0	13	84	0	0	0	0	0	0	0	0	0	0	0	0	0	0	0	12	73	0	0	62	0	0	19	90	0	3	30	0	0	0	132	2	0	0	0	0	0	0	13	0	0	0	13	0	0	0	6	134	0	0	0	35	0	0	0	0	13	97	0	0	0	0	0	0	0	0	45	0	16	31	0	0	0	0	28	0	0	0	0	0	0	0	0	11	0	45	0	25	0	0	173	93	20	34	33	23	5	42	148	110	70	0	0	82	55	24	2	4	0	128	58	149	0	0	0	9	140	0	6	105	26	24	51	0	0	108	0	11	7	105	42	0	0	0	23	27	0	3	112	29	14	0	119	58	0	109	7	27	59	25	151	16	0	0	64	0	142	51	73	66	0	22	60	28	15	9	276	148	100	72	100	0	0	0	3	153	0	0	198	23	0	87	99	0	85	0	79	24	5	62	73	140	181	161	74	120	193	176	27	84	117	74	108	54	49	15	231	178	25	139	149	98	177	113	152	104	321	78	28	50	144	212	14	28	181	42	43	289	43	33	8	58	10	134	65	82	124	74	120	68	184	252	122	134	165	64	78	112	97	67	99	53	177	99	8	83	97	96	50	81	113	36	64	102	313	102	101	31	88	63	101	132	105	73	60	102	13	24	52	127	20	136	163	20	107	26	3	27	113	118	87	111	147	180	19	39	78	156	48	52	30	78	4	85	52	75	101	17	116	89	219	147	54	119	33	26	62	30	79	160	34	21	34	76	95	108	103	32	78	139	180	66	177	132	128	40	28	62	103	103	107	22	191	83	59	110	35	135	55	66	47	304	142	29	95	73	110	97	359	110	121	183	334	160	87	32	40	123	129	100	239	27	133	178	109	96	46	56	111	23	88	54	63	193	52	125	50	54	215	55	91	38	44	50	34	51	97	27	95	59	53	93	25	29	58	10	19	106	170	127	170	124	112	235	44	71	226	12	139	126	164	10	269	27	81	122	190	60	81	106	168	35	20	93	75	36	45	64	64	49	70	37	33	25	67	214	103	164	106	103	25	278	50	150	55	294	66	22	213	262	46	176	192	59	55	33	105	180	37	180	56	15	72	72	114	158	64	74	59	331	45	15	103	193	121	147	41	173	57
47	0	0	15	0	0	0	0	0	0	0	0	0	0	0	0	0	0	0	0	0	0	0	0	0	0	0	0	0	0	0	0	0	0	0	0	0	0	0	0	0	0	0	0	0	0	0	0	0	0	0	0	0	0	0	0	0	0	0	0	0	0	0	0	0	0	0	0	0	0	0	0	0	0	0	0	0	0	0	0	60	0	0	0	0	0	0	0	0	0	0	0	0	0	0	5	0	0	0	0	0	0	0	0	0	0	0	0	0	0	0	0	0	0	0	0	0	0	0	0	0	0	0	21	0	0	3	0	0	0	0	62	0	14	0	0	0	0	0	13	0	0	0	0	0	0	0	0	0	0	0	0	0	0	0	0	0	0	0	0	0	0	0	0	0	0	0	0	0	0	63	0	0	0	0	0	0	0	0	0	0	0	0	0	0	0	0	11	0	0	0	0	0	0	0	0	0	0	0	13	0	0	0	12	33	0	5	0	0	8	0	0	5	0	0	0	2	8	0	0	0	50	0	0	0	0	0	0	0	0	0	0	0	0	0	0	20	1	0	0	0	0	0	0	0	0	0	15	0	0	0	0	0	0	0	0	0	0	0	0	2	0	0	0	0	0	0	0	0	0	0	0	0	0	0	0	0	0	0	0	0	0	0	0	0	0	0	0	0	0	0	0	0	0	0	1	0	0	0	0	24	0	10	0	96	23	42	40	101	160	38	77	73	2	0	8	20	4	32	33	8	9	0	0	1	3	2	0	128	0	33	0	122	0	0	42	46	15	13	0	0	7	8	3	0	36	291	35	79	17	61	0	11	25	110	40	0	118	144	21	16	0	102	9	0	67	36	0	0	0	183	5	5	33	15	0	27	0	0	28	43	0	28	59	1	0	56	6	0	0	148	120	18	66	1	0	0	0	1	49	0	12	193	45	147	49	18	47	174	142	54	325	78	153	47	0	53	56	0	128	174	44	110	148	47	84	34	81	201	68	220	43	97	142	36	102	116	146	87	33	160	0	60	133	71	93	88	53	268	57	95	62	29	231	26	85	39	288	70	195	61	60	115	117	26	167	55	61	116	89	13	95	153	85	128	161	157	31	141	105	15	113	59	0	98	68	45	100	31	205	67	42	164	81	76	115	101	115	12	7	39	179	309	62	121	6	76	71	71	108	130	144	11	90	97	181	80	338	78	6	86	29	20	71	122	4	79	182	55	88	159	96	219	158	51	408	58	88	177	90	18	225	23	115	60	107	22	139	193	38	2	134	57	67	18	129	112	25	27	230	75	28	60	102	63	21	140	24	71	186	138	46	97	91	29	145	125	116	23	36	48	83	61	91	136	137	241	19	438	183	106	92	61	51	90	20	104	90	146	31	117
48	0	0	0	0	0	0	0	0	0	0	0	0	0	0	0	26	0	0	0	31	0	0	0	0	0	0	0	0	0	0	0	0	0	0	0	0	0	0	0	0	0	0	0	0	0	0	0	0	0	0	0	0	0	0	0	0	0	0	0	0	0	0	0	0	0	0	0	0	5	0	28	0	0	0	0	0	0	0	0	0	0	0	0	0	0	0	0	0	0	0	0	0	0	0	0	0	0	0	0	0	0	21	8	0	0	0	0	0	0	0	0	0	0	0	0	0	0	0	0	0	0	0	0	0	0	0	0	0	0	0	0	0	0	0	0	0	0	8	0	0	0	0	0	0	0	0	0	0	0	0	0	0	0	0	0	18	0	0	0	0	0	0	0	0	0	0	0	0	0	0	0	0	0	0	1	0	0	0	1	0	0	0	2	0	0	0	0	0	0	0	0	0	0	0	0	0	0	14	0	0	0	0	0	0	0	0	0	0	0	0	0	0	0	0	0	0	0	0	0	0	0	0	17	0	0	0	0	0	0	0	0	0	34	0	0	0	0	6	0	0	126	0	0	0	27	0	40	0	0	0	0	0	3	87	0	0	64	0	0	0	0	0	0	0	6	0	0	11	0	2	0	0	0	0	9	0	0	1	8	0	0	0	0	0	0	0	0	0	0	61	0	0	0	1	0	0	0	0	0	0	0	103	22	6	89	5	46	0	25	13	74	204	21	4	125	0	22	35	27	0	4	77	60	23	191	63	0	21	89	1	0	166	49	0	44	11	154	142	0	0	86	24	0	0	0	263	26	219	3	166	0	2	237	150	135	0	55	105	56	0	0	9	113	24	62	11	7	90	5	145	110	0	0	119	35	38	24	0	18	30	0	23	1	132	32	54	177	97	0	0	91	53	133	19	0	0	0	0	25	0	55	183	201	22	112	57	86	3	29	16	39	30	213	204	111	99	41	149	121	123	296	77	94	91	108	104	72	191	39	30	130	65	93	195	253	69	77	4	39	40	14	135	22	35	102	106	43	62	157	60	36	116	35	33	161	224	66	91	165	102	45	113	45	176	82	16	139	85	63	51	84	66	137	97	39	58	100	142	67	49	96	69	0	50	115	144	70	15	93	100	28	188	29	108	81	169	163	25	89	97	66	132	83	104	88	114	207	80	218	132	75	106	101	92	15	49	84	73	103	154	230	1	180	32	22	26	145	90	140	93	71	5	36	111	71	124	56	43	110	145	91	87	11	46	179	62	74	115	18	90	117	127	184	49	47	71	29	24	24	2	165	58	74	76	103	134	120	100	138	164	26	112	91	168	11	42	64	164	45	107	41	230	315	85	86	23	37	65	260	78	74	45	70	79	55	163	188	90	148	58
49	0	0	0	0	0	0	0	0	0	0	0	0	0	0	0	0	0	0	0	0	0	0	0	0	0	0	0	0	0	0	0	0	0	0	0	0	0	0	0	0	0	0	0	0	0	0	0	0	0	0	0	0	0	0	0	0	0	0	0	0	0	0	0	0	0	0	0	0	0	0	0	0	0	0	0	0	0	0	0	0	0	0	0	0	0	0	0	0	0	0	0	0	0	0	0	0	0	0	0	4	2	0	0	0	0	0	0	0	0	0	0	0	0	0	0	0	0	0	23	0	0	0	0	0	0	0	0	0	0	0	0	0	0	0	0	0	0	0	0	0	0	0	0	0	0	0	0	7	0	0	0	0	0	2	0	0	0	0	0	0	0	32	0	0	0	0	0	25	0	0	0	0	0	57	15	0	0	0	0	0	0	3	0	0	0	0	0	0	0	0	0	0	0	0	0	0	0	0	0	0	0	0	0	0	3	0	1	0	0	0	0	0	0	0	0	0	0	0	0	0	0	0	0	0	0	0	0	0	1	0	0	0	1	1	0	0	46	1	38	0	0	110	0	0	0	0	0	0	0	0	2	0	0	1	13	0	0	0	0	0	0	0	0	0	0	0	0	0	0	0	0	0	0	0	53	0	2	0	0	0	0	0	0	0	0	0	0	0	0	0	0	0	0	0	0	0	0	0	0	9	22	38	2	171	0	0	23	57	0	7	85	3	0	29	47	0	47	50	7	0	0	19	0	20	0	0	0	52	0	0	4	196	0	0	0	3	0	1	27	0	0	76	0	1	2	0	0	97	2	45	10	0	25	24	11	0	33	0	0	0	0	0	4	0	0	24	29	21	0	0	0	0	0	30	0	0	0	0	1	0	26	10	0	180	6	0	82	1	0	7	1	11	38	59	50	0	0	3	20	0	49	77	349	75	38	55	150	77	198	19	81	194	57	54	0	188	77	56	51	212	111	51	270	26	50	146	1	112	9	26	58	71	159	119	106	166	14	29	109	18	0	87	48	2	126	74	30	252	60	111	307	293	39	205	212	38	40	113	249	10	121	56	89	105	115	90	65	0	231	58	135	98	113	3	58	66	14	120	88	0	77	63	0	11	117	12	92	4	26	126	72	25	120	124	17	100	0	76	162	34	164	93	49	75	187	76	87	62	37	105	80	54	108	54	40	166	85	86	57	23	101	123	125	130	0	104	82	174	61	359	36	67	103	18	119	56	105	45	77	79	20	76	178	45	129	38	61	164	109	192	31	78	88	76	172	140	50	55	72	179	23	69	77	166	65	195	187	112	66	160	220	28	33	206	205	66	311	102	92	56	230	129	227	32	65	98	317	200	35	91	77	157	159	45	251	179	44	134	55	55
50	0	0	0	0	0	0	0	0	0	0	0	0	0	0	0	0	0	0	0	0	0	0	0	0	30	0	0	0	0	0	0	0	0	0	0	0	0	0	0	0	0	0	0	0	0	0	0	0	0	0	0	0	0	0	0	0	0	0	4	0	0	0	0	0	0	0	0	24	0	0	0	0	0	0	0	0	0	0	0	0	0	0	0	0	0	0	0	0	0	0	67	0	0	0	0	0	0	0	0	0	0	0	0	0	0	0	0	0	0	0	0	0	0	0	0	0	0	0	0	0	0	0	23	0	0	0	0	0	0	0	0	0	0	0	0	7	0	0	0	0	0	0	0	0	2	0	0	0	0	0	0	0	0	0	0	0	0	0	0	0	0	0	0	0	0	0	0	0	0	0	2	3	1	0	0	0	0	16	0	0	0	2	0	0	1	0	0	0	5	0	0	0	0	0	0	0	0	3	0	0	3	0	0	0	0	0	0	0	0	9	0	0	0	0	2	8	12	0	3	0	0	8	0	0	0	0	0	0	0	0	0	0	0	0	0	0	0	0	0	0	0	0	0	0	0	0	0	0	0	0	16	0	2	0	9	0	0	0	0	0	0	0	0	0	0	0	0	2	0	0	0	0	0	0	0	0	0	0	0	0	0	23	0	0	0	0	0	0	0	0	0	0	0	0	70	0	0	0	0	0	2	0	0	0	2	0	0	0	15	0	55	30	0	0	7	9	1	33	85	0	19	6	0	0	0	0	0	58	3	0	0	0	0	0	79	0	312	0	1	0	0	100	13	0	0	1	6	0	0	0	12	79	33	16	23	5	18	83	0	0	0	12	67	0	0	1	54	0	0	83	1	27	0	4	46	0	0	0	3	0	0	4	0	18	0	0	170	0	0	0	0	61	28	7	0	0	0	0	10	0	5	380	29	0	75	38	35	89	49	66	45	214	102	60	0	53	83	84	104	12	173	15	83	108	82	211	58	33	20	23	70	72	26	37	220	128	125	37	214	74	0	61	10	3	128	74	9	200	142	59	165	16	103	213	25	76	5	91	102	82	168	50	46	73	105	54	45	64	30	38	52	58	56	54	92	144	1	78	167	37	172	50	0	71	45	129	33	0	239	176	13	100	178	72	0	24	26	63	71	2	87	147	218	95	38	158	163	23	153	115	63	171	262	54	115	38	317	48	117	34	66	118	73	45	0	45	48	112	46	26	64	288	83	205	35	26	138	120	107	31	79	76	45	97	131	22	38	159	80	45	71	84	98	41	156	98	56	20	29	22	177	132	104	27	41	83	21	127	72	56	27	1	213	161	26	129	45	28	110	135	117	4	223	47	295	65	31	68	99	161	118	50	118	133	87	72	65	23	66	93
51	0	0	0	0	0	0	0	0	0	0	0	0	0	0	0	0	0	0	0	0	0	0	0	0	0	0	0	0	0	0	0	0	0	0	0	0	0	0	0	0	0	0	0	0	0	0	0	0	0	0	0	0	0	0	0	0	0	0	0	0	0	0	0	0	0	0	0	0	0	0	0	0	0	0	0	0	0	0	0	0	0	0	0	0	0	0	0	0	0	0	0	0	0	0	0	0	0	0	0	0	0	49	0	0	0	0	0	0	15	0	0	0	0	0	0	0	0	0	0	0	0	0	0	0	10	0	3	0	0	0	0	0	0	0	0	0	0	0	0	0	0	0	29	0	0	0	0	0	0	0	0	0	0	0	12	0	0	0	0	0	0	3	0	0	0	4	0	96	0	102	0	0	1	0	4	0	0	0	0	21	0	0	38	0	0	21	0	0	0	0	0	0	0	0	0	0	0	0	9	46	11	3	67	0	4	0	55	0	33	122	64	29	53	85	26	0	87	5	49	23	67	0	79	144	5	0	178	24	0	0	25	77	1	122	20	0	143	15	0	58	41	0	27	0	0	16	5	106	0	50	53	39	3	17	0	7	36	65	13	23	96	43	0	18	72	42	23	0	78	0	141	112	31	64	118	81	63	0	2	98	56	46	48	0	0	0	13	34	24	71	86	126	8	0	28	36	212	21	0	25	26	93	113	45	179	8	78	47	27	1	14	218	17	47	17	36	53	11	101	145	42	10	98	20	90	36	5	3	19	0	48	47	56	10	99	28	76	9	22	184	109	155	13	24	29	37	38	49	93	98	23	3	255	28	37	178	37	50	164	12	9	36	138	129	61	53	57	63	13	31	113	15	34	22	49	4	8	69	40	48	4	16	107	164	35	1	12	46	1	92	102	26	13	105	64	73	19	62	20	183	7	25	50	11	66	197	95	15	0	3	25	60	91	0	6	56	17	188	59	23	16	25	23	19	179	117	58	7	28	34	15	219	32	53	90	169	0	4	44	99	39	56	31	10	5	104	31	28	157	98	18	72	6	75	63	25	1	48	54	103	17	4	0	1	15	36	89	285	25	87	40	2	85	47	178	1	3	24	5	51	177	84	79	104	47	16	14	359	9	37	315	126	45	191	101	128	17	14	1	63	12	11	23	109	180	8	48	125	47	30	355	30	111	160	32	95	55	67	19	87	11	12	121	50	34	53	21	27	41	42	41	35	87	133	7	4	65	24	65	80	7	0	96	13	16	0	57	39	68	107	50	47	257	138	2	24	34	224	1	42	33	67	31	37	28	110	47	147	121	27	123	191	3	44	95	26	13	8	202	19	83	1	41	92	103	69	4	27	100	151	20	103	14	17	118	43	23	234	282	14
52	0	0	0	0	0	73	0	0	0	0	0	0	0	52	0	0	0	0	0	0	0	0	0	0	0	0	0	0	0	0	10	0	0	0	0	0	0	0	0	0	0	0	0	0	0	0	0	0	0	0	0	0	0	0	0	0	0	0	0	0	0	0	0	0	0	0	0	0	0	0	0	0	0	0	0	0	0	0	0	0	0	0	0	0	0	0	0	0	0	0	0	0	0	0	0	0	0	0	0	0	21	0	0	0	0	0	0	43	0	0	0	0	0	0	0	0	4	0	0	0	0	0	0	18	52	44	20	0	0	0	0	0	0	0	0	26	0	0	0	0	14	0	12	0	0	0	0	0	0	0	0	0	0	0	0	0	0	0	0	0	0	1	0	0	0	1	0	0	0	0	0	0	0	0	0	0	0	0	0	0	0	0	0	0	0	0	0	2	0	0	3	0	0	2	0	0	0	0	0	0	15	0	2	4	0	0	38	20	158	59	19	0	5	140	0	80	5	56	0	3	55	5	29	58	79	0	258	10	0	0	48	0	0	25	27	109	0	11	9	36	0	49	0	30	0	80	0	129	93	86	66	68	9	66	17	31	50	11	20	18	27	24	0	0	12	0	5	0	40	2	0	0	48	1	27	73	120	10	42	0	0	51	6	0	0	24	38	24	0	57	0	95	0	1	14	35	0	6	118	48	36	124	21	37	10	0	33	135	23	0	6	115	24	0	52	59	158	12	165	74	100	28	9	5	158	12	8	0	3	0	43	38	67	26	159	44	83	1	55	19	4	36	28	17	90	2	10	93	44	19	49	8	80	130	7	12	19	25	67	40	5	70	4	112	4	135	74	11	44	91	74	12	106	8	239	5	43	351	12	65	16	43	24	47	165	1	18	16	96	50	54	28	7	74	3	9	169	15	16	119	1	1	31	11	64	3	75	30	4	44	8	69	13	2	44	2	59	56	101	34	91	15	60	1	101	163	0	88	120	165	117	77	122	94	41	96	27	166	1	1	139	631	26	214	25	147	0	2	24	240	26	44	17	54	15	21	184	131	16	83	16	8	38	2	44	94	13	64	275	22	98	1	32	92	109	41	31	27	69	79	244	2	132	40	0	28	37	48	8	6	129	59	132	41	10	71	110	131	58	50	8	59	2	69	26	16	27	33	86	193	29	11	13	9	36	123	121	98	86	178	9	20	23	199	128	22	138	177	87	34	36	22	64	203	13	44	136	68	131	79	46	0	167	71	222	34	43	250	111	253	49	5	130	53	6	59	37	19	0	22	42	13	19	102	45	35	1	17	203	49	28	16	23	8	40	3	24	58	79	65	26	4	54	142	42	53	99	69	19	59	46	70	13	92	71	53	23	7	21	65
53	0	0	0	0	0	0	0	0	0	0	0	0	0	0	0	0	0	0	0	0	0	0	0	0	0	0	0	0	0	0	0	0	0	0	0	0	0	0	0	0	0	0	0	0	0	0	0	31	0	0	0	0	0	0	0	0	0	0	0	0	0	0	0	0	0	0	0	0	0	0	0	0	0	0	0	0	0	0	0	0	0	0	0	0	0	0	0	0	0	0	0	0	0	0	0	0	0	0	0	0	0	0	0	0	0	0	0	0	0	0	0	0	0	0	0	0	0	0	0	0	0	0	0	0	0	18	37	8	0	0	0	0	0	0	0	0	0	0	0	4	0	0	0	183	0	0	0	0	0	9	7	0	0	0	0	0	0	42	13	0	0	4	0	3	0	0	0	0	0	0	0	0	0	0	0	0	0	0	0	0	0	0	0	0	55	0	0	0	0	0	0	0	0	0	0	0	0	0	0	0	61	138	0	0	0	0	0	0	187	24	0	46	12	195	21	0	24	20	0	0	2	76	62	25	6	41	74	86	0	4	25	43	0	21	0	6	107	23	15	0	2	14	1	13	0	10	0	75	0	123	9	85	0	32	0	14	9	45	0	16	79	10	0	178	9	15	0	112	92	15	3	4	3	104	13	11	44	0	230	50	0	4	71	2	0	2	76	64	15	20	0	105	4	0	58	66	0	30	30	128	47	328	33	65	206	0	6	72	8	68	2	109	12	1	37	17	110	61	32	92	60	4	39	3	95	2	163	55	83	12	142	68	261	102	118	54	0	26	68	72	56	32	7	62	137	0	37	68	35	14	31	0	45	68	12	58	90	32	7	0	0	72	65	74	2	64	51	80	10	95	105	15	170	1	109	26	87	93	25	23	10	208	1	59	56	43	17	22	34	62	153	138	13	14	3	34	2	63	92	20	196	33	6	191	3	3	103	91	0	10	18	100	256	11	23	3	58	32	23	88	31	21	178	93	28	22	0	89	112	190	54	18	30	160	85	109	2	0	105	253	100	130	28	37	64	39	14	5	61	49	104	51	82	38	0	16	34	124	63	85	84	43	58	5	3	37	81	13	46	82	56	0	104	21	173	60	8	9	23	1	83	138	278	100	16	102	12	107	110	40	35	57	205	101	68	163	13	25	258	31	74	22	13	351	62	103	15	13	113	152	47	1	45	42	17	136	104	115	92	64	21	0	236	26	104	4	39	105	11	21	30	74	11	36	70	15	353	57	59	73	26	1	50	70	152	0	171	49	146	63	44	6	13	148	8	68	9	97	0	90	16	25	208	25	156	0	1	175	154	103	0	105	110	15	77	7	44	100	28	52	164	24	24	407	28	123	80	70	0	55	52	51	32	58	32	33	124	75	97	106
