0	0	0	0	0	0	0	0	0	0	0	0	0	0	0	0	0	0	0	0	0	0	0	0	0	0	0	0	0	0	0	0	0	0	0	0	0	0	0	0	0	0	0	0	0	0	0	0	0	0	0	0	0	0	0	0	0	0	0	0	0	0	0	0	0	0	0	0	0	0	0	0	0	0	0	0	0	0	0	0	0	0	0	0	0	0	0	0	0	0	0	0	0	0	0	0	0	0	0	0	0	12	12	12	12	12	12	12	12	12	12	12	12	12	12	12	12	12	12	12	12	12	12	12	12	12	12	12	12	12	12	12	12	12	12	12	12	12	12	12	12	12	12	12	12	12	12	12	12	12	12	12	12	12	12	12	12	12	12	12	12	12	12	12	12	12	12	12	12	12	12	12	12	12	12	12	12	12	12	12	12	12	12	12	12	12	12	12	12	12	12	12	12	12	12	12	12	12	12	12	12	24	24	24	24	24	24	24	24	24	24	24	24	24	24	24	24	24	24	24	24	24	24	24	24	24	24	24	24	24	24	24	24	24	24	24	24	24	24	24	24	24	24	24	24	24	24	24	24	24	24	24	24	24	24	24	24	24	24	24	24	24	24	24	24	24	24	24	24	24	24	24	24	24	24	24	24	24	24	24	24	24	24	24	24	24	24	24	24	24	24	24	24	24	24	24	24	24	24	24	24	48	48	48	48	48	48	48	48	48	48	48	48	48	48	48	48	48	48	48	48	48	48	48	48	48	48	48	48	48	48	48	48	48	48	48	48	48	48	48	48	48	48	48	48	48	48	48	48	48	48	48	48	48	48	48	48	48	48	48	48	48	48	48	48	48	48	48	48	48	48	48	48	48	48	48	48	48	48	48	48	48	48	48	48	48	48	48	48	48	48	48	48	48	48	48	48	48	48	48	48	72	72	72	72	72	72	72	72	72	72	72	72	72	72	72	72	72	72	72	72	72	72	72	72	72	72	72	72	72	72	72	72	72	72	72	72	72	72	72	72	72	72	72	72	72	72	72	72	72	72	72	72	72	72	72	72	72	72	72	72	72	72	72	72	72	72	72	72	72	72	72	72	72	72	72	72	72	72	72	72	72	72	72	72	72	72	72	72	72	72	72	72	72	72	72	72	72	72	72	72	96	96	96	96	96	96	96	96	96	96	96	96	96	96	96	96	96	96	96	96	96	96	96	96	96	96	96	96	96	96	96	96	96	96	96	96	96	96	96	96	96	96	96	96	96	96	96	96	96	96	96	96	96	96	96	96	96	96	96	96	96	96	96	96	96	96	96	96	96	96	96	96	96	96	96	96	96	96	96	96	96	96	96	96	96	96	96	96	96	96	96	96	96	96	96	96	96	96	96	96
0	0	0	0	0	0	0	0	0	0	0	0	0	0	0	0	0	0	0	0	0	0	0	0	0	0	0	0	0	0	0	0	0	0	0	0	0	0	0	0	0	0	0	0	0	0	0	0	0	0	0	0	0	0	0	0	0	0	0	0	0	0	0	0	0	0	0	0	0	0	0	0	0	0	0	0	0	0	0	0	0	0	0	0	0	0	0	0	0	0	0	0	0	0	0	0	0	0	0	0	0	100	100	100	100	100	100	100	100	100	100	100	100	100	100	100	100	100	100	100	100	100	100	100	100	100	100	100	100	100	100	100	100	100	100	100	100	100	100	100	100	100	100	100	100	100	100	100	100	100	100	100	100	100	100	100	100	100	100	100	100	100	100	100	100	100	100	100	100	100	100	100	100	100	100	100	100	100	100	100	100	100	100	100	100	100	100	100	100	100	100	100	100	100	100	100	100	100	100	100	100	100	100	100	100	100	100	100	100	100	100	100	100	100	100	100	100	100	100	100	100	100	100	100	100	100	100	100	100	100	100	100	100	100	100	100	100	100	100	100	100	100	100	100	100	100	100	100	100	100	100	100	100	100	100	100	100	100	100	100	100	100	100	100	100	100	100	100	100	100	100	100	100	100	100	100	100	100	100	100	100	100	100	100	100	100	100	100	100	100	100	100	100	100	100	100	100	100	100	100	100	100	100	100	100	100	100	100	100	100	100	100	100	100	100	100	100	100	100	100	100	100	100	100	100	100	100	100	100	100	100	100	100	100	100	100	100	100	100	100	100	100	100	100	100	100	100	100	100	100	100	100	100	100	100	100	100	100	100	100	100	100	100	100	100	100	100	100	100	100	100	100	100	100	100	100	100	100	100	100	100	100	100	100	100	100	100	100	100	100	100	100	100	100	100	100	100	100	100	100	100	100	100	100	100	100	100	100	100	100	100	100	100	100	100	100	100	100	100	100	100	100	100	100	100	100	100	100	100	100	100	100	100	100	100	100	100	100	100	100	100	100	100	100	100	100	100	100	100	100	100	100	100	100	100	100	100	100	100	100	100	100	100	100	100	100	100	100	100	100	100	100	100	100	100	100	100	100	100	100	100	100	100	100	100	100	100	100	100	100	100	100	100	100	100	100	100	100	100	100	100	100	100	100	100	100	100	100	100	100	100	100	100	100	100	100	100	100	100	100	100	100	100	100	100	100	100	100	100	100	100	100	100	100	100	100	100	100	100	100	100	100	100	100	100	100	100	100	100	100	100	100	100	100	100	100	100	100	100	100	100	100	100	100	100	100	100	100	100	100	100	100	100	100	100	100	100	100	100	100	100	100	100	100	100	100	100	100	100	100	100	100	100	100	100	100	100	100	100	100	100
1	136	0	0	21	35	53	24	22	34	34	330	53	0	1	22	181	68	35	9	27	23	39	47	18	104	84	40	0	102	172	0	134	254	11	55	36	60	27	3	131	19	65	15	25	109	24	116	74	51	44	87	32	125	261	0	0	23	33	28	49	12	28	83	16	158	0	13	30	11	152	162	18	93	8	6	147	42	5	0	67	4	0	92	93	43	223	0	36	43	184	0	0	39	28	0	225	130	91	54	102	10	0	5	176	23	2	5	3	52	227	2	5	95	6	38	83	63	144	47	18	83	42	325	149	5	5	162	112	49	87	237	31	83	50	45	75	16	46	58	11	0	0	50	43	9	15	14	112	105	64	35	159	1	5	103	55	59	43	19	132	46	19	44	76	9	93	97	12	73	3	8	132	133	15	11	37	46	105	10	0	26	22	138	40	40	120	26	134	28	102	138	6	143	96	4	58	124	60	31	25	8	11	87	0	28	22	135	2	51	0	19	9	17	17	0	23	47	6	7	149	23	115	8	0	6	35	0	0	38	5	0	0	0	22	7	10	60	1	14	0	22	202	0	6	6	0	16	0	0	298	23	0	10	26	6	0	7	15	4	2	237	1	1	0	11	4	6	2	34	2	8	120	13	0	34	2	4	76	0	2	0	16	3	1	34	8	10	2	1	11	17	0	0	0	6	2	128	1	3	16	0	9	0	0	0	0	0	0	0	180	0	0	0	0	0	0	0	0	0	33	0	0	1	0	35	0	0	0	0	0	0	0	0	15	1	0	0	0	2	2	1	0	0	0	0	0	0	0	25	0	0	0	0	0	0	0	1	38	0	1	1	45	0	0	0	1	0	0	0	0	0	0	0	80	0	0	0	1	0	2	0	0	7	7	2	0	0	0	0	0	0	1	0	0	0	0	0	0	0	0	0	0	0	0	0	0	0	0	0	0	0	0	0	0	0	0	0	0	0	0	0	0	0	0	7	0	51	2	0	0	0	0	0	0	0	0	0	0	0	0	0	0	0	63	0	0	0	0	0	0	0	0	0	0	64	0	0	0	0	0	0	0	84	0	0	0	0	0	0	0	0	0	0	0	0	0	0	0	0	0	0	0	0	0	0	0	0	0	0	0	0	0	0	212	0	0	0	0	0	0	0	0	0	0	0	0	0	0	0	0	0	0	0	0	0	0	0	0	0	0	0	0	0	0	0	58	0	0	0	0	0	0	0	0	0	0	0	0	0	0	0	0	0	0	0	0	0	0	0	0	0	0	0	0	0	0	0	197	0	0	0	0	0	0	0	0	0	0	0	0	0	0	0	0	0	0	0	0	0	0	0	0	0	0	0	0	0	0	0	0	0	0	0	0	0	0	0	0	0	0
2	0	18	53	34	0	40	0	57	43	0	16	77	105	68	52	116	28	0	65	32	147	0	42	201	244	45	11	52	34	52	0	13	70	4	4	0	57	0	4	158	67	77	325	197	48	0	6	71	40	8	16	2	0	0	66	0	0	25	94	12	155	35	52	27	107	19	1	12	109	0	79	109	26	124	0	0	8	27	74	18	13	0	94	27	46	163	18	151	27	14	205	0	9	101	33	0	0	1	60	124	5	1	27	98	7	33	24	24	147	99	20	10	73	12	4	22	22	50	2	20	77	98	48	16	43	50	31	189	18	29	101	39	8	71	28	33	45	26	4	49	63	27	25	18	46	250	90	29	60	130	127	289	46	70	43	87	6	64	24	82	3	62	20	55	11	220	37	20	45	9	32	37	118	124	63	0	39	0	126	53	24	8	63	60	27	45	108	156	42	40	25	20	14	229	29	38	32	34	1	52	51	8	10	6	0	3	24	1	6	0	13	2	30	2	13	3	52	10	0	60	1	22	86	0	0	25	4	2	3	26	8	9	2	35	1	66	1	13	35	11	21	136	10	4	3	20	0	8	6	73	1	0	24	2	10	12	5	5	2	1	53	3	0	15	2	2	2	32	54	2	4	137	7	4	0	17	6	11	3	2	2	42	0	2	114	4	0	1	0	1	3	9	0	57	80	4	41	0	0	90	0	0	0	1	0	0	0	0	0	17	0	0	0	0	0	0	0	0	0	1	0	0	1	0	0	0	0	0	0	0	0	0	0	0	0	0	0	0	1	0	0	0	0	0	0	0	0	0	31	0	0	0	0	0	0	0	7	0	0	0	0	24	0	0	0	0	0	0	0	0	0	0	0	48	0	0	0	1	0	34	0	0	4	18	0	0	0	0	0	0	0	0	0	0	0	0	0	0	2	0	0	0	0	0	0	0	0	0	0	0	0	0	0	1	1	0	0	0	0	0	0	0	0	0	2	0	57	0	0	0	0	0	0	0	0	0	0	0	0	0	0	0	0	213	0	0	0	0	0	0	0	0	0	0	41	0	0	0	0	0	0	0	189	0	0	0	0	0	0	0	0	0	0	0	0	0	0	0	0	0	0	5	0	0	0	0	0	0	0	0	0	0	1	192	0	0	0	0	0	0	0	0	0	0	0	0	0	0	0	0	0	0	0	0	0	0	0	0	0	0	0	0	0	0	0	103	0	0	0	0	0	0	0	0	0	0	0	0	0	0	0	0	0	0	0	0	0	0	0	0	0	0	0	0	0	0	0	90	0	0	0	0	1	0	0	0	0	0	0	0	0	0	0	0	0	0	0	0	0	0	0	1	0	0	0	0	0	0	0	0	0	0	0	0	0	0	0	0	0	0
3	0	0	0	0	0	0	0	0	0	0	0	0	0	0	0	0	0	0	0	0	0	0	0	0	0	0	0	0	0	0	0	0	0	0	0	0	0	0	0	0	0	0	0	0	0	0	0	0	0	0	0	0	0	0	0	0	0	0	0	0	0	0	0	0	0	0	0	0	0	0	0	0	0	0	0	0	0	0	0	0	0	0	0	0	0	0	0	0	0	0	0	0	0	0	0	0	0	0	0	0	0	0	0	0	0	0	0	0	0	0	0	0	0	0	0	0	0	0	0	0	0	0	0	0	0	0	0	0	0	0	0	0	0	0	0	0	0	0	0	0	0	0	0	0	0	0	0	0	0	0	0	18	0	0	0	0	0	0	0	0	0	0	0	0	0	0	0	0	0	0	0	0	0	0	0	0	0	0	0	0	0	0	0	0	0	0	0	0	0	0	0	0	0	0	0	0	0	0	0	0	0	0	0	0	0	0	0	0	0	0	0	0	0	0	0	0	0	8	0	0	0	0	0	0	0	0	0	0	0	0	0	0	0	0	0	0	0	0	0	0	0	0	0	0	0	0	0	0	0	0	0	0	0	0	0	0	0	0	0	0	0	0	0	0	0	0	0	0	0	0	0	2	0	0	0	0	0	0	0	0	0	0	0	0	0	0	0	0	0	0	0	0	0	0	0	0	0	0	0	0	0	0	0	0	0	0	0	0	0	30	0	0	0	0	0	0	0	0	0	0	0	0	0	0	0	0	0	0	0	0	0	0	0	11	0	0	0	9	0	0	0	0	0	0	0	0	0	0	39	0	0	0	0	0	0	0	0	0	0	0	0	53	0	0	0	0	0	0	0	0	0	0	0	46	0	0	0	0	0	0	0	0	0	0	0	0	0	0	0	0	0	0	0	0	0	0	0	0	0	0	0	0	0	0	0	0	0	0	0	0	0	0	0	0	0	0	0	0	0	0	0	0	0	0	142	0	103	2	0	0	0	0	0	0	0	3	0	0	0	0	0	40	0	235	0	0	0	0	0	0	0	0	0	0	83	0	0	0	0	0	0	0	96	0	0	0	0	0	0	0	0	0	0	0	0	0	0	0	0	0	0	0	0	0	0	0	0	7	0	0	0	0	0	163	0	0	0	0	0	0	0	0	0	0	0	0	0	0	0	0	0	0	0	0	0	0	0	0	0	0	0	0	0	0	0	643	0	0	0	0	0	0	0	0	0	0	0	0	0	0	0	0	0	0	0	0	0	0	0	0	0	0	0	0	0	0	34	118	0	0	0	0	0	0	0	0	0	0	0	0	0	0	0	0	0	0	0	0	0	0	0	0	0	0	0	0	0	0	0	0	0	0	0	0	0	0	0	0	0	0
4	0	0	0	0	0	0	0	0	0	0	0	0	0	0	0	0	0	0	0	0	0	0	0	0	0	0	0	0	0	0	0	0	0	0	0	0	0	0	0	0	0	0	0	0	0	0	0	0	0	0	0	0	0	0	0	0	0	5	0	0	0	0	0	0	0	0	0	0	0	0	0	0	0	0	0	0	0	0	0	0	0	0	0	0	0	0	0	0	0	0	0	0	0	0	0	0	0	0	0	0	0	0	0	0	0	0	0	0	0	0	0	0	0	0	0	0	0	0	0	0	0	0	0	0	0	0	0	0	0	0	0	0	0	0	0	0	0	0	0	0	0	0	0	0	0	0	0	0	0	0	0	0	0	0	0	0	0	0	0	0	0	0	0	0	0	0	0	0	0	0	0	0	0	0	0	0	0	0	0	0	0	0	0	0	0	0	0	0	0	0	0	0	0	0	0	0	0	0	0	0	0	0	0	0	0	0	0	0	0	0	0	0	0	0	0	0	0	0	0	4	0	11	0	0	0	0	0	0	0	0	0	0	0	0	0	0	0	0	0	0	0	0	0	0	0	0	0	0	0	88	0	0	0	0	0	0	0	0	0	0	0	0	0	0	0	0	0	0	0	0	0	0	0	3	0	0	0	0	0	0	0	0	0	0	0	0	0	0	0	0	0	0	0	0	0	0	0	0	0	0	0	0	0	0	0	0	0	0	0	187	0	0	0	0	0	0	0	0	0	0	0	0	4	0	0	0	0	0	0	0	0	12	0	0	0	0	0	0	0	0	0	0	0	0	0	0	0	0	65	0	0	0	0	0	0	0	0	0	0	0	0	132	0	0	0	0	0	0	0	0	0	0	0	52	0	0	0	0	0	0	0	0	0	0	62	0	0	0	0	0	0	0	0	0	0	0	0	0	0	0	0	0	0	0	0	0	0	0	0	0	0	0	0	0	0	0	0	0	0	0	0	0	0	0	37	0	134	2	0	0	0	0	1	0	0	0	0	0	0	0	0	47	0	189	0	0	0	8	0	0	0	0	0	0	70	0	0	0	3	0	0	0	66	0	0	0	0	0	0	0	0	0	0	0	0	0	0	0	0	0	0	0	0	0	0	0	0	0	0	0	0	0	0	61	0	0	0	0	0	0	0	0	0	0	0	0	0	0	0	0	0	0	0	0	0	0	0	0	0	0	0	0	0	0	0	134	0	0	0	0	0	0	0	0	0	0	0	0	0	0	0	0	0	1	0	0	0	0	0	0	0	0	0	0	0	0	0	213	0	0	0	0	0	0	0	0	0	0	0	0	0	0	0	0	0	0	0	0	0	0	0	0	0	0	0	0	0	0	0	0	0	0	0	0	0	0	0	0	0	0
5	0	0	0	0	0	0	0	0	0	0	0	0	0	0	0	0	0	0	0	0	0	0	0	0	0	0	0	0	0	0	0	0	0	0	0	0	0	0	0	0	0	0	0	0	0	0	0	0	0	0	0	0	0	0	0	0	0	0	0	0	0	0	0	0	0	0	0	0	0	0	0	0	0	0	0	0	0	0	0	0	0	0	0	0	0	0	0	0	0	0	0	0	0	0	0	0	0	0	0	0	0	0	0	0	0	0	0	0	0	0	0	0	0	0	0	0	0	0	0	0	0	0	0	0	0	0	0	0	0	0	0	0	0	0	0	0	0	0	0	0	0	0	0	0	0	0	0	0	0	0	0	0	0	0	0	0	0	0	0	0	0	0	0	0	0	0	0	0	0	0	0	0	0	0	0	0	0	0	0	0	0	0	0	0	0	0	0	0	0	0	0	0	0	0	0	0	0	0	0	0	0	0	0	0	0	0	0	0	0	0	0	0	0	0	0	0	0	0	0	0	0	0	0	0	0	0	0	0	0	0	0	0	0	0	0	0	0	0	0	0	0	0	0	0	0	0	0	0	0	0	0	0	0	0	0	0	0	0	0	0	0	0	0	0	0	0	0	0	0	0	0	0	0	0	0	0	0	0	0	0	0	0	0	0	0	0	0	0	0	0	0	0	0	0	0	0	0	0	0	0	0	0	0	0	0	0	0	0	0	24	0	0	0	0	0	0	0	0	0	0	0	0	13	0	0	0	0	0	0	0	0	0	0	0	0	0	0	2	0	0	0	0	0	0	0	0	0	0	0	0	0	0	0	0	0	0	0	0	0	0	0	64	0	0	0	0	0	0	0	0	0	0	0	108	3	0	0	17	0	0	0	0	0	0	0	0	0	0	0	0	0	0	0	0	0	0	0	0	0	0	0	0	0	0	0	0	0	0	0	0	0	0	0	0	0	0	0	0	0	0	0	0	0	0	0	0	38	2	0	0	0	0	0	0	0	0	0	0	0	0	0	60	0	92	0	0	0	0	0	0	0	6	0	0	79	0	0	0	0	0	0	0	30	0	0	0	0	0	0	0	0	0	0	0	0	0	0	0	0	0	0	0	0	0	0	0	0	0	0	0	0	0	0	7	0	0	0	0	0	0	0	0	0	0	0	0	0	0	0	0	0	0	0	0	0	0	0	0	0	0	0	0	0	0	0	90	0	0	0	0	0	0	0	0	0	0	0	0	0	0	0	0	0	0	0	0	0	0	0	0	0	0	0	0	0	0	0	43	0	0	0	0	0	0	0	0	0	0	0	0	0	0	0	0	0	0	0	0	0	0	0	0	0	0	0	0	0	0	0	0	0	0	0	0	0	0	0	0	0	0
6	0	0	0	0	0	0	0	0	0	0	0	0	0	0	0	0	0	0	0	0	0	0	0	0	0	0	0	0	0	0	0	0	0	0	0	0	0	0	0	0	0	0	0	0	0	0	0	0	0	0	0	0	0	0	0	0	0	0	0	0	0	0	0	0	0	0	0	0	0	0	0	0	0	0	0	0	0	0	0	0	0	0	0	0	0	0	0	0	0	0	0	0	0	0	0	0	0	0	0	0	0	0	0	0	0	0	0	0	0	0	0	0	0	0	0	0	0	0	0	0	0	0	0	0	0	0	0	0	0	0	0	0	0	0	0	0	0	0	0	0	0	0	0	0	0	0	0	0	0	0	0	0	0	0	0	0	0	0	0	0	0	0	0	0	0	0	0	0	0	0	0	0	0	0	0	0	0	0	0	0	0	0	0	0	0	0	0	0	0	0	0	0	16	0	0	0	0	0	0	0	0	0	0	0	0	0	0	0	0	0	0	0	0	0	0	0	0	0	0	0	0	8	0	0	0	0	0	0	0	0	0	0	0	0	0	0	0	0	0	0	0	0	0	0	0	0	0	0	0	3	0	0	0	0	0	0	0	0	0	0	1	0	0	0	0	0	0	0	0	0	0	0	0	0	0	0	0	16	0	0	0	0	0	0	0	0	0	0	0	0	0	0	0	0	0	0	0	0	0	0	0	0	0	0	0	0	0	0	3	201	0	0	0	0	0	0	0	0	0	0	0	0	0	0	0	0	0	0	0	0	0	0	0	0	0	0	0	0	0	0	0	0	2	0	0	0	0	0	121	0	0	0	0	0	0	0	0	0	0	0	0	39	0	0	0	0	0	0	0	0	0	0	0	101	0	0	0	0	0	0	0	0	0	0	0	0	0	0	0	0	0	0	0	0	0	0	0	0	0	0	0	0	0	0	0	0	0	0	0	0	0	0	0	0	0	0	0	0	0	1	0	0	0	0	0	0	51	6	0	0	0	0	0	0	0	0	0	0	0	0	0	0	0	221	0	0	0	0	0	0	0	0	0	0	201	0	0	0	0	0	0	0	45	0	0	5	0	0	1	0	0	0	0	0	0	0	0	0	0	0	0	0	0	0	0	0	0	0	0	0	0	0	0	90	0	0	0	0	0	0	0	0	0	0	0	0	0	0	0	0	0	0	0	0	0	0	0	0	0	0	0	0	0	0	0	206	0	0	0	0	16	0	0	0	0	0	0	0	0	0	0	0	0	0	0	0	0	0	0	0	0	0	0	0	0	0	0	82	0	0	0	0	0	0	0	0	0	0	0	0	0	0	0	0	0	0	0	0	0	0	0	10	0	0	0	0	0	0	0	0	0	1	0	0	0	0	0	0	0	0
7	0	0	0	0	0	0	0	0	0	0	0	0	0	0	0	0	0	0	0	0	0	0	0	0	0	0	0	0	0	0	0	0	0	0	0	0	0	0	0	0	0	0	0	0	0	0	0	0	0	0	0	0	30	0	0	0	0	0	0	0	0	0	0	0	0	0	0	0	0	0	0	0	0	0	0	0	0	0	0	0	0	0	0	0	0	0	0	0	0	0	0	0	0	0	0	0	0	0	0	0	0	0	0	0	0	0	0	0	0	0	0	0	0	0	0	0	0	0	0	0	0	0	0	0	0	0	0	0	0	0	0	0	0	0	0	0	0	0	0	0	0	0	0	0	0	0	0	0	0	0	0	0	0	0	0	0	0	0	0	0	34	0	0	0	0	163	0	0	0	0	3	0	0	0	0	0	0	0	0	0	0	0	0	0	0	9	0	0	0	0	0	18	0	0	0	0	0	0	0	0	0	0	0	0	0	10	0	0	0	0	2	0	0	0	0	0	0	0	4	0	0	0	1	0	0	0	0	0	0	0	0	0	0	0	0	0	0	0	0	0	0	0	0	0	0	0	0	0	0	13	0	0	0	0	0	0	0	0	0	0	0	0	0	0	0	0	0	0	0	0	0	0	0	0	0	0	0	0	0	0	0	0	0	0	0	0	0	0	0	0	0	0	0	0	0	0	0	0	0	65	0	0	0	0	0	0	0	0	0	84	0	0	0	0	0	0	0	0	0	0	0	0	0	0	0	0	0	0	0	0	0	0	0	0	0	0	0	0	0	1	0	0	0	0	0	0	0	0	0	0	0	0	0	0	0	0	0	0	0	0	0	53	0	0	5	0	0	0	0	0	0	0	0	35	0	0	0	0	0	0	0	0	0	2	0	0	0	0	0	0	0	0	0	0	0	0	0	0	0	0	0	0	0	0	0	0	0	0	0	0	0	0	0	0	0	0	0	0	0	0	0	0	0	0	30	0	82	0	0	0	0	0	0	0	0	0	0	0	0	0	0	0	0	70	0	0	0	0	0	0	0	0	0	0	154	0	0	0	0	0	0	0	65	0	0	0	0	0	0	0	0	0	0	0	0	0	0	0	0	0	0	0	0	0	0	0	0	0	0	0	0	0	0	52	0	0	0	0	0	0	0	0	0	0	0	0	0	0	0	0	0	0	0	0	0	0	0	0	0	0	0	0	0	0	0	61	0	0	0	0	0	0	0	0	0	0	0	0	0	0	0	0	0	0	0	0	0	0	0	0	0	0	0	0	0	0	0	187	0	0	0	0	0	0	0	0	0	0	0	0	0	0	0	0	0	0	0	0	0	0	0	3	0	0	0	0	0	0	0	0	0	0	0	0	0	0	0	0	0	0
8	0	0	0	0	0	0	0	0	0	0	0	0	0	0	0	0	0	0	0	0	0	0	0	0	0	0	0	0	0	0	0	0	0	0	0	0	0	0	0	0	0	0	0	0	0	0	0	0	0	0	0	0	0	0	0	0	0	0	0	0	0	0	0	0	0	0	0	0	0	0	0	0	0	0	0	0	0	0	0	0	0	0	0	0	0	0	0	0	0	0	0	0	0	0	0	0	0	0	0	0	0	0	0	0	0	0	0	0	0	0	0	0	0	0	0	0	0	0	0	0	0	0	0	0	0	0	0	0	0	0	123	0	0	0	0	0	0	0	0	0	0	0	0	0	0	0	0	0	0	0	0	0	0	0	0	0	0	0	0	0	0	0	0	0	0	0	0	0	0	0	0	0	0	0	0	0	0	0	0	0	0	0	0	0	0	0	0	0	0	0	0	0	0	0	0	0	0	0	0	0	0	0	0	0	0	0	0	0	0	0	0	0	0	0	0	0	0	0	0	0	0	0	0	0	0	0	0	0	0	0	0	0	0	0	0	0	0	0	0	0	0	0	0	0	0	0	0	0	0	22	0	0	0	26	0	0	0	0	0	0	0	0	0	0	0	0	0	0	0	0	0	0	0	0	0	0	0	0	0	0	0	0	0	0	0	0	0	0	0	0	0	0	0	0	0	0	0	0	0	0	0	0	0	0	0	0	0	0	0	161	0	0	0	0	0	0	0	0	0	0	0	0	0	0	0	0	0	0	0	0	0	0	0	0	0	0	0	0	0	0	0	0	0	0	0	0	0	0	0	0	0	0	0	0	0	0	0	0	0	0	0	62	0	0	0	0	0	0	0	0	0	0	0	64	0	0	0	0	0	0	0	0	0	6	0	0	0	0	0	0	0	0	0	0	0	0	0	0	0	0	0	0	0	0	0	0	0	0	0	0	0	0	0	0	0	0	0	0	0	0	0	0	0	0	18	0	3	10	0	0	0	0	0	0	0	0	0	0	0	0	0	0	0	31	0	0	0	0	0	0	0	0	0	0	20	0	0	0	0	0	0	0	31	0	0	0	0	0	0	0	0	0	0	0	0	0	0	0	0	0	0	0	0	0	0	0	0	0	0	0	0	0	0	94	0	0	0	0	0	0	0	0	0	0	0	0	0	0	0	0	0	0	0	0	1	0	0	0	0	0	0	0	0	0	0	17	0	0	0	0	0	0	0	0	0	0	0	0	0	0	0	0	0	0	0	0	0	0	0	0	0	0	0	0	0	0	0	123	0	0	0	0	0	0	0	0	0	0	0	0	0	0	0	0	0	0	0	0	0	0	0	0	0	0	0	0	0	0	0	0	0	0	0	0	0	0	0	0	0	0
9	0	0	0	0	0	0	0	0	0	0	0	0	0	0	0	0	0	0	0	0	0	0	0	0	0	0	0	0	0	0	0	0	0	0	0	0	0	0	0	0	0	0	0	0	0	0	0	0	0	0	0	0	0	0	0	0	0	0	0	0	0	0	0	0	0	0	0	0	0	0	0	0	0	0	0	0	0	0	0	0	0	0	0	0	0	0	0	0	0	0	0	0	0	0	0	0	0	0	0	0	0	0	0	0	0	0	0	0	0	0	0	0	0	0	0	0	0	0	0	0	0	0	0	0	0	0	0	0	0	0	0	0	0	0	0	0	0	0	0	0	0	0	0	0	0	0	0	0	0	0	0	0	0	0	0	0	0	0	0	0	0	0	2	59	0	0	0	0	0	0	0	0	0	0	0	0	0	0	0	0	0	0	0	21	0	0	0	0	0	0	0	0	0	89	0	0	0	0	0	0	0	0	0	0	0	0	0	0	0	0	0	0	0	0	0	0	0	0	0	0	0	0	0	0	0	0	0	0	4	0	0	0	0	0	0	34	0	0	0	0	0	0	0	0	0	0	0	0	0	0	0	62	0	0	0	0	0	0	0	0	0	0	0	0	0	0	0	0	0	0	0	0	0	0	0	0	0	0	0	0	0	0	0	0	0	0	0	0	0	0	0	0	0	0	0	0	0	0	0	0	0	0	0	0	0	0	0	1	0	86	0	0	0	0	0	0	0	0	0	0	0	0	0	0	0	0	0	0	0	0	0	0	0	0	0	0	0	0	0	0	0	0	0	0	0	0	0	0	2	0	0	0	0	0	0	0	0	0	0	0	0	46	0	0	0	0	0	0	0	0	0	0	0	69	0	0	0	0	0	0	0	0	0	0	0	0	0	0	0	0	0	0	0	0	0	0	0	0	0	0	0	0	0	0	0	0	0	0	0	0	0	0	0	0	0	0	0	0	0	0	0	0	0	0	11	0	13	0	0	0	0	0	1	0	0	0	0	0	0	0	0	0	0	68	0	0	0	9	0	0	0	0	0	0	21	0	0	0	0	0	0	0	233	0	0	0	0	0	0	0	0	0	0	0	0	0	0	0	0	0	0	0	0	0	0	0	0	0	0	0	0	0	0	24	0	6	0	0	0	0	0	0	0	0	0	0	0	0	0	0	0	0	0	0	0	0	0	0	0	0	0	0	0	0	0	172	0	0	0	0	0	0	0	0	0	0	0	0	0	0	0	0	0	0	0	0	0	0	0	0	0	0	0	0	0	0	0	107	0	0	0	0	0	0	0	0	0	0	0	0	0	0	0	0	0	0	0	0	0	0	0	0	0	0	0	0	0	0	0	0	0	0	0	0	0	0	0	0	0	0
10	0	0	0	0	0	0	0	0	0	0	0	0	0	0	0	0	0	0	0	0	0	0	0	0	0	0	0	0	0	0	0	0	0	0	0	0	0	0	0	0	0	0	0	0	0	0	0	0	0	0	0	0	0	0	0	0	0	0	0	0	0	0	0	0	0	0	0	0	0	0	0	0	0	0	0	0	0	0	0	0	0	0	0	0	0	0	0	0	0	0	0	0	0	0	0	0	0	0	0	0	0	0	0	0	0	0	0	0	0	0	0	0	0	0	0	0	0	0	0	0	0	0	0	0	0	0	0	0	0	0	0	0	0	0	0	50	0	0	0	0	0	0	0	0	0	0	16	0	0	67	0	0	0	0	0	0	0	0	0	0	0	0	0	0	0	0	0	0	0	0	0	0	0	0	0	0	0	0	0	0	0	12	0	0	0	0	0	0	0	0	0	0	0	0	0	0	0	0	0	0	0	0	0	0	0	0	0	0	0	0	0	6	0	0	0	0	0	0	0	0	0	0	0	0	0	0	0	0	0	0	0	0	2	0	0	0	0	0	0	0	0	0	0	0	0	0	0	0	0	0	0	0	0	0	0	0	0	0	0	0	5	0	0	0	0	0	0	0	0	0	0	0	0	0	0	0	0	0	0	0	0	0	0	0	0	0	0	0	0	5	0	0	0	0	0	0	17	0	0	0	0	0	0	0	0	0	0	0	0	50	0	0	0	0	0	0	0	0	0	0	2	0	0	0	0	0	0	0	0	0	0	0	0	0	0	0	0	0	0	0	0	0	0	0	0	0	0	0	35	0	0	0	0	0	0	0	0	0	0	3	0	59	0	0	0	0	0	0	0	0	0	0	0	80	0	0	0	0	0	0	0	0	0	0	0	0	0	0	0	0	0	0	0	0	0	0	0	0	0	0	0	0	0	0	0	0	0	0	0	0	0	0	1	0	0	0	0	0	0	0	0	0	0	0	0	0	77	0	0	0	0	0	0	0	0	0	0	0	0	0	0	0	0	29	0	0	0	2	0	0	0	0	0	0	66	0	0	0	0	0	0	0	30	0	0	0	0	0	0	0	0	0	0	0	0	0	0	0	0	0	0	0	0	0	0	0	0	0	0	0	0	0	0	17	0	0	0	0	0	0	0	0	0	0	0	0	0	0	0	0	0	0	0	0	7	0	0	0	0	0	0	0	0	0	0	7	0	0	0	0	0	0	0	0	0	0	0	0	0	0	0	0	0	0	0	0	0	0	0	0	0	0	0	0	0	0	0	54	0	0	0	0	1	0	0	0	0	0	0	0	0	0	0	0	0	0	0	0	0	0	0	0	0	0	0	0	0	0	0	0	0	0	0	0	0	0	0	0	0	0
11	0	0	0	0	0	0	0	0	0	0	0	0	0	0	0	0	0	0	0	0	0	0	0	0	0	0	0	0	0	0	0	0	0	0	0	0	0	0	0	0	0	0	0	0	0	0	0	0	0	0	0	0	0	0	0	0	0	0	0	0	0	0	0	0	0	0	0	0	0	0	0	0	0	0	0	0	0	0	0	0	0	0	0	0	0	0	0	0	0	0	0	0	0	0	0	0	0	0	0	0	0	0	0	0	0	0	0	0	0	0	0	0	0	0	0	0	0	0	0	0	0	0	0	0	0	0	0	0	0	0	0	0	0	0	0	0	0	0	0	0	0	0	0	0	0	0	0	0	0	0	0	0	0	0	0	0	0	0	0	0	0	0	0	0	0	0	0	3	0	0	0	0	0	0	0	0	0	0	0	0	0	0	0	0	0	15	0	0	0	8	0	0	8	0	0	0	0	0	0	0	0	0	0	0	0	0	0	0	0	0	0	0	0	0	0	0	0	0	0	0	0	1	0	2	0	0	0	0	2	0	0	0	0	0	0	0	0	0	0	0	0	0	0	0	20	0	0	0	0	0	0	0	0	0	0	0	0	0	0	0	26	0	0	0	0	0	0	0	0	0	0	0	0	0	0	0	0	0	0	29	0	0	0	0	0	0	0	0	0	0	0	0	0	0	0	0	0	0	0	3	0	0	0	0	0	0	0	0	0	25	0	0	0	0	0	0	0	0	0	0	0	0	4	0	0	0	0	0	0	0	0	0	0	0	0	0	0	0	0	23	0	0	0	0	0	0	0	0	9	0	0	0	0	0	0	0	1	0	0	130	0	115	0	0	0	0	0	0	1	0	0	0	0	128	0	0	0	0	0	0	0	0	0	0	0	0	0	0	0	0	0	0	0	19	0	0	0	0	0	0	0	0	0	0	0	0	0	0	0	0	0	0	0	0	0	0	0	0	0	0	0	0	0	0	0	0	92	1	0	0	0	0	0	0	0	0	0	0	0	0	0	2	0	31	0	0	0	0	0	0	0	0	0	0	96	0	0	0	2	0	0	0	162	0	0	0	0	0	0	0	0	0	0	0	0	0	0	0	0	0	0	0	0	0	0	0	0	0	0	0	0	0	0	99	0	0	0	0	0	0	0	0	0	0	0	0	0	0	0	0	0	0	0	0	0	0	0	0	0	0	0	0	0	0	0	69	0	0	0	0	0	0	0	0	0	0	0	0	0	0	0	0	0	0	0	0	0	0	0	0	0	0	0	0	0	0	0	166	0	0	0	0	0	0	0	0	0	0	0	0	0	0	0	0	0	0	0	0	0	0	0	0	0	0	0	0	0	0	0	0	0	0	0	0	0	0	0	0	0	0
12	0	0	0	0	0	0	0	0	0	0	0	0	0	0	0	0	0	0	0	0	0	0	0	0	0	0	0	0	0	0	0	0	0	0	0	0	0	0	0	0	0	0	0	0	0	0	0	0	0	0	0	0	0	0	0	0	0	0	0	0	0	0	0	0	0	0	0	0	0	0	0	0	0	0	0	0	0	0	0	0	0	0	0	0	0	0	0	0	0	0	0	0	0	0	0	0	0	0	0	0	0	0	0	0	0	0	0	0	0	0	0	0	0	0	0	0	0	0	0	0	45	0	0	0	0	0	0	0	0	0	0	0	0	0	0	0	0	0	0	0	0	0	0	0	0	0	0	0	0	0	0	0	0	0	0	0	0	0	0	0	0	0	0	50	0	0	0	0	0	0	0	0	0	0	0	0	0	0	0	0	0	0	0	0	0	0	0	0	0	0	0	0	0	0	0	0	0	0	0	0	137	0	0	0	0	0	0	0	0	0	0	0	0	0	0	0	0	0	72	0	0	0	0	0	0	0	0	0	0	8	0	0	0	0	0	0	0	0	0	0	0	0	0	0	0	0	0	0	0	0	0	0	0	2	0	0	0	0	0	0	0	0	0	27	0	0	0	0	0	0	0	0	0	0	0	0	0	0	0	0	0	0	0	0	0	0	0	0	0	0	0	0	0	0	0	0	0	0	0	21	0	0	0	0	0	0	0	0	0	5	0	0	0	0	0	0	0	0	24	0	0	0	27	0	0	0	0	0	0	0	0	0	0	0	0	0	0	0	0	0	0	0	0	0	0	0	0	0	0	0	0	0	0	0	0	0	0	0	0	0	0	237	0	0	0	0	0	0	0	0	0	0	0	30	0	0	0	9	0	0	0	0	0	0	0	0	0	0	0	0	0	0	0	0	0	0	0	0	0	0	0	0	0	0	0	0	0	0	0	0	0	0	0	0	0	0	0	2	0	0	0	0	0	0	2	0	119	0	0	0	0	0	0	0	0	0	0	0	0	0	0	61	0	82	0	1	0	0	0	0	0	0	0	0	110	0	0	0	0	0	0	0	130	0	0	0	0	0	0	0	0	0	0	0	0	0	0	1	0	0	0	0	0	0	0	0	0	0	0	0	0	0	2	29	0	0	0	0	0	0	0	0	0	0	0	0	0	0	0	0	0	0	0	0	0	0	0	0	0	0	0	0	0	0	0	73	0	14	0	0	0	0	0	0	0	0	0	0	0	0	0	0	0	0	0	0	0	0	0	0	0	0	0	0	0	0	0	136	0	0	0	0	0	0	0	0	0	0	0	0	0	0	0	0	0	0	0	0	0	0	0	37	0	0	0	0	0	0	0	0	0	0	0	0	0	0	0	0	0	0
13	0	0	0	0	0	0	0	0	0	0	0	0	0	0	0	0	0	0	0	0	0	0	0	0	0	0	0	0	0	0	0	0	0	0	0	0	0	0	0	0	0	0	0	0	0	0	0	0	0	0	0	0	0	0	0	0	0	0	0	0	0	0	0	0	0	0	0	0	0	0	0	0	0	0	0	0	0	0	0	0	0	0	0	0	0	0	0	0	0	0	0	0	0	0	0	0	0	0	0	0	0	0	0	0	0	0	0	0	0	0	0	0	0	0	0	0	0	0	0	0	0	0	11	0	0	0	0	0	0	0	1	0	0	0	0	0	0	0	0	0	0	0	0	0	0	0	0	0	0	0	0	0	0	0	0	0	0	0	0	0	0	0	0	0	0	0	0	0	0	0	0	0	0	0	0	0	0	0	0	0	0	0	13	0	0	0	0	0	0	0	0	0	0	0	0	0	0	0	0	0	0	0	0	0	0	0	0	0	0	0	0	0	0	0	0	0	0	0	0	0	0	0	0	0	0	0	0	0	0	0	0	0	0	0	0	0	0	0	0	0	0	0	0	0	0	0	0	0	0	22	0	0	0	0	0	0	0	0	0	0	0	0	0	0	0	0	0	0	0	0	0	0	0	0	0	0	0	0	0	0	0	0	0	0	0	0	0	0	0	0	0	0	0	0	0	0	0	0	0	0	0	0	0	0	0	0	0	0	0	21	0	0	0	0	0	0	0	0	0	0	0	0	4	0	0	0	0	0	0	0	0	0	0	0	0	0	0	0	0	0	0	0	0	0	0	0	0	0	43	0	0	0	0	0	0	0	12	0	0	0	0	62	0	0	0	0	0	0	0	0	0	0	0	123	0	0	0	19	0	0	0	0	0	0	23	0	0	0	0	0	0	0	0	0	0	3	0	0	0	0	0	0	0	0	0	0	0	0	0	0	0	0	0	0	0	0	0	0	0	0	0	0	0	0	5	0	157	13	0	0	0	0	5	0	0	0	0	0	0	0	0	19	0	325	0	0	0	0	0	0	1	0	0	0	146	0	0	0	0	0	0	0	120	0	0	0	0	0	3	0	0	0	0	0	0	0	0	0	0	0	0	0	9	0	0	0	0	0	0	0	0	0	0	209	0	0	0	0	0	0	0	0	0	0	0	0	0	0	0	0	0	0	0	0	0	0	0	0	0	0	0	0	0	0	0	27	0	0	0	0	0	0	0	0	0	0	0	0	0	0	0	0	0	0	0	0	0	0	0	0	0	0	0	0	0	0	0	185	0	0	0	0	0	0	0	0	0	0	0	0	0	0	0	0	0	0	0	0	0	0	0	0	0	0	0	0	0	0	0	0	0	1	0	0	0	0	0	0	0	0
14	0	0	0	0	0	0	0	0	0	0	0	0	0	0	0	0	0	0	0	0	0	0	0	0	0	0	0	0	0	0	0	0	0	0	0	0	0	0	0	0	0	0	0	0	0	0	0	0	0	0	0	0	0	0	0	0	0	0	0	0	0	0	0	0	0	0	0	0	0	0	0	0	0	0	0	0	0	0	0	0	0	0	0	0	0	0	0	0	0	0	0	0	0	0	0	0	0	0	0	0	0	0	0	0	0	0	0	0	0	0	0	0	0	0	0	0	0	0	0	0	0	0	0	0	0	0	0	0	0	0	0	0	0	0	0	0	0	0	0	0	0	0	0	0	0	0	0	0	0	0	0	57	0	0	0	0	0	0	0	0	0	0	0	0	0	0	0	0	0	0	0	0	0	0	0	0	0	0	0	0	0	0	0	0	0	0	0	0	0	0	0	0	0	0	0	0	0	0	0	0	6	0	0	0	0	0	0	0	15	0	0	0	0	0	0	0	0	0	0	0	0	0	0	0	0	0	0	0	0	0	0	0	0	0	0	0	0	0	0	0	0	0	0	1	0	0	0	0	0	3	0	0	0	0	0	0	0	0	0	0	0	0	0	0	0	0	0	0	0	0	0	0	0	0	0	0	0	0	0	0	0	0	0	0	0	0	0	0	0	0	11	0	0	0	0	0	0	0	0	0	0	0	0	0	0	0	1	0	0	57	0	0	0	0	0	0	0	0	0	0	0	0	0	0	0	0	0	0	0	0	0	0	0	0	0	0	0	0	0	0	0	0	0	0	0	0	0	0	5	0	0	0	0	1	0	0	0	0	0	0	0	25	0	0	0	0	0	0	0	0	0	0	0	84	0	0	0	2	0	0	0	0	0	0	0	0	0	0	0	0	0	0	0	0	0	0	0	0	0	0	0	0	0	0	0	0	0	0	0	0	0	0	0	0	0	0	0	0	0	0	0	0	0	0	3	0	48	13	0	0	0	0	0	0	0	0	0	0	0	0	0	0	0	76	0	0	0	0	0	0	0	0	0	5	197	0	0	0	0	0	0	0	59	0	0	0	0	0	0	0	0	0	0	0	0	0	0	0	0	0	0	0	0	0	0	0	0	0	0	0	0	0	0	49	0	0	0	0	0	0	0	0	0	0	0	0	0	0	0	0	0	0	0	0	0	0	0	0	0	0	0	0	0	0	0	61	0	0	0	0	0	0	0	0	0	0	0	0	0	0	0	0	0	0	0	0	0	0	0	0	0	0	0	0	0	0	0	95	0	0	0	0	0	0	0	0	0	0	0	0	0	0	0	0	0	0	0	0	0	0	0	0	0	0	0	0	0	0	0	0	0	0	0	0	0	0	0	0	0	0
15	0	0	0	0	0	0	0	0	0	0	40	0	0	0	0	0	0	0	0	0	0	0	0	0	0	0	0	0	0	0	0	0	0	0	0	0	0	0	0	0	0	0	0	0	0	0	0	0	0	0	0	0	0	0	0	0	0	0	0	0	0	0	0	0	0	0	0	0	0	0	0	0	0	0	0	0	0	0	0	0	0	0	0	0	0	0	0	0	0	0	0	0	0	0	0	0	0	0	0	0	0	0	0	0	0	0	0	0	0	0	0	0	0	0	0	0	0	0	0	0	0	0	0	0	0	0	0	0	0	0	0	0	0	0	0	0	0	0	0	0	0	0	0	0	0	0	0	0	0	0	0	0	0	0	0	0	0	0	0	0	0	0	0	0	0	0	0	0	0	0	0	0	0	0	0	0	0	0	0	0	0	0	0	0	0	0	0	0	0	0	0	0	0	0	0	0	0	0	0	0	0	0	0	0	0	0	0	0	0	0	0	0	0	0	0	0	0	0	0	0	0	0	0	0	0	0	0	0	0	0	0	0	12	0	0	0	0	0	0	0	0	0	0	0	0	0	0	0	0	0	0	0	0	0	0	0	0	0	0	0	0	0	0	0	0	0	0	0	0	0	0	0	0	0	0	0	0	0	0	0	0	0	0	0	0	0	0	0	0	0	0	0	0	0	0	0	15	0	0	0	0	0	0	0	0	0	0	0	0	144	0	0	0	0	0	0	23	0	0	0	0	0	0	0	0	0	0	0	0	0	0	0	0	0	0	0	0	0	0	0	0	0	0	0	0	0	0	0	0	0	0	0	0	0	0	0	0	0	0	0	0	123	0	0	0	0	0	0	0	0	17	0	0	65	0	0	0	0	0	0	0	0	0	0	0	0	0	0	0	0	0	0	0	0	0	0	0	0	0	0	0	0	9	0	0	0	0	0	0	0	0	0	0	0	0	0	0	0	0	0	0	0	0	0	140	0	18	147	0	0	0	0	1	0	0	0	0	0	0	0	0	0	0	48	0	0	0	0	0	0	0	0	0	0	192	0	0	0	0	0	0	0	180	0	0	0	0	0	0	0	0	0	0	0	0	0	0	0	0	0	0	0	0	0	0	0	0	0	0	0	0	0	0	89	0	0	0	0	0	0	0	0	0	0	0	0	0	0	0	0	0	0	0	0	0	0	0	0	0	0	0	0	0	0	0	135	19	0	0	0	0	0	0	0	0	0	0	0	0	0	0	0	0	0	0	0	0	0	0	0	0	0	0	0	0	0	0	134	0	0	0	0	0	0	0	0	0	0	0	0	0	0	0	0	0	0	0	0	0	0	0	0	0	0	0	0	0	0	0	0	0	0	0	0	0	0	0	0	0	0
16	0	0	0	0	0	0	0	0	0	0	0	0	0	0	0	0	0	0	0	0	0	0	0	0	0	0	0	0	0	0	0	0	0	0	0	0	0	0	0	0	0	0	0	0	0	0	0	0	0	0	0	0	0	0	0	0	0	0	0	0	0	0	0	0	0	0	0	0	0	0	0	0	0	0	0	0	0	0	0	0	0	0	0	0	0	0	0	0	0	0	0	0	0	0	0	0	0	0	0	0	0	0	0	0	0	0	0	0	0	0	0	0	0	0	0	0	0	0	0	0	0	0	0	0	0	0	0	0	0	0	44	0	0	0	20	0	0	0	0	0	0	0	0	0	0	0	0	0	0	0	0	0	0	0	0	0	0	0	0	0	0	0	0	0	0	0	0	0	0	0	0	0	0	0	0	0	0	0	0	0	0	0	0	0	0	0	0	0	0	0	0	0	0	0	0	0	0	0	0	0	0	0	0	0	0	0	0	0	0	0	0	0	0	0	0	9	0	0	0	0	0	0	0	0	0	0	0	0	0	0	0	0	0	0	0	0	0	0	0	0	0	0	0	0	0	0	0	0	0	174	0	0	0	0	0	0	0	0	0	0	0	0	0	0	0	0	0	0	0	0	0	0	0	0	0	0	0	0	0	0	0	0	1	0	0	0	0	0	0	0	0	0	0	0	0	0	0	0	0	0	0	0	0	0	0	0	0	0	0	89	0	0	0	0	0	0	0	0	0	28	0	0	0	0	0	0	0	0	0	0	0	0	0	0	0	0	0	0	0	0	0	0	0	0	0	0	0	0	1	0	0	0	0	0	0	0	0	0	0	0	0	10	0	0	0	0	0	0	0	0	0	0	0	106	0	0	0	5	0	0	0	0	0	0	0	0	0	0	0	0	0	0	0	0	0	0	0	0	0	0	0	0	0	0	0	0	0	0	0	0	0	0	0	0	0	0	0	0	0	0	0	0	0	0	3	0	90	0	0	0	0	0	0	0	0	0	0	0	0	0	0	5	0	178	0	0	0	0	0	0	0	0	0	0	79	0	0	0	0	0	0	0	65	0	0	0	0	0	0	0	0	0	0	0	0	0	0	0	0	0	0	0	0	0	0	0	0	0	0	0	0	0	0	52	0	16	0	0	0	0	0	0	0	0	0	0	0	0	0	0	0	0	0	0	0	0	0	0	0	0	0	0	0	0	0	117	0	0	0	0	0	0	0	0	0	0	0	0	0	0	0	0	0	0	0	0	0	0	0	0	0	0	0	0	0	0	0	30	0	0	0	0	0	0	0	0	0	0	0	0	0	0	0	0	0	0	0	0	0	0	0	0	0	0	0	0	0	0	0	0	0	0	0	0	0	0	0	0	0	0
17	0	0	0	0	0	0	0	0	0	0	0	0	0	0	0	0	0	0	0	0	0	0	0	0	0	0	0	0	0	0	0	0	0	0	0	0	0	0	0	0	0	0	0	0	0	0	0	0	0	0	0	0	0	0	0	0	0	0	0	0	0	0	0	0	0	0	0	0	0	0	0	0	0	0	0	0	0	0	0	0	0	0	0	0	0	0	0	0	0	0	0	0	0	0	0	0	0	0	0	0	0	0	0	0	0	0	0	0	0	0	0	0	0	0	0	0	0	0	0	0	0	0	0	0	120	0	0	0	0	0	0	0	0	0	0	0	0	0	0	0	0	0	0	0	0	0	0	0	0	0	0	0	0	0	0	0	0	0	0	0	0	0	0	0	0	0	0	0	0	0	0	0	0	0	0	0	0	0	0	0	0	0	0	0	0	0	0	0	0	0	0	0	0	0	0	0	0	0	0	0	0	0	0	0	0	0	1	0	0	0	0	0	0	0	0	0	0	0	0	0	0	0	0	0	0	0	0	0	0	0	0	0	0	0	0	0	0	0	0	0	0	0	0	0	0	0	0	0	0	0	0	0	0	0	0	0	0	0	0	0	0	0	0	0	0	3	0	0	0	0	0	0	0	0	0	0	0	0	0	0	0	0	0	0	0	0	0	0	0	0	0	0	0	0	0	0	0	0	0	0	0	0	0	0	0	0	0	0	0	112	0	0	0	0	0	0	0	0	0	0	0	0	32	0	0	0	0	0	0	0	0	0	0	0	0	0	0	0	0	0	0	0	0	0	0	0	0	0	0	0	0	0	0	0	0	0	0	0	0	1	0	259	0	0	0	0	0	0	0	0	0	0	0	120	0	0	0	0	0	0	0	0	0	0	0	0	0	0	0	0	0	0	0	0	0	0	0	0	0	0	0	0	0	0	0	0	0	0	0	0	0	0	0	0	0	0	0	0	0	1	0	0	0	0	0	0	104	1	0	0	0	0	0	0	0	0	0	0	0	0	0	48	0	162	0	1	0	0	0	0	0	0	0	0	50	0	0	0	0	0	0	0	9	0	0	0	0	0	0	0	0	0	0	0	0	0	0	0	0	0	0	0	0	0	0	0	0	0	0	0	0	1	0	234	0	0	0	0	0	0	0	0	0	0	0	0	0	0	0	0	0	0	0	0	0	0	0	0	0	0	0	0	0	0	0	77	0	0	0	0	0	0	0	0	0	0	0	0	0	0	0	0	0	0	0	0	0	0	0	0	0	0	0	0	0	0	0	150	0	0	0	0	0	0	0	0	0	0	0	0	0	0	0	0	0	0	0	0	0	0	0	0	0	0	0	0	0	0	0	0	0	0	0	0	0	0	0	0	0	0
18	0	0	0	0	0	0	0	0	0	0	0	0	0	0	0	0	0	0	0	0	0	0	0	0	0	0	0	0	0	0	0	0	0	0	0	0	0	0	0	0	0	0	0	0	0	0	0	0	0	0	0	0	0	0	0	0	0	0	0	0	0	0	0	0	0	0	0	0	0	0	0	0	0	0	0	0	0	0	0	0	0	0	0	0	0	0	0	0	0	0	0	0	0	0	0	0	0	0	0	0	0	0	0	0	0	0	0	0	0	0	0	0	0	0	0	0	0	0	0	0	0	0	0	0	0	0	0	18	6	0	0	0	0	0	0	0	0	0	0	0	0	0	0	0	0	0	0	0	0	0	0	0	0	0	0	0	0	0	0	0	0	0	0	0	0	0	0	0	0	0	0	0	0	0	0	0	0	0	0	0	0	0	58	0	0	0	0	0	0	0	0	0	0	0	0	0	0	0	0	0	0	0	0	0	0	0	0	0	0	0	0	0	0	0	0	0	0	0	0	0	0	0	0	0	0	0	0	0	0	0	0	0	0	0	0	0	0	0	0	0	0	0	57	0	0	0	0	0	0	0	0	0	0	0	0	0	0	0	0	1	2	0	0	0	1	0	0	0	0	0	0	0	0	0	0	0	0	0	0	0	0	0	0	0	0	15	0	0	0	0	0	0	0	0	0	0	0	0	0	1	0	0	0	0	0	0	0	0	0	28	0	0	0	0	0	0	0	0	0	0	0	0	3	0	0	0	0	0	0	0	0	0	0	0	0	0	0	0	0	0	0	0	0	0	0	0	0	0	7	0	0	0	0	0	0	0	1	0	0	0	0	150	0	2	0	0	0	0	0	0	0	0	0	97	0	0	0	0	0	0	0	0	0	0	0	0	0	0	0	0	0	0	0	0	0	0	0	0	0	0	0	0	0	0	0	0	0	0	0	0	0	0	0	0	0	0	0	0	0	4	0	0	0	0	2	0	43	36	0	0	0	0	0	0	0	0	0	0	0	0	0	0	0	76	0	0	0	0	0	0	0	0	0	0	97	0	0	0	0	0	0	0	71	0	0	0	0	13	0	0	0	0	0	0	0	0	0	0	1	0	0	0	0	0	0	0	0	0	0	0	0	0	0	124	0	0	0	0	0	0	0	0	0	0	0	0	0	0	0	0	0	0	0	0	0	0	0	0	0	0	0	0	0	0	0	73	0	0	0	0	0	0	0	0	0	0	0	0	0	0	0	0	0	0	0	0	0	0	0	0	0	0	0	0	0	0	0	125	0	0	0	0	0	0	0	0	0	0	0	0	0	0	0	0	0	0	0	0	0	0	0	0	0	0	0	0	0	0	0	0	0	0	0	0	0	0	0	0	0	0
19	0	0	0	0	0	0	0	0	0	0	0	0	0	0	0	0	0	0	0	0	0	0	0	0	0	0	0	0	0	0	0	0	0	0	0	0	0	0	0	0	0	0	0	0	0	0	0	0	0	0	0	0	0	0	0	0	0	0	0	0	0	0	0	0	0	0	0	0	0	0	0	0	0	0	0	0	0	0	0	0	0	0	0	0	0	0	0	0	0	0	0	0	0	0	0	0	0	0	0	0	0	0	0	0	0	0	0	0	0	0	0	0	0	0	0	0	0	0	0	0	0	0	0	0	0	0	0	0	0	0	0	0	0	0	0	0	0	0	0	0	0	0	0	0	0	0	0	0	0	0	0	0	0	0	0	0	0	0	0	0	0	0	0	0	0	0	0	0	0	0	0	0	0	0	0	0	0	0	0	0	0	0	0	0	0	0	0	0	0	0	0	0	0	0	0	0	0	0	0	0	0	0	0	0	0	0	0	0	0	0	0	0	2	0	0	0	0	0	0	0	0	0	0	0	0	0	0	0	0	0	0	0	0	0	0	0	0	0	4	0	0	0	0	0	0	0	0	0	0	0	0	0	0	0	0	0	0	0	0	0	0	0	0	0	0	0	0	0	0	0	0	0	0	0	0	0	0	18	0	1	0	0	0	0	0	0	0	0	0	0	0	0	0	0	0	0	0	0	0	0	0	0	0	0	0	0	0	0	0	55	0	0	0	0	0	0	0	0	0	0	0	0	4	0	0	0	0	0	0	0	0	0	0	0	3	0	0	0	0	0	0	0	0	0	0	0	0	0	20	0	0	0	0	0	0	0	0	0	0	0	0	117	0	0	0	0	0	0	0	0	0	0	0	258	0	0	0	0	0	0	0	0	0	0	0	0	0	0	0	0	0	0	0	10	0	0	0	0	0	0	0	0	0	0	0	0	0	0	0	0	0	0	0	0	0	0	0	0	0	0	0	0	0	0	0	0	113	0	0	0	0	0	0	0	0	0	0	0	0	0	0	37	0	157	0	0	0	0	0	0	0	0	0	0	110	0	0	0	0	0	0	0	63	0	0	0	0	0	0	0	0	0	0	0	0	0	0	0	0	0	0	0	0	0	0	0	0	0	0	0	0	0	0	142	0	0	0	0	0	0	0	0	0	0	0	0	0	0	0	0	0	0	0	0	0	0	0	0	0	0	0	0	0	0	0	44	0	0	0	0	0	0	0	0	0	0	0	0	0	0	0	0	0	0	0	0	0	0	0	0	0	0	0	0	0	0	0	73	0	0	0	0	0	0	0	0	0	0	0	0	0	0	0	0	0	0	0	0	0	0	0	0	0	0	0	0	0	0	0	0	0	4	0	0	0	0	0	0	0	0
20	0	0	0	0	0	0	0	0	0	0	0	0	0	0	0	0	0	0	0	0	0	0	0	0	0	0	0	0	0	0	0	0	0	0	0	0	0	0	0	0	0	0	0	0	0	0	0	0	0	0	0	0	0	0	0	0	0	0	0	0	0	0	0	0	0	0	0	0	0	0	0	0	0	0	0	0	0	0	0	0	0	0	0	0	0	0	0	0	0	0	0	0	0	0	0	0	0	0	0	0	0	0	0	0	0	0	0	0	0	0	0	0	0	0	0	0	0	0	0	0	0	0	0	0	0	0	0	0	0	0	0	0	0	1	0	0	0	0	0	0	0	0	0	0	0	0	0	0	0	0	0	0	0	0	0	0	0	0	0	0	0	0	0	0	0	0	0	0	0	0	0	0	0	0	0	0	0	0	0	0	0	0	0	0	0	0	0	0	0	0	0	0	0	0	0	0	0	0	0	0	0	0	0	0	0	0	0	0	0	0	0	0	0	0	0	0	0	0	0	0	0	11	0	0	0	0	0	0	0	0	0	0	0	0	0	0	0	0	0	5	0	0	0	0	0	0	0	0	0	0	0	0	0	0	0	0	0	0	0	0	0	0	0	0	0	0	0	0	0	0	0	0	0	0	0	0	0	0	0	0	0	0	0	0	1	0	0	0	0	0	0	0	0	0	0	5	0	0	0	0	0	0	0	0	0	0	0	0	0	126	0	0	0	0	0	0	0	0	0	0	0	0	0	0	0	0	0	0	0	0	0	0	0	0	0	0	0	0	0	0	0	0	0	0	0	0	0	0	9	0	0	0	0	0	0	0	0	0	0	0	0	103	0	0	0	1	0	0	0	0	0	0	0	63	0	0	0	0	0	0	0	0	0	0	0	0	0	0	0	0	0	0	0	0	0	0	0	0	0	0	0	0	0	0	0	0	0	0	0	0	0	0	0	0	0	0	0	0	0	0	0	0	0	0	0	0	78	32	0	0	0	0	0	0	0	0	0	0	0	0	0	4	0	97	0	0	0	0	0	0	0	0	0	0	226	0	0	0	0	0	0	0	179	0	0	0	0	0	0	0	0	0	0	0	0	0	0	0	0	0	0	0	0	0	0	0	0	0	0	0	0	0	0	86	0	0	0	0	0	0	0	0	0	0	0	0	0	0	4	0	0	0	0	0	0	0	0	0	0	0	0	0	0	0	0	110	0	0	0	3	0	0	0	0	0	0	0	0	0	0	0	0	0	0	0	0	0	0	0	0	0	0	0	0	0	0	0	114	0	0	0	0	0	0	0	0	0	0	0	0	0	0	0	0	0	0	0	0	0	0	0	0	0	0	0	0	0	0	0	0	0	0	0	0	0	0	0	0	0	0
21	0	0	0	0	0	0	0	0	0	0	0	0	0	0	0	0	0	0	0	0	0	0	0	0	0	0	0	0	0	0	0	0	0	0	0	0	0	0	0	0	0	0	0	0	0	0	0	0	0	0	0	0	0	0	0	0	0	0	0	0	0	0	0	0	0	0	0	0	0	0	0	0	0	0	58	0	0	0	0	0	0	0	0	0	0	0	0	0	0	0	0	0	0	0	0	0	0	0	0	0	0	0	0	0	0	0	0	0	0	0	0	0	0	0	0	0	0	0	0	0	0	0	0	0	0	0	0	0	0	0	0	0	0	0	0	0	0	0	0	0	0	0	0	0	0	0	0	0	0	0	0	0	0	0	0	0	0	0	0	0	0	0	0	0	0	29	0	0	0	0	0	0	0	0	0	0	0	0	0	0	0	0	0	0	0	0	0	0	0	0	0	0	0	0	0	0	0	0	0	0	0	0	0	0	0	8	0	0	67	0	0	0	0	0	0	0	0	0	0	0	0	0	0	0	0	0	0	0	0	0	0	0	0	0	0	0	0	0	0	0	0	0	0	0	0	0	0	0	0	0	0	0	0	1	0	0	0	0	0	0	0	0	0	0	0	0	0	0	0	0	0	0	0	0	0	0	0	0	0	0	0	0	0	0	0	0	0	0	0	0	0	0	0	0	0	0	0	0	0	0	0	0	0	0	0	0	0	0	0	143	0	0	0	0	0	0	0	0	0	0	0	0	0	0	0	0	0	0	0	0	0	0	0	0	0	0	0	0	0	0	2	0	0	0	0	0	0	0	12	0	0	0	0	0	0	0	0	0	0	0	0	116	0	0	0	0	0	0	0	0	0	0	0	168	0	0	0	0	0	0	0	0	0	0	0	0	0	79	0	0	0	0	0	57	0	0	0	0	0	0	0	0	0	0	0	1	0	0	0	0	0	0	0	0	0	0	0	0	0	0	0	0	0	0	0	0	80	2	0	0	0	0	0	0	0	0	0	0	0	0	0	0	0	105	0	0	0	1	0	0	0	0	0	0	81	0	0	0	0	0	0	0	229	0	0	0	0	0	0	0	0	0	0	0	0	0	0	0	0	0	0	0	0	0	0	0	0	0	0	0	0	0	0	71	0	0	0	0	0	0	0	0	0	0	0	0	0	0	0	0	0	0	0	0	0	0	0	0	0	0	0	0	0	0	0	188	0	0	0	0	0	0	0	0	0	0	0	0	0	0	0	0	0	0	0	0	0	0	0	0	0	0	0	0	0	0	0	14	0	0	0	0	3	0	0	0	0	0	0	0	0	0	0	0	0	0	0	0	0	0	0	0	0	0	0	0	0	0	0	0	0	0	0	0	0	0	0	0	0	0
22	0	0	0	0	0	0	0	0	0	0	0	0	0	0	0	0	0	0	0	0	0	0	0	0	0	0	0	0	0	0	0	0	0	0	0	0	0	0	0	0	0	0	0	0	0	0	0	0	0	0	0	0	0	0	0	0	0	0	0	0	0	0	0	0	0	0	0	0	0	0	0	0	0	0	0	0	0	0	0	0	0	0	0	0	0	0	0	0	0	0	0	0	0	0	0	0	0	0	0	0	0	0	0	0	0	0	0	0	0	0	0	0	0	0	0	0	0	0	0	0	0	0	0	0	0	0	0	0	0	0	0	0	0	0	0	0	0	0	0	0	0	0	0	0	0	0	0	0	0	0	0	0	0	0	0	0	0	0	0	0	0	0	0	0	0	0	0	0	0	0	0	0	0	0	0	0	0	0	0	0	0	0	0	0	0	0	0	0	0	0	0	0	0	0	0	0	0	0	0	0	0	0	0	0	0	0	0	0	0	0	0	0	0	0	0	0	0	0	0	0	0	0	0	0	0	0	0	0	0	0	0	0	0	0	0	0	0	0	0	0	0	3	0	0	0	0	0	0	0	0	0	0	0	0	0	0	0	0	0	0	0	0	0	0	0	93	0	0	0	0	0	0	0	0	0	0	0	0	0	0	0	0	0	0	0	0	0	0	0	14	0	4	0	0	0	0	0	0	0	0	0	0	0	0	0	0	0	0	0	45	0	0	0	0	0	0	0	0	0	0	0	0	0	0	0	0	0	0	0	0	0	0	0	4	0	0	0	0	44	0	0	0	0	0	0	0	0	0	0	0	0	0	0	0	0	0	0	0	0	0	0	53	0	0	0	0	0	0	0	0	0	0	0	111	0	0	0	0	0	0	0	0	0	0	0	0	0	0	0	0	0	0	0	0	0	0	0	0	0	0	0	0	0	0	0	0	0	0	0	0	0	0	0	0	0	0	0	0	0	0	0	0	0	0	32	0	92	1	0	0	0	0	9	0	0	0	0	0	0	0	0	0	0	32	0	0	0	0	0	0	0	0	0	0	85	0	0	0	0	0	0	0	74	0	0	0	0	0	0	0	0	0	0	0	0	0	0	0	0	0	0	0	0	0	0	0	0	0	0	0	0	0	0	136	0	0	0	0	0	0	0	0	0	0	0	0	0	0	0	0	0	0	0	0	0	0	0	0	0	0	0	0	0	0	0	146	0	0	0	0	0	0	0	0	0	0	0	0	0	0	0	0	0	0	0	0	0	0	0	0	0	0	0	0	0	0	0	104	0	0	0	0	0	0	0	0	0	0	0	0	0	0	0	0	0	0	18	0	0	0	0	0	0	0	0	0	0	0	0	0	0	0	0	0	0	0	0	0	0	0
23	0	0	0	0	0	0	0	0	0	0	0	0	0	0	0	0	0	0	0	0	0	0	0	0	0	0	0	0	0	0	0	0	0	0	0	0	0	0	0	0	0	0	0	0	0	0	0	0	0	0	0	0	0	0	0	0	0	0	0	0	0	0	0	0	0	0	0	0	0	0	0	0	0	0	0	0	0	0	0	0	0	0	0	0	0	0	0	0	0	0	0	0	0	0	0	0	0	0	0	0	0	0	0	0	0	0	0	0	0	0	0	0	0	0	0	0	0	0	0	0	0	0	0	0	15	0	0	0	0	0	0	0	0	0	0	0	0	0	0	0	0	0	0	0	0	0	0	0	0	0	0	0	0	0	0	0	0	0	0	0	0	0	0	0	0	0	0	7	0	0	0	0	0	0	0	0	0	0	0	0	0	0	0	0	0	0	0	0	0	0	0	0	0	0	0	0	0	0	0	0	0	0	0	0	0	0	0	0	2	0	0	0	0	0	0	0	0	0	0	0	0	0	0	0	0	0	0	0	0	0	0	0	0	0	0	0	0	0	0	0	0	0	0	0	0	0	0	0	0	0	0	0	0	0	0	0	0	0	0	0	0	0	0	0	0	0	0	0	0	0	0	0	7	0	0	0	0	0	0	8	0	0	0	0	0	0	0	0	0	0	0	0	0	0	0	0	0	0	0	0	0	0	0	0	0	0	0	0	2	77	0	0	0	0	0	0	0	0	0	0	0	0	0	0	0	0	0	0	0	0	0	0	0	0	0	0	0	0	0	0	0	0	0	0	0	0	0	0	0	0	0	0	0	0	0	0	0	3	0	0	0	84	0	0	0	0	0	0	0	0	0	0	0	97	0	0	0	0	0	0	0	0	0	0	0	0	0	0	0	0	0	0	0	0	0	0	0	0	0	0	0	0	0	0	0	0	0	0	0	0	0	0	0	0	0	0	0	0	0	0	0	0	0	0	0	0	44	0	0	0	0	0	3	0	0	0	0	0	0	0	0	276	0	72	0	0	0	0	0	0	0	0	0	0	2	0	0	0	0	0	0	0	76	0	0	0	0	0	0	0	0	0	0	0	0	0	0	0	0	0	0	0	0	0	0	0	0	0	0	51	0	0	0	46	0	0	0	0	0	0	0	0	0	0	0	0	0	0	0	0	0	0	0	0	0	0	0	0	0	0	0	0	0	0	0	116	0	0	0	0	0	0	0	0	0	0	0	0	0	0	0	0	0	0	0	0	0	0	0	0	0	0	0	0	0	0	0	78	0	0	0	0	0	0	0	0	0	0	0	0	0	0	0	0	0	0	0	0	0	0	0	0	0	0	0	0	0	0	0	0	0	2	0	0	0	0	0	0	0	0
24	0	0	0	0	0	0	0	0	0	0	0	0	0	0	0	0	0	0	0	0	0	0	0	0	0	0	0	0	0	0	0	0	0	0	0	0	0	0	0	0	0	0	0	0	0	0	0	0	0	0	0	0	0	0	0	0	0	0	0	0	0	0	0	0	0	0	0	0	0	0	0	0	16	0	0	0	0	0	0	0	0	0	0	0	0	0	0	0	0	0	0	0	0	0	0	0	0	0	0	0	0	0	0	0	0	0	0	0	0	0	0	0	0	0	0	0	0	0	0	0	0	0	0	0	0	0	0	0	0	0	0	0	0	0	0	0	0	0	0	0	0	0	0	0	0	0	0	0	0	0	0	0	0	0	0	0	0	0	0	0	0	0	0	0	0	83	0	0	0	0	0	0	0	0	0	0	0	0	0	0	0	0	0	0	0	0	0	0	0	0	0	0	0	0	0	0	0	0	0	0	0	0	0	0	0	0	0	0	0	0	0	0	0	0	0	0	0	0	0	0	0	0	0	0	0	0	0	0	0	0	0	0	0	0	0	0	0	0	12	0	0	0	0	0	0	0	0	0	0	17	0	0	0	0	0	0	0	0	0	0	4	0	0	0	0	0	0	0	0	0	0	15	0	0	0	0	0	0	0	0	0	0	0	0	0	0	0	0	0	0	0	0	0	0	0	0	0	0	31	0	0	0	0	0	0	0	0	0	0	59	0	0	0	0	0	0	0	0	0	0	0	0	0	0	0	0	0	0	0	0	0	0	0	0	0	0	0	2	0	0	0	0	0	0	0	3	0	0	8	0	0	0	0	0	0	0	0	0	0	1	0	98	0	0	0	0	0	0	0	0	0	0	0	78	0	0	0	0	295	0	0	0	0	0	1	0	0	0	0	0	0	0	0	0	0	0	0	0	0	2	0	0	0	0	0	0	0	0	0	0	0	0	0	0	0	0	0	0	0	0	0	0	0	0	0	0	77	0	0	0	0	0	0	0	0	0	0	0	0	0	0	6	0	79	0	0	0	0	0	0	0	0	0	0	46	0	0	0	0	0	0	0	178	0	0	0	0	0	0	0	0	0	0	0	0	0	0	0	0	0	0	0	0	0	0	0	0	1	0	0	0	0	0	122	0	0	0	0	0	0	0	0	0	0	0	0	0	3	0	0	0	0	0	0	0	0	0	0	0	0	0	0	0	0	0	64	0	0	0	0	0	0	0	0	0	0	0	3	0	0	0	0	0	0	0	0	0	0	0	0	0	0	0	0	0	0	0	147	0	0	0	0	0	0	81	0	0	0	0	0	0	0	0	0	0	0	0	0	0	0	0	0	0	0	0	0	0	0	0	0	0	0	0	0	0	0	0	0	0	0
25	0	0	0	0	0	0	0	0	0	0	0	0	0	0	0	0	0	0	0	0	0	0	0	0	0	0	0	0	0	0	0	0	0	0	0	0	0	0	0	0	0	0	0	0	0	0	0	0	0	0	0	0	0	0	0	0	0	0	0	0	0	0	0	0	0	0	0	0	0	0	0	0	0	0	0	0	0	0	0	0	0	0	0	0	0	0	0	0	0	0	0	0	0	0	0	0	0	0	0	0	0	0	0	0	0	0	0	0	0	0	0	0	0	0	0	0	0	0	0	0	0	0	0	0	0	0	0	0	0	0	0	0	0	0	0	0	0	0	0	0	0	0	0	0	0	0	0	0	0	0	0	0	0	0	0	0	0	0	0	0	0	0	0	0	0	0	0	0	0	0	0	0	0	0	0	0	0	0	0	0	0	0	0	0	0	0	0	0	0	0	0	0	0	0	0	0	0	0	0	0	0	0	0	0	0	0	0	0	6	0	0	0	0	0	0	0	0	0	5	0	0	0	0	0	0	0	0	0	0	0	0	0	0	0	0	0	0	0	0	0	0	0	0	0	0	0	0	0	0	126	0	0	0	0	0	0	0	0	0	0	0	0	0	0	0	0	0	0	0	0	0	0	0	0	0	0	0	0	0	0	0	0	0	0	0	0	0	0	0	0	0	0	0	0	0	0	0	0	0	0	0	0	0	0	0	0	0	0	0	113	0	0	0	0	0	0	0	0	2	0	0	0	0	0	0	0	0	0	0	0	0	0	0	0	0	0	0	0	0	0	0	0	0	0	0	0	0	0	7	0	0	0	0	0	0	0	0	0	0	0	0	77	0	0	0	0	0	0	0	0	0	0	0	96	0	0	0	0	0	0	0	0	0	4	0	0	0	0	0	0	0	0	0	26	0	0	0	0	0	0	0	0	0	0	0	0	0	0	0	0	0	0	0	0	0	0	0	0	0	0	0	0	0	0	0	0	67	5	0	0	0	0	0	0	0	1	0	0	0	0	0	2	0	146	0	0	0	0	0	0	0	0	0	0	7	0	0	0	0	0	0	0	307	0	0	0	0	0	0	0	0	0	0	0	0	0	0	0	0	0	0	0	0	0	0	0	0	0	0	0	0	0	0	75	0	0	0	0	0	0	0	0	0	0	0	0	0	0	0	0	3	0	0	0	0	0	0	0	0	0	0	0	0	0	0	16	0	0	0	0	0	2	0	0	0	0	0	0	0	0	0	0	0	0	0	0	0	0	0	18	0	0	0	0	0	0	0	85	0	0	0	0	0	0	0	0	0	0	0	0	0	0	0	0	0	0	0	0	0	0	0	0	0	0	0	0	0	0	0	0	0	0	0	0	0	0	0	0	0	0
26	0	288	0	0	0	0	0	0	0	0	0	0	0	0	0	0	0	0	0	0	0	0	0	0	0	0	0	0	0	0	0	0	0	0	0	0	0	0	0	0	0	5	0	0	0	0	0	0	0	0	0	0	0	0	0	0	0	0	0	0	0	0	0	0	0	0	0	0	0	0	0	0	0	0	0	0	0	0	0	0	0	0	0	0	0	0	0	0	0	0	0	0	0	0	0	0	0	0	0	0	14	78	61	40	32	28	178	265	140	77	124	77	19	85	7	48	14	84	101	45	18	10	117	48	136	37	6	57	26	124	40	78	43	181	141	120	0	34	77	71	27	116	46	213	15	72	56	21	70	17	74	35	9	149	66	37	119	110	154	8	63	78	25	92	62	12	251	53	77	87	1	75	345	37	69	38	37	32	154	17	32	102	27	142	93	22	36	34	96	123	17	100	116	90	32	105	97	225	155	74	159	110	89	66	54	90	35	257	53	38	150	194	135	114	99	136	41	37	54	31	141	73	42	98	86	28	148	119	108	129	71	72	57	149	38	108	96	107	45	47	117	10	161	62	53	89	115	109	111	31	211	129	48	112	153	82	81	161	107	73	57	147	22	62	287	56	45	147	66	177	66	64	28	64	28	26	72	11	82	173	84	105	88	220	74	49	44	100	56	80	17	139	77	64	124	93	34	59	114	186	76	179	159	219	94	30	55	209	61	266	108	160	29	58	94	98	56	9	179	27	102	184	138	126	156	10	79	191	16	42	78	119	71	35	75	107	61	44	202	72	46	56	113	468	104	113	33	193	44	181	104	69	141	11	206	24	169	42	124	9	115	10	38	90	61	19	47	48	73	123	213	121	32	252	140	156	45	179	233	119	177	99	48	32	77	240	37	199	21	39	14	48	140	121	178	79	2	144	32	372	138	4	189	126	212	98	112	122	20	150	93	114	73	215	172	54	84	45	31	86	20	52	22	94	106	81	37	14	116	3	47	184	142	59	65	120	281	38	60	57	18	34	43	168	47	241	28	15	25	14	123	50	11	60	33	125	83	75	20	149	210	107	132	126	103	228	112	27	66	69	135	52	34	43	165	138	212	132	57	32	15	130	87	34	160	95	146	100	172	164	123	106	46	309	77	44	5	80	69	7	344	235	58	194	83	143	88	101	59	32	73	161	19	58	40	304	77	223	169	67	73	84	90	356	49	118	37	102	34	73	43	76	62	23	83	185	54	158	54	35	114	192	54	72	79	117	106	30	94	52	71	76	83	46	178	143	133	160	309	155	225	21	36	88	51	94	32	236	243	30	82	97	30	46	180	104	244	157	32	14	100	71	70	19	91	68	51	246	111	29	159	127	93	90	19	24	48	59	161	149
27	0	0	0	0	0	0	0	0	0	0	0	0	0	0	0	0	0	0	0	0	0	0	0	0	0	0	0	0	0	0	0	0	0	0	0	0	0	0	0	0	0	0	0	0	0	0	0	0	0	0	0	0	0	0	0	0	0	0	0	0	0	0	0	0	0	0	0	0	0	0	0	0	0	0	0	0	0	0	0	0	0	0	0	0	0	0	0	0	0	0	0	0	0	0	0	0	0	0	0	0	40	91	11	95	107	90	28	34	0	1	260	5	26	81	59	44	19	17	96	175	46	18	199	40	4	87	10	109	233	93	18	1	50	0	13	28	105	19	146	173	82	189	89	3	59	60	30	131	215	0	21	67	47	22	5	20	159	112	173	18	37	44	382	125	75	4	0	9	46	48	52	55	79	48	205	24	90	22	86	91	86	35	0	126	21	172	46	2	54	12	32	95	18	0	54	147	119	121	149	57	58	63	12	81	45	102	92	25	1	99	51	298	67	2	38	49	0	26	170	29	27	28	23	202	13	67	33	287	15	17	81	195	147	64	446	23	178	6	27	115	40	4	81	41	212	19	60	152	91	1	90	134	136	3	76	162	5	91	119	206	52	43	123	11	130	278	103	57	59	6	32	0	365	113	8	34	20	62	15	126	78	83	29	167	1	148	164	121	52	99	45	58	65	24	244	51	9	49	104	0	103	2	112	8	73	58	72	39	137	0	16	53	105	161	56	63	373	260	41	43	11	81	279	105	9	133	261	62	47	70	146	101	237	55	187	160	93	25	25	51	128	90	73	18	121	268	91	38	38	161	235	87	61	187	115	127	47	363	41	96	79	0	252	22	236	219	54	297	95	155	127	15	134	0	52	50	161	96	222	69	21	63	109	123	45	139	113	78	146	85	73	57	42	112	18	15	148	33	64	38	90	100	45	36	45	114	139	83	81	184	30	51	130	46	147	253	108	114	106	133	40	148	60	77	53	87	26	120	147	152	84	77	184	41	191	220	281	183	29	76	58	51	28	40	7	93	81	447	119	63	2	182	19	124	39	38	134	51	159	42	27	121	161	106	151	56	363	72	12	182	98	87	49	298	48	194	60	65	38	58	70	16	80	97	64	98	82	94	71	49	13	178	39	58	287	71	96	71	131	65	100	47	24	136	72	350	239	105	167	309	29	20	15	60	114	72	126	63	157	65	22	99	6	191	120	37	34	57	160	107	70	102	26	111	127	22	37	275	142	3	63	58	32	493	102	81	72	99	85	122	6	42	306	38	66	94	28	94	232	10	247	111	192	128	48	42	51	149	50	19	212	59	21	92	89	27	17	130	236	64	242	261	60	19	69	49	79	111	56	108	275	33	37	77	14	18	76	30	41	26
28	0	0	0	0	0	0	0	0	0	0	0	0	0	0	0	0	0	0	0	0	0	0	0	0	0	0	5	0	0	0	0	0	0	0	0	0	0	0	0	0	0	0	0	0	0	0	0	0	0	0	0	0	0	0	0	0	0	0	0	0	0	0	0	0	0	0	0	0	0	182	0	0	0	0	0	0	0	0	0	0	0	0	0	0	0	0	0	0	0	0	0	0	0	0	0	0	0	0	0	0	0	0	0	0	0	0	0	0	0	0	0	0	0	0	0	0	0	0	0	0	0	0	0	0	0	0	0	0	0	0	0	0	0	0	0	0	0	0	0	0	0	0	7	0	0	0	0	0	0	0	0	0	16	0	0	0	0	0	0	0	0	0	0	0	0	0	0	0	0	0	63	0	0	4	0	0	20	0	0	0	0	0	0	0	0	0	0	0	0	0	0	0	0	0	0	0	0	0	0	11	0	0	0	0	0	0	0	0	0	0	0	0	0	0	102	0	0	0	0	0	0	0	0	0	0	0	29	0	0	0	0	0	1	0	0	0	0	0	0	0	0	0	0	0	0	0	0	0	0	0	0	0	0	0	0	22	0	0	0	0	6	0	0	0	0	0	0	0	0	0	0	0	0	0	0	0	0	3	0	0	0	0	0	0	0	0	0	106	0	49	0	0	0	0	0	0	8	0	0	0	0	0	0	51	0	0	0	0	0	0	0	67	0	29	5	29	0	0	93	0	0	32	132	0	8	0	0	0	0	22	0	77	0	0	0	12	20	0	26	111	0	0	65	69	61	68	83	17	1	0	15	27	12	28	11	0	0	0	0	29	16	0	0	0	1	0	0	0	0	0	1	4	17	0	0	0	0	14	0	28	3	1	0	0	0	7	12	0	30	64	0	0	0	0	3	25	0	5	15	12	240	26	10	134	11	79	22	25	137	199	7	144	9	16	30	26	54	16	62	120	79	47	5	23	12	0	52	45	69	187	18	49	3	71	111	27	84	102	86	78	48	37	7	0	30	1	9	121	104	123	218	63	229	95	10	6	65	42	4	208	170	104	31	0	13	3	78	49	10	22	134	5	75	70	3	105	83	79	10	143	50	234	18	44	67	46	170	29	179	0	51	107	153	0	121	68	109	49	105	152	50	16	69	37	73	76	333	71	120	95	78	79	79	76	112	61	195	81	129	101	20	37	27	14	89	55	119	301	98	2	122	0	134	275	100	71	90	18	49	175	25	24	281	226	93	87	34	76	137	165	49	18	59	46	39	89	263	25	180	71	38	133	23	21	104	181	90	89	10	157	85	7	69	27	374	122	215	13	136	1	83	33	42	36	64	104	65	55	145	52	32	43	172	133	54	29	31	72	11	111
29	0	0	0	0	0	0	0	0	0	0	0	0	0	0	0	0	0	0	0	0	0	0	0	0	0	0	0	0	0	0	0	0	0	0	0	0	0	0	0	0	0	0	0	0	0	0	0	0	0	0	0	0	0	0	0	0	0	0	0	0	0	0	0	0	0	0	0	0	0	0	0	0	0	0	0	0	41	0	0	0	0	0	0	0	0	0	0	0	0	0	0	0	0	0	0	0	0	0	0	0	0	0	0	0	0	0	0	0	0	0	0	0	0	0	0	0	0	0	0	0	0	0	0	2	0	0	0	0	0	0	0	0	0	0	0	0	0	0	0	11	0	0	12	0	0	0	0	0	0	0	0	5	0	0	0	0	0	0	0	0	0	0	7	0	0	0	0	0	0	0	0	54	0	0	0	3	0	0	0	0	0	0	0	0	0	0	0	0	0	0	0	5	0	0	0	0	0	0	0	0	0	0	0	0	0	0	0	4	0	0	0	0	0	1	0	0	0	0	0	0	0	0	0	0	0	0	0	0	0	0	0	0	0	0	0	0	0	0	18	0	0	0	0	0	0	3	0	0	26	0	0	0	0	0	189	0	0	0	20	27	0	0	0	1	0	0	0	1	0	0	0	0	0	1	0	0	0	0	0	42	0	0	144	0	0	0	0	0	0	0	0	0	0	0	0	0	0	0	0	0	0	1	10	120	0	0	0	0	103	0	0	58	0	51	0	19	0	0	0	4	4	0	0	27	0	0	89	0	51	0	105	60	21	0	0	75	140	0	0	21	26	0	27	0	25	0	177	2	0	0	15	229	14	1	4	39	0	1	0	1	1	0	0	0	0	0	3	0	0	9	0	0	81	0	0	5	1	0	0	31	0	0	0	0	1	0	10	0	54	9	0	0	0	1	0	0	0	0	0	66	39	150	49	98	17	18	95	127	168	168	190	114	45	49	95	53	104	166	113	26	143	49	140	37	41	277	0	0	46	59	190	39	22	70	43	0	11	81	93	30	65	21	1	0	95	47	60	55	0	55	36	16	139	70	42	194	149	124	60	9	1	36	220	8	180	6	47	122	101	80	105	22	36	134	134	106	149	76	23	313	121	56	81	62	46	45	61	0	133	164	8	179	313	0	124	151	41	108	167	60	106	55	327	120	39	173	73	139	182	79	52	70	79	52	81	8	52	280	124	174	88	78	377	95	44	77	41	25	116	55	115	222	81	77	52	33	67	65	104	195	127	30	130	45	148	155	22	47	118	82	275	58	23	90	59	272	142	120	142	13	71	196	144	22	14	85	96	11	135	91	185	75	148	56	227	125	72	161	57	118	157	47	20	38	24	222	96	110	108	16	121	23	75	201	94	153	50	41	127	11
30	0	0	0	0	0	0	0	0	0	0	0	0	0	0	0	53	0	0	0	0	26	0	0	0	0	0	0	0	6	0	0	0	0	0	0	0	0	0	0	114	0	0	0	0	0	0	0	0	0	0	0	0	0	0	0	0	0	0	0	0	0	0	0	0	0	0	0	0	0	0	0	0	0	0	0	0	0	0	0	0	0	0	0	0	0	0	0	0	0	0	0	0	0	0	0	0	0	0	0	0	0	0	136	0	0	0	0	0	0	0	0	0	0	0	0	0	0	0	0	0	0	0	0	0	0	0	0	0	0	0	0	0	0	12	0	0	0	0	0	0	0	0	0	0	0	0	0	0	0	0	0	2	0	0	0	0	0	0	0	0	0	0	0	0	0	0	0	0	0	0	0	0	0	0	0	0	0	0	0	0	0	0	0	0	0	0	0	0	0	0	0	0	0	0	0	0	0	0	0	0	2	0	0	0	0	0	0	0	0	0	0	0	0	9	0	0	0	0	0	0	0	0	8	0	22	0	0	0	0	0	0	0	0	0	3	0	0	3	0	0	0	0	0	36	0	0	1	0	0	0	25	23	0	47	134	111	0	0	0	0	4	0	0	0	0	0	0	0	0	0	0	0	15	0	0	0	0	2	173	0	0	19	0	0	1	0	0	25	0	0	0	0	0	0	0	0	0	0	0	0	0	20	3	98	0	0	0	117	149	3	0	25	0	61	69	200	0	0	33	0	62	22	48	0	212	11	5	0	14	0	107	6	60	28	11	39	108	4	148	276	0	78	64	0	116	6	81	81	16	7	141	35	47	56	71	25	0	0	163	46	112	0	0	38	18	12	8	21	0	173	44	51	65	0	61	7	56	118	86	0	28	34	0	2	0	69	6	22	116	25	14	6	33	100	9	14	10	8	32	127	234	90	171	115	40	57	98	53	89	180	123	86	21	48	64	124	93	19	62	82	226	131	93	100	169	57	8	10	51	139	131	54	105	43	122	17	81	47	52	37	98	280	51	2	207	131	92	112	201	142	64	33	121	340	117	137	28	217	9	156	356	114	91	162	62	102	74	80	58	21	73	34	26	91	92	59	294	26	49	61	23	105	84	20	137	74	48	18	107	129	70	41	178	57	21	193	73	433	49	163	49	188	16	77	165	44	41	25	92	171	103	102	67	104	127	143	121	45	111	164	209	74	139	63	135	111	185	216	351	34	74	166	65	140	25	33	42	94	23	43	78	100	31	84	63	55	46	91	29	24	50	123	261	237	78	31	48	30	113	69	30	248	96	81	261	118	22	95	41	60	166	273	196	69	96	54	48	48	254	70	38	32	95	72	159	145	102	60	235	37	35	137	247	68	53	76	24	36	117	68
31	0	0	0	0	0	0	0	0	0	0	0	0	0	0	0	0	0	0	67	0	0	0	0	0	0	0	0	0	0	0	0	0	0	0	0	0	0	0	0	0	0	0	0	10	0	0	0	0	0	0	0	0	0	0	0	0	0	0	0	0	0	0	0	0	0	0	0	46	0	0	0	0	0	0	0	0	0	0	0	0	0	0	0	0	21	0	0	0	0	0	0	0	0	0	0	0	0	0	0	0	0	0	0	0	0	0	0	0	0	0	0	0	28	0	0	0	11	0	0	0	0	0	0	0	0	0	0	0	0	0	0	0	0	0	0	0	0	0	0	0	0	0	0	29	0	0	0	0	0	0	0	0	0	0	0	0	0	0	0	0	0	0	0	0	0	0	0	0	0	0	0	0	0	0	0	0	0	0	0	0	0	0	0	0	0	0	0	0	0	0	0	0	0	0	0	0	0	2	0	0	0	0	0	0	0	1	0	0	0	0	0	0	0	0	0	0	0	0	1	0	0	0	0	0	0	0	0	0	0	0	0	0	0	0	0	100	0	0	0	0	0	0	8	3	0	0	0	0	4	0	0	0	0	0	0	0	0	0	0	0	0	0	0	0	0	0	0	0	1	0	0	0	4	0	15	0	0	0	0	0	0	0	0	0	0	0	0	0	10	0	1	1	0	0	0	0	0	25	0	0	0	0	148	81	35	1	3	0	1	0	0	72	6	28	4	52	0	0	37	0	3	21	0	0	0	0	0	0	0	47	17	35	0	0	12	16	18	0	0	6	0	13	14	0	0	38	9	7	51	0	170	84	111	0	36	29	0	0	0	0	40	0	0	0	0	0	0	140	0	0	39	0	16	0	0	117	0	76	13	0	2	7	0	0	0	0	0	0	3	27	0	0	0	0	0	0	0	0	0	254	373	231	43	8	7	254	112	78	104	150	78	64	108	72	31	136	72	71	116	63	141	282	71	103	39	8	3	0	131	21	17	71	51	119	291	0	40	44	123	9	93	48	46	0	16	91	82	90	17	54	29	373	216	107	24	192	269	20	1	49	51	41	61	43	87	0	68	20	126	65	25	86	24	9	71	40	52	32	62	81	85	133	24	22	71	44	133	16	172	34	26	46	24	62	88	48	281	171	24	46	149	69	28	105	77	80	63	66	116	5	14	158	54	53	144	20	158	139	39	87	45	77	85	249	140	122	45	183	93	102	72	140	48	47	130	133	88	56	123	90	44	103	86	33	101	56	43	98	30	74	67	31	31	123	104	106	90	45	192	115	58	48	106	18	47	62	181	65	30	29	69	115	235	251	39	63	53	30	85	52	90	80	43	133	115	99	27	32	143	74	174	94	124	44	209	70	110	131	22	267
32	0	0	0	0	0	0	0	0	0	0	0	0	0	0	0	0	0	0	0	0	0	0	0	0	0	0	0	0	80	0	0	0	0	0	0	0	0	0	0	0	0	0	0	0	0	0	0	0	0	0	0	0	0	0	0	0	0	0	0	0	0	0	0	0	0	0	0	0	0	0	0	0	0	0	0	0	0	0	0	0	0	0	0	0	0	0	0	14	0	0	0	0	0	0	0	0	15	7	0	0	0	0	0	0	5	0	0	0	0	0	0	0	0	0	0	0	0	0	0	0	0	0	1	0	0	0	0	56	0	0	0	0	0	0	0	0	0	0	0	0	0	0	0	0	0	0	0	0	0	0	0	27	0	30	0	0	0	0	0	0	0	0	0	1	0	0	44	0	0	0	0	0	0	0	0	0	32	0	42	0	0	0	0	0	0	0	8	0	0	0	0	0	0	0	0	0	0	0	0	1	23	0	0	0	4	11	2	1	0	0	0	22	0	2	82	0	0	3	0	0	0	0	0	0	0	27	0	0	0	19	0	10	12	0	0	0	0	0	0	0	1	0	0	0	0	5	0	0	0	0	15	0	0	1	11	0	0	0	33	0	0	0	0	0	0	9	0	0	10	0	7	0	0	13	0	0	0	13	0	65	0	0	1	78	0	0	49	11	0	25	1	0	0	0	75	0	0	0	2	0	50	15	88	71	25	69	0	30	33	0	0	36	35	98	10	173	31	0	66	7	45	158	135	88	29	0	0	6	46	118	84	198	252	0	0	166	60	124	0	58	10	0	217	192	10	125	128	133	121	92	42	92	71	1	77	5	0	51	26	62	0	0	62	104	0	1	71	39	0	45	97	87	127	0	49	192	21	141	1	122	41	109	0	3	2	0	74	49	119	102	26	201	11	75	3	44	49	101	117	253	81	138	231	62	305	42	78	45	98	271	132	36	6	142	47	201	132	36	176	1	131	65	122	43	34	114	7	23	52	70	23	15	84	124	84	85	49	18	112	185	168	29	7	84	32	187	98	34	130	169	139	104	121	111	63	65	130	174	74	193	105	82	192	90	60	2	79	8	153	85	19	148	136	101	35	13	75	60	69	93	90	27	148	61	66	150	119	36	64	93	75	50	120	98	38	69	37	68	127	86	100	80	81	11	31	287	99	63	3	179	85	13	151	30	46	45	138	25	48	39	75	112	198	16	110	61	76	178	168	223	27	19	130	67	87	182	31	115	75	195	211	98	101	100	165	31	136	58	34	10	108	130	13	96	144	77	214	16	140	240	37	62	131	101	144	24	9	53	26	164	154	73	13	209	76	285	131	21	54	78	88	31	103	87	123	99	103	20	90	80	220	41	91	133	110	86	71	75	83	34
33	0	1	0	0	0	0	0	0	0	7	0	0	0	0	0	0	0	0	0	0	0	0	0	0	0	0	0	0	0	0	0	0	0	0	0	0	0	0	0	0	0	0	0	0	0	0	0	0	0	0	0	0	1	0	0	0	0	0	0	0	0	0	0	0	0	0	0	0	0	0	0	0	0	0	0	0	0	0	0	0	0	0	0	0	0	0	0	0	0	0	0	0	0	0	0	0	0	0	0	0	0	0	0	0	0	0	0	0	0	0	0	0	0	0	0	0	0	0	0	0	0	0	0	0	0	0	0	0	0	0	0	0	0	0	0	0	0	0	0	0	0	0	0	0	14	0	0	0	0	0	0	0	0	89	0	0	0	0	0	64	0	0	0	0	0	0	0	0	0	0	0	0	0	0	0	0	0	0	0	0	3	0	0	5	0	0	0	0	0	0	0	0	0	0	0	77	0	3	24	0	0	4	0	0	0	41	0	114	0	0	0	0	0	0	0	0	0	0	0	0	0	0	0	0	0	0	0	31	0	0	0	0	0	0	0	3	0	0	6	0	0	0	0	0	0	0	0	0	0	0	0	0	0	0	0	0	0	0	0	0	0	0	0	0	0	0	0	24	0	0	0	0	0	0	0	0	0	0	0	0	0	0	0	0	0	0	0	0	17	0	0	0	0	0	0	0	0	0	0	0	0	0	0	56	0	0	0	27	3	15	0	0	0	28	0	0	0	0	0	0	3	22	0	0	37	0	0	0	2	0	48	25	0	0	0	0	5	0	0	0	0	0	5	0	0	0	19	20	0	57	0	49	17	0	8	77	0	0	2	0	0	0	0	0	0	0	0	44	0	0	0	0	8	1	0	9	0	0	0	1	10	0	0	0	0	0	43	24	0	0	0	0	0	0	0	0	0	0	0	24	29	40	10	151	18	75	134	124	39	107	36	195	31	0	41	34	106	30	43	0	142	29	48	70	1	7	1	0	411	50	109	73	0	27	24	18	99	142	191	105	137	64	3	0	23	6	3	93	153	63	255	61	101	137	101	85	70	56	49	16	119	182	304	0	9	0	25	51	71	75	100	23	123	104	72	245	28	73	17	49	56	65	54	67	83	35	47	0	93	112	0	82	0	0	138	99	124	243	34	296	88	111	165	32	13	30	152	94	60	115	20	88	161	185	174	154	112	62	195	106	68	63	120	29	92	60	60	60	106	18	136	78	108	83	59	157	87	156	115	98	20	248	44	194	42	208	116	100	56	127	103	53	111	121	143	73	239	45	51	25	67	37	159	41	85	150	82	56	67	112	92	93	135	128	98	40	41	42	51	134	69	141	165	289	122	396	62	35	141	81	98	228	130	57	125	76	177	66	99	54
34	0	0	0	27	0	0	0	0	0	0	0	0	0	0	0	0	0	0	0	0	0	0	0	0	0	0	0	0	0	0	6	0	12	0	0	0	0	0	0	0	0	0	0	0	0	0	0	0	0	0	0	0	0	0	0	0	0	0	0	0	0	0	0	0	0	0	0	0	0	0	0	0	0	0	0	0	0	0	0	0	0	0	0	0	0	0	0	0	0	42	0	0	0	0	0	0	0	0	0	0	0	0	0	0	19	0	0	0	0	0	0	0	0	0	0	0	0	0	0	0	0	0	21	0	0	0	0	0	0	0	0	0	0	124	0	0	0	7	0	0	0	0	0	0	0	0	0	0	0	0	0	4	0	0	0	0	12	0	0	0	0	0	0	0	0	0	0	10	0	0	0	0	0	0	0	5	0	0	0	0	6	0	15	0	0	0	71	0	115	0	0	31	0	0	0	29	0	0	0	0	11	1	0	13	0	0	0	10	0	5	0	0	0	0	0	31	0	0	0	0	0	0	0	0	0	0	0	0	0	55	0	0	0	2	27	0	75	0	0	0	0	0	0	101	0	0	0	0	48	0	10	4	0	161	53	0	0	0	0	0	0	0	23	0	0	0	27	0	0	30	25	0	0	17	83	0	0	87	0	6	30	0	0	3	0	0	3	0	0	21	27	7	0	0	4	0	0	0	0	0	0	43	69	188	52	86	64	25	15	2	25	49	71	27	100	109	0	57	83	22	58	65	191	58	98	131	8	56	75	61	163	187	109	18	97	266	107	120	71	71	33	27	44	2	120	3	14	24	59	36	24	308	187	28	134	230	51	103	224	48	25	8	143	18	96	0	75	94	9	4	47	52	444	27	170	78	104	244	58	248	176	84	0	0	169	71	298	18	64	220	78	263	10	22	89	85	131	32	64	184	293	81	157	221	37	82	172	1	40	28	242	88	167	92	6	135	89	111	15	169	40	138	28	43	35	141	163	32	29	114	64	108	58	226	45	57	338	59	117	43	266	202	82	67	95	49	140	202	53	185	54	74	52	38	37	458	94	73	101	51	35	15	334	60	73	9	139	111	64	116	63	99	41	118	80	62	129	111	8	32	56	25	68	185	54	66	247	77	30	213	56	99	129	85	143	69	196	16	102	94	66	185	78	81	83	34	116	138	168	13	19	62	77	153	52	9	123	152	165	51	21	62	249	13	70	86	210	149	133	178	65	112	23	81	205	161	149	119	84	6	147	57	46	53	316	111	129	109	153	100	40	61	78	80	22	183	101	14	113	63	140	52	6	105	33	113	116	185	131	237	48	69	113	53	68	47	165	94	163	57	56	51	213	103	71	109	90	72	64	36	58	38	81	112	126	86	42	36	92	93
35	0	0	0	0	0	0	0	0	0	0	0	0	0	0	0	0	0	0	0	0	0	0	0	0	0	0	0	0	0	0	0	0	0	0	0	0	0	0	0	0	0	0	0	0	0	0	0	0	0	0	0	0	0	0	0	0	0	0	0	0	0	0	0	0	0	0	0	0	0	0	0	0	0	0	0	0	0	0	39	0	0	0	0	0	0	0	0	0	0	0	0	0	0	0	0	0	0	0	0	0	0	0	0	0	0	0	0	0	0	0	0	0	0	0	0	0	0	0	0	0	0	0	0	0	0	0	0	6	0	0	0	0	0	0	0	0	0	0	0	0	0	0	0	0	0	0	0	0	0	0	0	0	0	0	0	0	0	0	0	0	0	0	0	0	0	0	0	0	0	0	0	0	0	0	0	0	0	0	0	0	0	0	0	0	0	0	0	0	0	0	0	0	0	0	0	1	0	0	0	0	0	0	0	0	0	0	0	0	0	1	0	0	0	0	0	0	0	0	0	0	0	0	4	0	0	0	0	8	0	0	0	0	0	0	0	0	0	0	0	0	0	0	0	0	0	0	0	0	0	36	0	0	0	0	5	0	0	0	0	0	0	0	0	0	0	0	0	0	0	0	0	0	0	0	0	0	0	0	0	0	0	7	0	0	0	0	0	0	0	0	0	0	0	0	0	0	0	0	0	0	0	0	16	164	49	0	0	0	0	5	0	0	0	30	1	13	0	0	0	0	18	36	0	0	173	0	0	0	0	0	27	20	62	0	0	145	14	0	0	2	0	0	146	0	0	46	122	0	0	21	108	44	62	0	0	0	0	0	0	0	0	3	0	0	0	0	0	11	0	0	0	0	21	0	0	62	0	0	1	0	10	2	0	0	0	19	0	0	165	0	0	0	0	0	1	0	0	0	9	37	96	57	173	18	7	349	67	123	33	16	106	26	0	48	349	74	376	43	60	24	185	98	130	1	33	142	0	0	66	24	102	0	19	249	32	0	17	145	70	106	187	11	8	21	115	29	228	50	0	73	172	22	110	69	59	157	131	94	63	60	37	104	6	88	89	115	51	40	39	21	199	13	83	10	179	28	77	168	6	129	22	160	54	80	77	57	86	13	178	18	49	51	186	13	74	31	44	161	136	289	44	317	83	77	99	145	255	52	48	69	49	75	37	96	97	35	76	9	29	47	75	138	15	184	12	118	124	103	178	45	122	72	138	55	79	67	92	41	137	13	126	88	82	7	81	81	160	271	60	141	141	257	125	91	188	56	40	159	174	164	111	93	53	24	180	40	83	13	73	126	320	94	237	65	87	70	80	78	155	122	42	14	70	124	153	151	77	99	73	72	40	98	159	23	58	131	151	77	99	87
36	0	0	0	0	0	0	0	0	0	0	0	0	0	0	0	0	0	0	0	0	0	0	0	0	0	0	0	0	0	0	0	0	0	0	0	0	0	0	0	0	0	0	0	0	0	0	0	0	0	0	0	0	0	0	0	0	0	0	0	0	0	0	0	0	0	0	0	0	0	0	0	0	0	0	0	0	0	0	0	0	0	0	0	0	0	0	0	0	0	0	0	0	0	0	0	0	0	0	0	0	0	0	0	0	0	0	0	0	0	0	0	0	0	0	0	0	0	0	0	0	0	0	0	0	0	0	0	0	0	0	0	0	0	0	9	0	0	0	0	0	0	0	0	0	0	26	0	0	0	0	0	0	0	0	0	0	0	0	0	0	0	0	0	0	0	0	0	0	0	0	0	0	0	0	0	0	0	0	0	0	0	0	0	0	0	0	0	0	0	0	0	10	0	70	0	0	0	0	0	0	0	0	0	0	0	0	5	0	0	0	0	0	0	6	51	0	0	1	0	0	0	0	0	0	0	0	15	0	0	0	0	0	0	0	0	0	0	0	0	0	0	0	0	0	0	0	0	0	0	0	0	0	0	0	12	1	0	1	0	0	0	0	18	0	0	0	0	0	0	0	0	0	0	0	0	0	0	0	0	0	0	0	0	0	0	0	0	0	0	0	5	1	0	0	0	0	0	0	0	2	0	21	128	73	80	113	52	131	57	20	0	0	92	102	6	18	0	0	36	0	157	86	18	42	62	1	0	77	4	0	107	123	123	0	150	5	31	179	37	95	27	0	172	0	0	22	33	140	69	65	69	44	173	26	37	119	3	76	11	21	72	4	36	78	4	0	77	94	0	140	87	11	70	0	194	46	0	62	98	92	4	91	0	8	0	22	208	9	41	33	78	2	186	24	1	29	0	159	87	27	138	25	135	181	3	21	71	73	105	109	66	65	150	20	118	63	48	256	200	140	61	52	85	311	162	64	164	0	216	36	24	96	171	26	87	218	54	85	88	153	184	27	233	44	49	35	152	80	55	212	89	10	97	96	20	28	34	161	28	81	172	79	314	36	11	72	86	90	90	56	22	52	69	183	13	44	112	227	22	93	39	29	148	11	171	65	157	97	14	108	75	141	54	88	92	44	19	50	17	47	253	74	31	34	69	69	30	86	362	281	338	26	174	55	32	87	196	259	132	78	129	312	73	55	65	11	34	92	102	224	25	74	82	30	118	142	36	31	153	25	195	153	111	46	68	186	76	153	117	66	54	206	54	36	141	49	66	171	73	76	52	41	126	44	79	66	280	164	24	112	16	56	196	137	72	72	144	67	32	19	22	44	46	89	114	74	140	35	71	47	82	52	12	172	36	47	53	72	75	173
37	0	87	0	0	0	0	0	0	0	0	0	0	0	0	0	0	0	0	0	0	0	0	0	0	0	0	0	0	0	0	0	0	0	0	0	0	32	0	0	0	0	0	0	0	0	0	0	0	0	0	0	0	0	0	0	0	0	0	0	0	0	0	0	0	0	0	0	0	0	0	0	0	0	0	0	0	0	0	0	0	0	0	0	0	0	0	0	0	0	0	0	0	0	0	0	0	0	0	0	0	0	0	0	0	0	0	0	0	0	0	0	0	0	32	0	0	0	0	0	0	0	0	0	6	0	0	0	0	0	0	0	0	66	0	0	0	0	0	0	7	0	0	35	0	0	0	0	0	0	0	0	0	0	0	56	0	33	0	0	0	0	0	0	0	14	0	0	0	0	0	0	0	0	0	0	18	0	0	0	0	0	0	0	0	0	0	0	0	0	0	0	0	0	0	102	0	0	0	48	0	0	0	1	0	0	0	0	0	0	11	5	0	1	0	17	0	0	0	0	0	0	0	0	0	56	0	0	10	0	3	17	8	0	0	0	0	33	0	1	0	38	0	0	0	0	0	0	5	0	0	16	0	0	1	31	0	0	0	74	35	0	0	0	1	140	0	0	0	0	0	0	0	24	0	0	2	34	0	0	0	0	0	17	0	0	0	0	0	0	0	2	35	0	0	0	0	33	108	0	0	0	7	172	122	69	16	0	70	55	0	4	5	62	97	13	10	5	0	3	0	5	163	83	0	67	0	4	12	1	73	63	157	1	0	0	133	0	64	0	12	6	47	98	0	0	18	85	89	159	32	159	56	117	5	100	2	0	0	4	0	0	0	0	0	59	49	0	23	3	5	36	5	42	0	13	57	7	41	47	0	0	31	0	0	0	0	119	50	21	1	71	0	47	11	8	93	7	0	68	120	50	77	45	85	91	11	126	241	9	60	78	97	12	84	84	106	66	51	217	95	159	226	21	42	59	302	0	4	141	216	55	20	22	31	76	4	97	82	136	80	68	73	9	25	49	31	307	63	51	97	75	253	64	127	62	66	91	10	104	50	133	54	19	34	161	0	258	24	43	108	66	38	36	67	30	40	188	36	112	51	7	15	83	88	51	59	297	63	73	155	310	74	113	0	183	70	7	22	52	55	51	21	105	49	20	59	88	106	161	97	23	229	34	104	77	29	26	62	110	133	276	18	51	98	111	68	41	62	202	72	73	80	94	65	12	24	43	24	75	65	149	59	60	22	144	18	71	151	89	56	8	207	229	176	148	46	22	171	24	127	121	69	206	134	88	65	163	90	200	37	92	32	77	60	36	40	119	139	110	82	59	60	61	32	31	35	63	120	24	43	60	106	109	139	25	96	75	72	306	100
38	7	0	0	0	0	0	0	0	0	0	0	0	0	0	0	0	14	0	0	0	0	70	0	0	189	0	0	0	0	0	0	0	0	0	0	0	0	0	0	0	0	0	0	0	0	0	0	0	0	33	0	0	0	0	0	0	0	0	0	0	0	0	0	0	0	0	0	0	0	0	0	0	0	0	0	0	0	0	0	0	0	0	0	0	0	0	0	21	0	0	2	0	0	0	0	0	0	0	0	0	0	2	0	0	0	0	0	0	0	0	0	0	0	0	0	0	0	0	0	0	33	0	0	0	0	0	4	0	0	50	0	0	0	0	45	11	0	0	0	0	0	0	0	6	0	33	0	0	0	0	0	0	0	37	40	0	0	0	21	0	0	0	0	0	0	0	11	0	0	11	0	0	0	0	0	0	0	0	0	0	7	0	39	0	0	0	105	0	0	0	0	7	2	0	0	0	0	0	1	3	305	0	0	0	10	0	0	6	113	0	8	14	29	0	0	53	0	0	0	2	0	0	0	5	75	1	0	0	186	0	0	6	4	0	0	0	0	59	0	0	0	17	53	86	27	0	0	0	22	0	0	0	0	0	14	0	2	0	0	34	0	0	50	0	0	0	125	0	0	0	16	0	85	32	67	59	3	10	44	0	0	0	101	0	0	0	78	10	0	59	36	11	0	0	0	0	0	20	0	0	45	53	215	50	162	19	30	50	31	157	82	31	121	35	23	10	29	77	105	143	42	75	172	143	189	84	113	142	98	95	99	66	123	96	118	173	8	65	147	164	128	5	67	20	106	46	243	48	76	97	36	43	35	108	97	29	74	80	85	62	218	49	99	135	82	80	147	29	22	7	80	107	31	20	10	23	189	54	69	6	93	55	34	1	18	79	31	63	104	133	35	134	129	17	52	117	83	44	58	28	24	243	99	8	138	74	58	26	43	119	46	80	40	72	72	93	110	159	47	173	38	39	105	91	25	248	187	58	50	70	195	61	45	137	39	68	81	161	135	50	362	126	99	50	42	64	48	72	106	72	91	67	72	38	128	175	86	99	62	33	47	112	104	208	183	199	114	107	106	34	162	30	34	71	7	68	49	44	148	114	311	78	168	66	171	57	73	111	45	177	84	37	27	84	63	99	217	63	16	41	24	57	294	10	33	14	59	39	22	302	90	143	39	40	66	72	139	56	78	88	86	119	23	22	120	39	25	9	60	28	82	104	136	117	104	110	81	56	44	41	30	33	136	43	38	75	53	85	52	33	35	95	24	61	73	94	125	236	115	142	90	66	80	182	44	62	48	92	112	132	87	65	116	60	10	47	109	25	81	39	135	24	77	32	119	76	60	135	73	122	84	106	134	21	85	62	86	300	31	83
39	0	0	0	0	0	0	0	0	0	0	0	0	0	0	0	0	0	0	0	0	0	0	0	0	0	0	0	0	0	0	0	0	0	0	0	60	0	0	0	0	0	0	0	0	0	0	0	0	0	0	0	0	0	0	23	0	0	0	0	0	0	0	0	0	0	0	0	0	0	0	0	0	0	0	0	0	0	0	0	0	0	0	0	0	0	0	0	0	0	38	0	0	0	0	0	0	0	0	0	0	0	0	0	0	0	2	1	0	0	5	0	0	1	0	0	0	0	0	0	4	0	0	66	0	0	0	0	0	1	0	0	0	0	24	0	0	0	0	0	0	0	0	0	0	0	5	22	0	0	0	0	0	0	11	0	14	0	0	0	0	0	0	0	0	0	0	0	0	0	7	0	0	0	0	0	0	22	0	0	0	34	26	0	0	0	0	0	0	0	0	0	0	0	0	0	0	0	0	0	0	68	5	0	0	16	0	0	0	0	0	0	0	3	3	3	0	0	0	0	9	0	0	0	0	7	14	0	0	0	0	0	0	18	0	0	0	4	100	0	0	8	0	0	43	0	0	0	0	30	0	0	0	0	15	97	0	0	0	0	0	0	0	217	0	0	0	0	0	0	0	0	0	1	94	16	0	0	129	0	114	0	2	0	0	0	0	0	37	0	0	20	0	0	0	27	0	0	0	0	0	9	55	99	205	57	26	55	131	65	3	50	75	13	39	106	132	49	34	60	94	84	77	19	10	145	18	45	79	123	6	159	234	132	145	126	33	108	109	25	91	106	35	74	119	158	69	58	28	80	25	226	191	53	103	77	33	2	26	145	16	53	30	38	141	97	48	29	165	46	137	30	75	45	9	54	207	185	109	87	64	159	284	1	0	171	8	31	70	78	18	327	162	107	137	80	121	42	16	30	103	47	117	13	48	65	140	71	65	98	141	139	215	79	190	145	17	133	203	141	93	54	34	36	99	38	116	126	44	79	23	81	134	183	268	82	72	29	109	95	62	55	13	69	56	168	36	62	106	76	93	93	165	66	131	19	75	14	41	82	49	117	210	200	51	51	103	149	84	71	208	252	159	96	320	32	102	23	59	131	32	138	23	5	67	54	105	31	66	98	396	234	8	208	62	191	134	82	206	96	148	30	65	106	91	85	64	120	75	74	156	23	31	58	95	65	138	104	60	132	32	212	164	118	27	173	35	45	180	61	252	50	197	46	32	154	32	5	69	33	83	120	151	411	173	138	247	83	28	113	43	38	212	173	11	94	31	74	57	258	40	173	21	115	164	142	72	59	51	73	50	35	71	145	98	65	39	246	75	223	63	179	104	71	106	224	36	102	100	162	8	153	26	143	49	165	123	99	154	48	135
40	0	0	0	0	0	0	0	0	0	0	0	0	0	0	0	0	0	0	0	0	0	0	0	0	0	46	0	0	0	0	48	0	0	0	0	0	0	0	0	0	0	0	0	0	0	0	0	0	0	0	0	0	0	0	0	0	0	0	0	0	0	0	0	0	0	0	0	0	0	0	0	0	0	35	0	0	0	0	0	0	0	0	0	0	0	0	0	0	0	0	0	0	0	0	0	0	14	0	0	0	0	0	0	0	0	0	0	0	0	0	0	0	0	0	0	0	0	0	0	0	0	8	0	0	0	0	0	0	0	0	0	0	0	0	0	0	0	0	0	0	0	0	0	0	0	0	0	0	0	0	0	0	0	0	0	0	0	2	0	0	0	0	0	0	0	6	0	0	0	0	0	0	0	0	0	0	0	0	0	0	0	0	0	0	0	0	0	0	0	0	0	0	0	0	0	0	0	0	0	0	0	0	0	0	1	0	76	0	11	0	0	0	0	0	0	0	0	35	0	0	0	0	0	0	0	0	0	0	0	0	0	0	0	0	0	0	0	0	2	0	0	0	0	0	0	0	0	0	0	0	0	0	0	0	7	0	0	0	0	0	0	0	0	0	0	0	2	0	0	0	0	0	0	0	0	0	0	0	0	1	0	0	0	0	0	0	0	0	0	0	0	0	0	0	0	0	0	0	0	0	0	0	75	205	82	10	0	215	5	0	0	59	0	17	0	5	0	0	2	0	27	96	42	0	102	0	0	0	2	0	3	0	131	4	0	37	3	0	0	33	0	0	134	0	0	0	126	0	0	0	33	72	41	0	76	0	0	0	0	0	0	0	0	1	0	0	0	72	0	0	8	0	26	0	30	6	0	21	0	2	0	28	0	0	2	0	0	0	2	0	0	0	92	19	116	0	0	0	0	277	115	58	17	178	19	199	103	62	17	101	58	80	37	101	106	111	48	164	104	104	46	34	53	43	57	165	0	4	169	37	199	43	79	76	19	0	82	307	106	45	73	60	9	0	110	159	165	82	58	131	245	44	193	129	0	186	109	80	172	77	88	40	41	110	10	0	3	22	33	102	31	63	291	117	98	96	39	111	20	56	84	40	92	99	51	75	88	0	72	69	153	83	67	0	275	57	165	73	59	179	282	86	41	208	45	113	78	107	46	141	214	113	29	51	102	9	17	45	121	135	152	133	49	84	25	163	115	6	143	149	168	208	231	248	213	39	35	85	72	93	107	24	206	104	35	108	38	56	97	298	57	88	24	60	29	43	88	53	14	71	13	84	60	22	14	54	101	94	70	57	176	279	125	114	105	46	165	223	80	177	206	82	276	99	150	118	91	71	80	58	159	18	120	98	211	308	43	114	79	89
41	0	0	0	0	0	0	0	0	0	0	0	0	0	0	0	0	0	0	0	0	0	0	0	0	0	0	0	0	0	0	14	0	0	0	0	0	0	0	0	0	0	0	0	0	0	0	0	0	0	0	0	0	0	0	0	0	0	0	0	0	0	0	0	0	0	0	0	0	0	0	6	0	0	0	0	0	0	0	0	0	0	0	0	0	0	0	0	0	0	0	0	0	0	0	0	0	0	0	0	0	0	0	0	0	0	0	0	0	0	0	0	0	0	0	0	0	0	0	0	0	0	0	5	0	0	0	0	0	0	0	0	0	0	0	0	0	0	41	0	0	0	0	0	0	0	0	0	0	0	0	0	0	0	0	0	0	0	0	0	0	0	0	0	0	0	0	1	0	0	0	0	0	0	0	0	0	0	0	0	0	0	0	0	0	0	0	0	5	3	0	0	0	0	0	0	0	0	0	0	0	0	0	0	0	0	0	27	0	0	0	0	0	0	0	0	0	0	0	0	0	0	0	0	0	0	0	0	0	0	0	0	13	0	0	4	0	0	0	0	0	0	0	0	0	0	0	0	3	0	0	0	17	0	0	0	0	0	11	0	10	0	0	0	0	51	0	0	0	0	0	0	0	0	0	0	0	0	0	0	0	0	0	0	9	0	0	0	0	0	0	4	0	0	0	2	0	0	0	0	0	0	0	31	101	75	0	0	0	29	0	0	75	0	200	0	37	0	0	0	0	183	120	2	0	0	0	4	0	1	0	118	13	0	0	6	0	155	0	4	13	0	1	51	1	0	14	23	138	50	140	74	27	5	2	7	0	0	19	0	0	0	0	27	0	8	0	68	116	0	0	10	1	163	3	0	14	0	31	31	0	52	23	0	0	10	0	32	0	43	35	28	52	62	0	3	0	0	30	62	41	70	71	39	71	9	70	87	99	67	213	155	74	44	74	91	48	26	251	117	146	230	152	125	12	11	34	0	0	56	16	18	127	76	266	295	14	142	214	28	33	165	10	13	0	52	33	22	94	14	63	50	99	63	235	0	67	97	200	129	148	41	218	113	0	17	49	62	2	5	65	325	24	101	48	295	192	31	127	76	73	73	141	85	137	92	190	30	22	370	95	0	105	96	16	37	268	11	162	80	17	10	7	98	69	106	44	34	178	85	82	51	39	76	103	95	105	48	72	146	84	55	81	19	24	154	74	90	132	95	165	110	27	37	82	40	97	62	132	20	101	180	51	69	65	122	141	171	69	130	67	93	106	91	34	190	96	87	185	54	21	113	9	147	88	91	71	65	335	42	37	55	42	101	151	27	90	291	100	49	45	81	42	268	17	35	83	171	60	7	146	231	40	136	105	121	74	10	74	43	75
42	0	0	0	0	0	0	0	0	0	0	0	0	0	0	0	64	0	0	0	0	0	0	0	0	0	0	0	0	0	0	0	0	0	0	0	0	0	0	0	0	0	0	0	0	0	0	0	0	0	0	0	0	0	0	0	0	0	0	0	0	0	0	0	0	0	0	0	0	0	0	0	0	0	0	0	0	0	0	0	0	0	0	0	0	0	0	0	0	0	0	0	0	0	0	0	0	0	0	0	0	0	0	0	0	0	0	0	0	0	0	0	0	0	0	0	0	0	0	0	0	0	0	0	0	29	0	0	0	0	0	0	1	0	0	0	0	0	0	0	0	0	0	0	0	0	0	0	0	0	0	0	0	0	0	0	0	0	0	0	0	0	0	0	0	0	0	0	0	0	0	0	0	0	0	0	0	0	0	10	0	0	0	0	0	0	0	16	0	0	0	0	0	0	0	18	0	0	0	0	0	0	0	0	0	0	0	0	0	0	4	0	0	4	0	0	0	0	0	0	0	0	0	0	0	0	1	0	0	11	0	0	0	3	0	0	0	0	0	0	0	0	0	0	0	0	0	0	0	0	0	0	0	0	0	0	11	0	0	0	0	0	1	0	3	0	0	0	0	0	0	0	0	0	0	0	0	0	0	0	0	0	0	0	0	0	0	0	4	0	0	0	0	0	0	0	0	0	0	0	0	0	4	95	10	65	0	3	120	16	0	0	0	0	59	2	8	0	0	52	0	40	96	87	25	3	0	37	0	0	0	92	23	0	0	0	4	21	0	0	69	0	0	17	0	0	0	35	0	0	33	6	206	46	44	0	0	0	0	0	6	0	5	0	0	90	0	28	6	1	0	194	10	9	0	0	112	0	21	63	0	2	95	0	0	0	9	0	0	18	133	32	7	110	0	0	0	0	2	78	92	88	214	126	70	130	13	68	101	108	257	201	60	49	55	180	62	25	236	179	68	28	132	91	127	11	65	0	0	125	48	88	57	188	11	38	0	76	112	59	202	124	14	86	0	68	85	260	26	36	140	43	21	21	15	0	68	111	17	140	55	4	131	91	94	14	54	10	10	99	317	136	61	164	223	48	29	84	60	73	117	74	60	64	333	298	37	94	68	15	80	39	29	148	168	220	77	125	84	117	135	31	75	27	74	146	112	67	82	25	46	111	130	72	51	232	105	39	195	138	105	38	68	114	31	15	110	115	116	60	16	257	328	56	300	32	17	484	215	51	178	85	32	170	61	77	60	274	101	57	48	85	192	62	37	92	65	73	136	503	49	114	68	96	185	105	53	55	78	35	174	138	10	34	156	63	54	97	153	9	245	152	51	122	52	53	56	179	81	8	87	132	29	189	86	55	101	58	42	26	104
43	0	0	0	0	0	17	0	0	0	0	0	0	0	0	0	0	0	0	0	0	0	0	0	0	0	0	0	0	0	0	0	0	0	0	0	0	0	0	0	0	0	0	0	0	0	0	2	0	0	0	0	0	0	0	0	0	0	0	0	0	0	0	0	0	0	0	0	0	0	0	0	0	0	0	0	0	0	0	0	8	0	0	10	0	0	0	0	0	0	0	0	0	0	0	0	0	0	0	0	0	0	0	15	0	0	0	0	0	0	0	0	1	0	0	15	0	0	0	0	0	0	0	0	0	0	28	0	0	0	0	0	0	0	0	0	0	0	0	0	0	0	0	0	0	0	0	0	0	0	0	0	0	0	0	0	0	0	0	0	0	0	0	0	0	0	0	0	0	0	0	0	0	0	0	0	0	0	0	0	0	0	0	0	0	0	0	0	0	0	0	0	0	0	0	0	4	0	0	53	0	0	0	0	0	0	0	0	35	0	0	0	1	0	0	0	0	0	0	0	1	0	1	6	13	0	0	0	0	0	0	0	0	0	0	0	0	0	5	0	0	0	0	0	0	0	0	0	0	0	0	0	0	0	0	0	0	0	0	0	0	0	0	0	2	0	0	0	0	4	0	2	0	0	0	0	0	0	19	0	0	0	0	0	0	0	0	0	0	0	0	0	0	0	0	133	0	0	0	0	0	0	0	23	210	0	0	0	0	0	0	0	17	0	105	0	0	6	0	0	4	0	44	21	2	0	37	0	0	0	0	123	0	0	60	0	0	0	0	0	3	0	0	134	0	1	0	158	0	23	4	1	0	3	0	0	0	0	0	0	0	6	0	0	0	1	0	0	0	0	0	52	0	0	0	0	0	0	0	0	0	0	0	0	0	0	15	0	0	19	0	7	0	4	0	0	0	0	0	22	0	4	26	257	20	1	213	47	102	44	32	32	29	67	40	103	104	86	50	100	12	107	36	9	57	0	28	0	0	53	3	51	18	130	68	163	0	111	135	11	89	93	56	17	0	72	0	65	246	0	10	0	67	16	79	12	121	68	60	29	24	136	32	42	5	7	0	123	24	20	83	165	80	89	153	72	0	58	36	3	40	63	7	35	50	208	73	20	11	63	170	56	102	10	0	148	105	62	18	52	93	85	110	92	125	44	94	68	72	191	115	71	84	44	155	23	87	31	102	122	119	31	157	52	57	83	71	66	101	201	32	110	23	33	77	128	76	73	40	41	179	123	124	83	95	10	55	106	42	150	68	47	250	108	53	243	80	111	142	116	82	27	25	139	94	163	155	53	148	156	199	26	51	41	53	92	304	53	278	112	115	126	12	79	74	117	83	75	48	144	67	94	213	176	78	168	207	14	139	91	143
44	0	0	0	0	0	0	0	0	0	0	0	0	0	0	0	0	0	0	0	0	0	0	0	0	0	0	0	0	7	0	0	0	0	0	0	0	0	0	0	0	0	0	0	0	0	0	0	0	0	0	0	0	0	0	0	0	0	0	0	0	0	0	0	0	0	0	0	0	0	0	0	0	0	0	0	0	0	0	0	0	0	0	0	13	0	0	4	0	0	0	0	11	0	0	0	0	0	0	0	0	0	0	0	0	2	0	0	0	0	0	0	0	0	0	0	0	0	0	0	0	3	0	0	0	0	0	0	0	0	0	0	0	0	0	6	8	0	0	0	0	65	0	0	0	0	0	0	0	0	0	0	0	0	12	0	0	0	0	0	0	0	0	0	0	0	0	96	0	0	0	0	0	0	17	0	0	4	0	0	0	2	0	0	0	0	0	35	0	0	0	0	0	0	0	0	0	0	7	0	1	0	0	0	4	0	0	0	6	0	0	0	0	0	0	0	0	0	0	0	0	0	0	0	0	39	0	0	0	0	1	0	2	0	0	0	0	0	3	0	0	0	0	0	11	74	0	0	0	0	0	0	0	0	0	11	0	3	0	0	6	0	0	4	0	0	0	65	0	0	0	0	0	0	42	0	0	0	0	0	0	0	0	0	0	0	0	0	6	0	0	0	55	0	0	0	0	0	0	0	0	18	0	0	26	42	0	0	12	14	0	0	0	0	96	0	0	0	0	86	0	9	15	26	29	0	0	0	4	0	16	18	6	0	0	0	1	8	0	2	0	5	0	48	0	1	0	20	0	0	0	1	86	0	0	0	0	4	0	0	0	0	0	0	0	14	0	0	38	0	0	6	1	4	0	5	0	5	0	28	0	0	11	0	0	0	18	0	5	0	0	0	0	0	3	3	15	71	7	0	9	114	39	209	0	13	58	86	158	128	7	30	28	0	0	9	147	124	144	36	26	18	114	210	89	0	3	0	107	46	50	55	47	128	91	123	0	60	93	91	91	193	80	20	13	0	17	207	68	47	38	67	123	70	12	9	172	31	135	32	161	23	36	40	0	1	8	40	0	70	356	51	3	117	48	107	48	9	154	0	315	134	51	9	193	92	77	36	85	40	57	0	77	75	0	82	145	84	349	39	179	60	96	258	48	73	199	79	3	272	77	0	66	60	220	43	80	9	159	31	29	202	71	41	88	101	71	9	15	21	136	176	29	82	173	142	193	45	13	157	71	58	112	170	154	108	179	95	114	76	19	57	163	10	29	135	135	121	88	9	89	78	21	68	12	129	63	131	288	170	81	86	195	65	55	34	45	45	69	204	196	166	177	116	100	28	157	89	7	193	80	157	62	30	93	88	491	10	58	103	51
45	0	0	0	0	0	0	0	0	0	0	0	0	0	0	9	66	0	0	0	0	0	0	0	0	0	0	0	0	0	0	31	0	0	0	0	0	4	0	0	0	0	0	0	0	0	0	0	0	0	0	0	0	0	14	0	0	0	0	0	0	0	0	0	0	0	0	0	0	0	0	0	0	0	0	0	0	0	0	0	0	0	0	0	0	0	0	0	0	0	0	0	0	0	0	66	0	0	0	0	0	0	0	0	0	0	0	0	0	0	0	0	0	0	0	0	0	0	0	0	0	0	0	31	38	0	0	0	0	0	0	0	0	0	0	4	0	0	0	0	0	40	0	0	0	0	0	0	0	0	0	0	0	0	0	0	81	0	0	0	10	0	0	0	28	0	0	0	0	0	0	0	0	0	0	0	0	0	0	1	0	9	11	105	0	0	0	0	0	0	0	5	0	0	0	0	8	0	0	0	0	31	0	0	0	0	0	37	0	0	0	8	25	0	0	0	0	0	0	0	0	0	21	0	0	0	0	0	0	0	0	0	27	8	0	0	5	0	59	0	0	0	0	0	49	0	0	0	0	10	0	17	0	0	0	9	0	0	0	0	107	0	0	41	2	0	102	37	0	0	0	0	0	0	49	7	0	0	63	20	2	1	0	0	1	0	0	0	41	0	0	41	0	0	11	20	0	0	0	0	42	45	43	82	76	142	4	31	28	137	24	90	6	46	105	10	52	86	6	97	0	161	350	62	57	33	12	32	49	73	10	110	33	59	119	39	20	63	122	24	105	54	210	163	11	43	44	32	47	22	83	141	236	238	29	142	183	0	65	103	134	50	0	105	50	33	0	89	85	122	101	78	39	249	0	78	245	29	35	78	15	178	21	0	0	185	102	343	65	52	2	27	210	180	58	25	23	47	86	75	81	123	42	201	86	19	86	55	264	59	125	12	106	52	48	33	57	83	3	144	87	84	27	86	99	64	123	19	9	72	20	99	99	91	60	98	28	100	74	109	69	155	191	99	70	47	130	75	64	323	86	75	211	17	57	150	84	42	47	187	95	92	48	117	241	107	108	106	61	4	18	103	281	13	177	121	41	220	27	68	12	59	153	60	241	56	66	186	9	95	36	13	179	284	32	187	64	30	64	14	88	199	61	101	108	137	48	5	17	88	239	75	44	131	99	31	44	108	51	60	84	201	97	103	212	49	89	155	35	71	60	93	25	258	181	118	41	119	12	83	227	65	98	148	12	56	70	186	139	139	14	140	154	127	288	168	338	168	19	110	80	56	103	405	85	135	174	124	91	81	167	15	100	50	39	159	198	43	239	119	8	19	85	85	28	276	176	73	27	96	211	174	66	110	61	101	72	23	148	12	66
46	0	0	0	0	0	0	7	0	0	0	0	0	0	0	0	0	0	0	0	0	0	0	0	0	0	0	0	0	0	0	0	0	0	0	0	0	0	0	0	0	0	0	0	0	0	0	0	0	0	0	0	5	0	0	0	0	0	0	0	0	0	0	0	0	0	0	0	0	9	0	0	0	0	0	0	0	0	0	0	0	0	0	0	0	0	0	0	0	0	0	0	0	0	0	0	0	0	0	0	0	9	0	0	0	31	1	105	0	0	2	22	0	0	0	0	36	0	0	33	114	0	0	112	0	31	0	0	0	0	0	0	1	0	3	81	10	0	1	0	0	0	68	0	0	0	0	0	0	0	0	29	0	4	36	0	0	86	26	0	0	23	0	0	47	0	0	26	0	0	0	0	0	0	0	0	4	0	38	35	0	0	3	0	123	0	14	94	0	3	0	0	0	0	0	77	68	0	134	2	0	282	92	75	9	33	35	4	0	48	21	0	10	13	62	101	19	0	51	13	4	26	63	0	79	37	57	0	11	110	84	7	48	62	0	51	0	0	38	0	11	1	43	14	56	32	29	21	0	195	1	0	69	1	114	74	9	1	0	33	127	0	46	86	89	0	0	111	0	41	63	0	0	44	20	84	60	120	60	164	166	20	121	30	39	0	0	61	53	0	56	48	27	45	0	123	9	0	191	0	24	25	65	60	86	91	88	115	82	55	17	192	21	165	73	13	165	150	98	18	50	164	31	61	45	69	185	144	130	77	40	32	80	84	88	71	159	19	30	125	183	124	77	325	67	15	63	81	126	33	83	84	232	123	147	11	169	8	100	144	18	106	22	143	120	7	14	92	22	60	123	154	45	41	130	40	254	144	289	70	92	168	147	21	28	12	65	27	155	85	114	73	161	226	37	86	106	129	184	192	119	40	219	147	142	78	102	111	93	278	100	120	81	186	70	35	234	64	83	31	63	45	41	99	47	84	114	26	132	88	22	81	83	74	8	43	155	88	95	301	44	26	64	63	70	18	50	37	99	136	75	45	76	57	70	203	27	30	70	80	78	126	31	160	145	56	236	153	60	76	62	7	23	118	140	15	670	25	99	63	113	94	64	98	71	230	218	84	106	102	274	21	3	118	153	47	60	84	23	97	7	32	128	71	156	96	84	122	109	55	172	352	47	192	27	143	143	104	173	79	29	28	106	355	240	215	104	171	184	215	72	35	39	152	115	92	28	56	176	158	62	26	21	177	97	147	83	156	106	16	104	183	311	170	31	72	128	31	101	80	68	96	56	120	118	54	30	76	42	106	56	71	244	44	101	105	186	131	251	3	160	103	82	36	85	138	186	297	61	46	102	107	35	71	122	81	141	24	54	56	226
47	0	0	0	0	0	0	0	0	0	0	0	0	0	0	0	0	0	0	0	0	0	0	0	0	0	0	0	0	0	0	0	0	0	0	0	0	0	0	0	0	0	0	0	0	0	0	0	11	0	0	0	0	0	0	0	0	0	0	0	0	0	0	0	0	0	0	0	0	0	0	0	0	0	0	0	0	0	0	0	0	0	0	0	0	0	0	0	0	0	0	0	0	0	0	0	0	0	0	0	0	15	0	0	0	0	0	0	0	0	0	0	0	0	2	37	0	0	0	0	0	0	0	0	0	0	0	0	0	0	0	0	0	0	0	0	0	0	0	0	0	0	0	0	2	0	0	0	0	0	0	38	0	0	4	0	0	0	0	0	0	2	0	0	0	0	0	0	0	0	0	0	0	0	0	0	0	0	15	0	0	0	0	0	46	0	0	0	0	0	0	5	5	4	0	15	0	0	0	0	0	0	0	0	0	0	0	0	0	0	5	0	0	0	0	0	0	0	0	0	0	0	0	0	0	0	0	0	14	0	12	1	0	0	0	0	0	0	0	0	0	0	0	0	0	0	0	0	0	12	0	0	0	0	0	0	0	0	2	0	4	0	0	0	0	0	0	0	0	0	0	0	0	0	0	0	0	20	0	0	0	6	0	0	0	0	0	0	7	34	0	0	0	0	0	1	0	0	0	0	29	1	24	123	82	25	0	3	17	30	5	24	4	152	58	0	0	0	31	40	0	1	12	58	0	158	0	0	76	1	3	19	30	40	0	41	50	0	1	0	29	31	8	20	22	0	43	92	0	4	20	25	131	182	0	7	66	1	2	19	1	0	0	34	20	20	0	0	4	22	100	24	0	12	0	0	30	77	24	21	11	2	29	0	0	0	33	4	3	158	20	0	0	26	106	18	1	2	33	29	52	45	111	379	82	71	159	76	27	45	203	241	203	44	14	263	108	78	135	61	12	74	79	126	224	76	32	0	28	278	0	55	75	127	100	70	11	21	50	25	127	28	38	101	0	69	274	302	73	23	22	17	255	31	98	141	1	95	141	295	10	48	114	120	0	121	38	125	11	69	75	116	82	48	21	76	134	76	182	16	178	42	28	85	13	21	106	90	81	152	31	203	18	77	2	61	38	55	70	67	26	27	163	43	160	58	44	157	11	144	197	56	124	62	65	70	61	27	78	40	64	91	243	74	92	140	98	65	60	263	86	37	51	106	227	164	35	9	99	72	408	95	112	73	161	190	73	64	33	25	159	17	52	68	84	247	113	59	159	51	49	272	67	34	86	136	67	85	319	42	121	118	85	265	116	32	267	184	140	81	128	134	83	8	69	101	82	204	114	133	152	176	76	58	252	143	87	181	141	45	103
48	0	0	0	0	0	0	0	0	0	0	0	0	0	0	0	0	20	0	0	0	0	0	0	0	0	0	0	0	0	0	0	0	0	0	0	0	0	0	0	0	0	0	0	0	39	0	0	0	0	0	0	0	0	0	0	0	0	0	0	0	0	0	0	0	0	0	0	0	0	0	0	0	0	0	0	0	0	0	0	0	0	0	0	0	0	0	0	0	0	0	0	0	0	0	0	0	0	0	0	0	0	0	0	0	0	0	0	0	0	0	0	0	0	0	0	0	0	0	0	0	0	0	0	0	0	0	0	0	0	0	15	0	0	0	0	0	0	0	0	0	0	0	0	0	0	0	0	0	0	0	0	0	0	92	1	0	0	0	0	0	0	0	0	1	0	0	0	0	0	0	0	0	0	0	0	0	0	0	0	0	0	0	0	1	0	0	0	0	0	2	0	0	0	0	0	0	0	0	0	0	1	0	0	0	0	0	0	0	0	0	0	4	4	0	0	0	0	0	3	0	0	0	0	0	0	0	0	0	0	0	0	0	7	0	0	0	0	0	0	0	0	0	0	21	0	6	0	0	0	0	0	0	0	0	0	0	0	3	0	5	0	0	5	0	0	0	1	0	64	0	0	2	0	101	0	0	0	37	0	0	0	0	0	0	0	0	1	6	0	0	3	0	0	0	0	0	0	0	3	0	1	57	84	18	7	13	64	29	81	0	0	0	78	41	0	95	0	0	40	0	100	113	123	11	14	0	0	135	30	0	55	44	359	0	0	1	66	133	0	22	0	62	39	0	0	30	87	71	25	47	106	48	11	0	57	65	0	61	66	56	64	0	0	0	59	0	74	0	0	88	8	85	136	0	76	63	2	51	6	1	0	50	0	0	12	37	0	56	30	63	25	0	12	29	9	39	0	30	71	64	57	133	27	85	107	129	59	41	126	41	71	316	59	1	153	57	22	222	120	155	93	212	96	22	15	45	23	69	34	33	14	174	26	25	195	81	131	52	144	121	112	62	15	152	244	144	118	41	196	71	137	58	10	18	92	37	55	90	44	152	111	86	45	28	319	102	48	237	199	38	89	11	18	116	36	141	327	81	59	105	18	301	134	59	134	16	21	40	33	100	63	9	91	19	127	30	51	464	133	2	37	8	82	125	130	233	57	131	126	144	114	25	164	83	149	28	36	51	23	157	17	62	19	20	157	57	89	196	181	304	39	58	105	76	282	55	133	67	228	74	79	48	40	154	124	68	31	25	60	30	75	167	155	164	163	149	105	99	328	38	57	5	8	55	89	168	58	154	204	88	221	18	121	36	268	94	126	49	72	49	45	301	179	74	98	73	104	101	10	128	9	280	179	93	179	31	42	67	98	74
49	0	0	0	0	0	0	0	0	0	6	0	0	0	0	0	0	0	0	0	0	0	0	0	0	0	0	0	45	0	0	0	0	0	0	0	0	0	0	0	0	0	0	0	0	0	0	0	0	0	0	0	2	0	0	0	0	0	0	0	0	0	0	0	0	0	0	0	0	0	0	0	0	0	0	0	0	0	0	0	0	0	0	0	0	0	0	0	50	0	0	0	0	0	0	0	0	0	0	0	0	0	0	0	0	0	0	0	0	0	0	0	0	0	0	0	0	17	0	0	0	12	0	0	0	0	0	0	0	0	0	0	0	0	0	0	0	0	0	0	0	0	0	0	0	0	0	0	0	0	0	0	0	0	0	0	0	0	0	0	0	0	0	0	0	0	0	0	0	0	0	0	0	0	0	13	0	0	0	0	0	0	0	0	0	0	0	0	0	0	0	0	0	0	0	27	0	0	48	3	0	2	0	0	0	0	0	0	1	0	0	1	0	0	0	1	0	0	0	0	0	0	0	0	0	0	0	0	6	0	0	11	3	0	0	0	0	0	0	0	0	0	0	0	0	0	7	0	0	166	0	0	0	0	23	0	4	0	0	2	0	0	7	0	0	0	0	9	0	0	1	0	1	0	0	8	0	0	0	0	0	0	0	9	0	0	0	0	0	4	0	0	0	0	0	0	0	0	3	4	42	73	0	24	48	0	37	0	0	36	0	0	8	0	228	13	34	0	0	0	14	32	99	94	0	54	0	0	0	0	0	0	0	68	0	4	31	0	0	0	63	0	0	47	0	0	5	257	0	0	0	113	153	170	0	0	0	0	42	5	0	1	0	0	0	0	0	1	0	2	0	55	47	42	0	0	56	0	0	25	0	0	10	22	0	0	0	0	13	65	0	0	0	0	0	0	0	0	0	19	92	90	0	45	248	0	72	61	20	75	45	45	42	45	9	245	126	12	35	223	79	43	203	22	138	34	35	0	0	207	43	25	67	7	102	53	6	88	135	48	81	52	89	54	37	150	109	44	206	21	165	0	89	38	179	8	65	69	60	69	185	18	34	44	3	25	5	121	43	183	122	146	42	9	62	77	106	168	11	1	63	38	64	65	73	72	53	216	32	178	70	1	82	4	0	136	218	86	58	153	55	86	62	62	153	82	65	42	61	74	7	116	181	135	246	117	39	191	126	84	18	15	218	43	167	161	49	227	57	12	155	75	174	100	139	63	38	142	54	114	196	31	160	71	262	130	74	30	250	49	78	37	97	26	48	19	134	29	75	68	63	123	75	92	141	34	50	26	106	24	190	198	218	133	112	23	10	77	303	108	240	122	37	125	86	43	26	138	43	185	104	173	84	9	91	104	48	116	111	85	14
50	0	0	0	0	0	0	0	0	0	0	0	0	0	0	0	0	0	0	0	0	0	0	0	0	0	0	0	0	0	0	0	0	0	0	0	0	0	0	0	0	0	0	0	0	0	0	0	0	0	0	0	0	0	0	0	0	0	0	0	0	0	0	0	0	13	0	0	0	0	0	0	0	0	0	0	0	0	0	0	0	0	0	0	0	0	0	0	0	0	0	0	0	0	0	0	0	0	0	0	0	0	0	0	0	0	0	0	0	77	0	0	0	0	0	0	0	0	0	0	59	0	0	4	0	0	0	0	11	0	0	0	0	48	0	0	0	0	0	0	0	0	0	0	0	0	0	0	0	0	0	0	0	0	0	0	0	0	0	0	0	0	0	0	0	0	0	0	0	0	0	0	0	0	0	0	0	0	0	0	0	4	0	32	0	0	0	23	0	0	0	0	0	0	0	0	0	0	0	0	0	0	0	0	0	0	0	0	0	0	0	0	2	0	0	0	0	0	0	0	0	0	0	0	0	49	0	0	0	0	45	0	0	0	0	0	0	0	0	0	0	0	0	14	0	0	1	0	0	0	0	0	0	0	0	0	0	0	0	0	0	0	1	0	0	0	0	0	0	0	0	0	0	0	0	0	12	0	0	0	0	4	0	0	0	0	0	0	0	0	34	0	0	0	0	0	0	0	14	0	0	0	0	51	0	2	0	0	0	0	0	0	7	0	112	12	10	0	12	2	0	62	35	109	0	5	0	4	1	0	0	49	8	16	6	0	7	71	2	0	0	5	0	22	0	0	18	9	34	0	0	6	35	1	0	30	7	0	8	117	43	0	10	0	0	24	132	0	3	0	0	20	0	2	0	55	57	6	0	0	0	0	85	0	1	1	24	40	68	0	0	0	0	0	0	0	1	0	0	0	171	91	14	27	70	17	34	297	69	76	31	240	153	19	33	4	109	152	110	273	9	229	79	80	39	1	83	28	0	143	100	64	63	216	189	112	9	36	6	52	198	23	54	11	0	37	38	53	57	250	75	177	30	64	90	0	51	91	17	85	54	252	75	58	15	145	0	18	4	53	28	194	129	90	5	95	98	56	25	48	85	168	41	48	139	302	34	164	58	33	61	0	39	8	51	97	198	86	111	5	112	133	63	26	40	33	266	53	53	100	272	62	122	64	249	144	73	39	13	216	109	190	92	284	32	65	31	95	87	156	77	16	128	50	119	222	97	16	151	131	62	89	29	63	22	190	93	48	75	127	100	232	68	161	43	130	185	37	5	56	193	91	128	77	6	111	39	49	119	197	97	7	103	176	88	9	30	99	184	97	42	77	108	30	57	41	111	49	50	62	145	15	21	94	367	39	160	31	159	147	128
51	0	0	0	0	0	0	0	0	0	0	0	0	0	0	0	0	0	0	0	0	0	0	0	0	0	0	0	0	0	0	0	0	0	0	0	0	0	0	0	0	0	0	0	0	0	0	0	0	0	0	0	0	0	0	0	0	0	0	0	0	0	0	0	0	0	0	0	0	0	0	0	0	0	0	0	0	0	0	0	0	0	0	0	0	0	0	0	0	0	0	0	0	0	0	0	0	0	0	0	0	0	0	0	0	0	0	0	0	0	0	4	128	0	0	0	0	0	0	3	3	0	0	0	0	0	0	0	0	0	0	0	0	0	0	0	0	0	0	0	0	0	0	0	0	50	0	0	2	0	55	0	73	0	0	0	1	41	0	0	0	0	0	0	24	0	27	5	0	0	0	0	0	0	0	0	0	0	0	0	0	0	0	0	0	0	0	0	0	0	0	0	0	3	5	0	5	0	0	0	0	0	14	25	17	5	7	0	0	76	0	0	46	0	0	4	113	0	2	36	0	10	53	16	0	81	0	0	15	82	102	0	0	4	0	63	0	0	0	34	24	85	25	50	38	106	0	0	0	208	112	0	92	21	0	22	0	5	0	0	10	0	0	65	0	0	88	67	142	30	43	24	22	34	37	0	0	13	6	2	33	35	14	0	47	7	0	8	0	0	44	0	0	0	0	0	23	25	2	0	33	94	7	25	39	113	3	20	91	3	86	2	173	103	50	5	11	53	62	8	31	111	76	21	59	26	53	3	4	9	3	17	115	5	29	34	74	27	38	11	54	148	8	96	28	71	183	111	123	21	0	156	12	4	63	128	50	137	5	125	24	177	69	0	104	37	106	152	28	109	0	73	27	0	108	101	142	193	66	30	7	52	3	6	35	18	4	34	93	40	108	26	11	34	102	4	83	6	1	83	41	57	26	38	40	43	10	73	69	294	55	47	20	178	63	13	150	64	24	52	123	26	72	109	2	204	14	119	62	10	39	123	110	34	199	73	40	131	76	7	132	32	59	21	65	84	37	146	15	109	54	30	62	4	52	40	84	91	23	10	51	85	12	98	62	93	64	27	27	337	4	12	76	56	59	60	10	10	106	4	99	111	3	40	95	42	178	59	69	125	36	35	104	57	89	12	62	294	15	32	0	79	23	132	172	17	91	85	0	2	208	10	51	12	139	24	102	11	45	186	211	16	113	71	131	85	30	0	28	21	131	25	44	50	80	21	127	166	168	111	2	3	40	31	86	171	47	64	136	3	50	103	46	48	124	146	28	105	109	31	165	164	146	2	21	104	111	19	89	131	1	55	42	99	197	166	22	16	62	0	40	46	55	37	443	54	53	25	57	32	31	37	139	118	121	27	49	47	34	18	11
52	0	0	0	0	0	0	0	143	0	0	0	0	0	0	0	0	0	0	0	0	0	0	0	0	0	0	0	0	0	0	0	0	0	0	0	0	0	0	0	0	0	0	0	0	0	0	0	0	0	0	0	0	0	0	0	0	0	0	0	0	0	0	0	0	0	0	0	0	0	0	0	0	0	0	0	0	0	0	0	0	0	0	0	0	0	0	0	0	0	0	0	0	0	0	0	0	0	0	0	0	0	0	0	0	0	0	0	0	0	0	65	0	0	0	0	0	24	5	0	0	0	0	0	0	0	93	0	0	0	0	0	0	0	0	0	0	0	0	0	0	0	62	0	0	0	0	0	0	0	0	24	0	0	0	0	0	25	5	0	0	4	6	0	23	0	0	22	0	0	0	106	0	0	0	0	0	0	0	0	0	0	0	0	0	0	0	0	78	0	0	0	0	0	0	0	0	0	0	0	0	1	26	20	26	3	0	10	14	0	106	0	8	0	8	6	28	0	23	12	0	0	19	8	62	197	48	0	0	31	0	11	0	11	0	10	0	1	0	0	0	0	0	0	35	39	0	25	10	132	29	0	56	29	0	101	0	5	11	0	0	12	6	48	0	29	152	0	0	0	47	17	64	277	12	0	0	32	121	1	44	0	0	157	0	0	9	2	0	0	115	73	0	122	75	27	25	18	0	0	83	87	33	52	71	71	80	9	126	36	9	0	111	0	33	82	47	63	0	263	37	188	73	61	15	71	19	26	20	59	89	124	33	5	76	11	14	23	40	34	6	10	137	97	4	19	37	41	23	45	19	173	17	49	158	97	46	95	69	2	12	80	59	19	4	14	89	16	146	71	0	51	96	23	42	14	13	16	84	48	0	0	16	0	37	178	0	0	67	15	31	42	163	96	249	15	58	7	3	0	64	107	65	10	61	85	7	63	40	143	1	14	49	8	34	0	104	168	26	42	69	22	40	1	17	26	97	141	132	10	25	87	70	33	101	88	44	5	89	19	135	143	25	0	66	0	71	12	85	11	90	22	113	28	46	152	80	82	182	69	83	214	132	19	101	0	13	104	51	43	57	6	7	169	46	26	95	11	78	45	44	17	0	116	108	81	53	107	129	201	33	2	22	13	128	5	29	213	11	357	11	213	4	152	32	1	45	13	46	0	204	49	45	2	6	26	22	38	59	108	57	31	148	76	57	8	19	17	23	1	83	20	63	23	57	5	17	69	24	52	12	27	120	45	37	14	31	98	4	221	89	117	96	30	87	97	72	30	177	23	42	164	55	47	118	41	161	2	80	23	6	63	52	29	73	259	27	21	11	42	32	81	76	95	109	20	65	1	71	6	24	39	19	156	53	7	39	112	36	127	64
53	0	0	0	0	0	0	0	0	0	0	0	0	0	0	0	0	0	0	0	0	0	0	0	0	0	0	0	0	0	0	0	0	0	0	0	0	0	0	0	0	0	0	0	0	0	0	0	0	0	0	0	0	0	0	0	0	0	0	0	0	0	0	0	0	0	0	0	0	0	0	0	0	0	0	0	0	0	0	0	0	0	0	0	0	0	0	0	0	0	0	0	0	0	0	0	0	0	0	0	0	0	0	0	0	0	0	0	0	0	0	0	0	0	0	0	0	0	0	0	0	1	0	0	0	0	0	0	0	0	24	0	0	1	0	0	11	0	0	0	19	0	70	32	0	6	0	11	13	67	0	0	0	0	0	51	0	74	16	54	0	0	0	42	0	0	12	33	0	0	0	0	0	0	0	0	60	7	0	0	0	0	85	0	0	0	0	0	0	0	0	0	0	0	0	0	23	0	0	0	0	7	0	0	0	0	102	51	0	64	25	0	0	15	0	0	1	53	78	213	0	2	0	29	5	114	61	0	32	6	75	0	0	72	0	0	0	24	0	94	111	0	5	18	15	28	0	0	13	92	24	0	26	0	156	32	0	10	17	0	1	58	0	73	0	0	25	77	29	4	49	0	0	125	71	27	0	0	0	0	32	12	0	57	76	27	38	9	0	0	5	0	92	2	0	0	0	0	0	0	15	179	63	45	0	56	17	28	38	107	118	0	24	219	48	7	63	44	138	4	0	41	31	3	80	29	43	4	41	5	0	26	22	22	42	31	56	32	159	46	95	17	60	18	103	61	70	34	1	127	6	66	26	49	64	191	6	192	26	10	48	20	14	98	46	102	66	28	15	17	15	27	150	30	5	4	31	58	4	53	23	0	18	26	54	12	10	12	113	46	74	56	31	14	65	2	20	30	114	4	219	117	1	12	115	12	261	41	12	19	12	44	16	35	30	2	99	58	3	64	236	7	31	86	98	102	19	173	5	8	30	60	138	102	41	51	98	13	56	0	46	88	138	77	32	1	29	47	47	7	216	23	97	7	24	39	48	128	135	12	40	146	26	78	217	5	28	68	119	68	75	57	19	51	103	111	21	180	94	14	222	5	0	196	183	96	25	57	25	157	13	27	4	11	223	6	79	35	95	17	47	4	6	84	11	7	65	33	97	0	54	85	240	1	37	80	48	19	10	0	2	56	27	353	26	9	94	0	36	8	82	25	78	24	21	69	118	56	228	31	10	88	22	100	47	51	126	31	66	27	29	10	138	25	83	116	40	308	182	52	33	98	19	6	21	180	104	122	55	63	1	197	0	11	77	96	128	44	27	10	172	76	30	11	24	0	57	181	94	3	2	13	37	45	39	1	56	40	109	12	27
