0	0	0	0	0	0	0	0	0	0	0	0	0	0	0	0	0	0	0	0	0	0	0	0	0	0	0	0	0	0	0	0	0	0	0	0	0	0	0	0	0	0	0	0	0	0	0	0	0	0	0	0	0	0	0	0	0	0	0	0	0	0	0	0	0	0	0	0	0	0	0	0	0	0	0	0	0	0	0	0	0	0	0	0	0	0	0	0	0	0	0	0	0	0	0	0	0	0	0	0	0	12	12	12	12	12	12	12	12	12	12	12	12	12	12	12	12	12	12	12	12	12	12	12	12	12	12	12	12	12	12	12	12	12	12	12	12	12	12	12	12	12	12	12	12	12	12	12	12	12	12	12	12	12	12	12	12	12	12	12	12	12	12	12	12	12	12	12	12	12	12	12	12	12	12	12	12	12	12	12	12	12	12	12	12	12	12	12	12	12	12	12	12	12	12	12	12	12	12	12	12	24	24	24	24	24	24	24	24	24	24	24	24	24	24	24	24	24	24	24	24	24	24	24	24	24	24	24	24	24	24	24	24	24	24	24	24	24	24	24	24	24	24	24	24	24	24	24	24	24	24	24	24	24	24	24	24	24	24	24	24	24	24	24	24	24	24	24	24	24	24	24	24	24	24	24	24	24	24	24	24	24	24	24	24	24	24	24	24	24	24	24	24	24	24	24	24	24	24	24	24	48	48	48	48	48	48	48	48	48	48	48	48	48	48	48	48	48	48	48	48	48	48	48	48	48	48	48	48	48	48	48	48	48	48	48	48	48	48	48	48	48	48	48	48	48	48	48	48	48	48	48	48	48	48	48	48	48	48	48	48	48	48	48	48	48	48	48	48	48	48	48	48	48	48	48	48	48	48	48	48	48	48	48	48	48	48	48	48	48	48	48	48	48	48	48	48	48	48	48	48	72	72	72	72	72	72	72	72	72	72	72	72	72	72	72	72	72	72	72	72	72	72	72	72	72	72	72	72	72	72	72	72	72	72	72	72	72	72	72	72	72	72	72	72	72	72	72	72	72	72	72	72	72	72	72	72	72	72	72	72	72	72	72	72	72	72	72	72	72	72	72	72	72	72	72	72	72	72	72	72	72	72	72	72	72	72	72	72	72	72	72	72	72	72	72	72	72	72	72	72	96	96	96	96	96	96	96	96	96	96	96	96	96	96	96	96	96	96	96	96	96	96	96	96	96	96	96	96	96	96	96	96	96	96	96	96	96	96	96	96	96	96	96	96	96	96	96	96	96	96	96	96	96	96	96	96	96	96	96	96	96	96	96	96	96	96	96	96	96	96	96	96	96	96	96	96	96	96	96	96	96	96	96	96	96	96	96	96	96	96	96	96	96	96	96	96	96	96	96	96	120	120	120	120	120	120	120	120	120	120	120	120	120	120	120	120	120	120	120	120	120	120	120	120	120	120	120	120	120	120	120	120	120	120	120	120	120	120	120	120	120	120	120	120	120	120	120	120	120	120	120	120	120	120	120	120	120	120	120	120	120	120	120	120	120	120	120	120	120	120	120	120	120	120	120	120	120	120	120	120	120	120	120	120	120	120	120	120	120	120	120	120	120	120	120	120	120	120	120	120	144	144	144	144	144	144	144	144	144	144	144	144	144	144	144	144	144	144	144	144	144	144	144	144	144	144	144	144	144	144	144	144	144	144	144	144	144	144	144	144	144	144	144	144	144	144	144	144	144	144	144	144	144	144	144	144	144	144	144	144	144	144	144	144	144	144	144	144	144	144	144	144	144	144	144	144	144	144	144	144	144	144	144	144	144	144	144	144	144	144	144	144	144	144	144	144	144	144	144	144
0	0	0	0	0	0	0	0	0	0	0	0	0	0	0	0	0	0	0	0	0	0	0	0	0	0	0	0	0	0	0	0	0	0	0	0	0	0	0	0	0	0	0	0	0	0	0	0	0	0	0	0	0	0	0	0	0	0	0	0	0	0	0	0	0	0	0	0	0	0	0	0	0	0	0	0	0	0	0	0	0	0	0	0	0	0	0	0	0	0	0	0	0	0	0	0	0	0	0	0	0	100	100	100	100	100	100	100	100	100	100	100	100	100	100	100	100	100	100	100	100	100	100	100	100	100	100	100	100	100	100	100	100	100	100	100	100	100	100	100	100	100	100	100	100	100	100	100	100	100	100	100	100	100	100	100	100	100	100	100	100	100	100	100	100	100	100	100	100	100	100	100	100	100	100	100	100	100	100	100	100	100	100	100	100	100	100	100	100	100	100	100	100	100	100	100	100	100	100	100	100	100	100	100	100	100	100	100	100	100	100	100	100	100	100	100	100	100	100	100	100	100	100	100	100	100	100	100	100	100	100	100	100	100	100	100	100	100	100	100	100	100	100	100	100	100	100	100	100	100	100	100	100	100	100	100	100	100	100	100	100	100	100	100	100	100	100	100	100	100	100	100	100	100	100	100	100	100	100	100	100	100	100	100	100	100	100	100	100	100	100	100	100	100	100	100	100	100	100	100	100	100	100	100	100	100	100	100	100	100	100	100	100	100	100	100	100	100	100	100	100	100	100	100	100	100	100	100	100	100	100	100	100	100	100	100	100	100	100	100	100	100	100	100	100	100	100	100	100	100	100	100	100	100	100	100	100	100	100	100	100	100	100	100	100	100	100	100	100	100	100	100	100	100	100	100	100	100	100	100	100	100	100	100	100	100	100	100	100	100	100	100	100	100	100	100	100	100	100	100	100	100	100	100	100	100	100	100	100	100	100	100	100	100	100	100	100	100	100	100	100	100	100	100	100	100	100	100	100	100	100	100	100	100	100	100	100	100	100	100	100	100	100	100	100	100	100	100	100	100	100	100	100	100	100	100	100	100	100	100	100	100	100	100	100	100	100	100	100	100	100	100	100	100	100	100	100	100	100	100	100	100	100	100	100	100	100	100	100	100	100	100	100	100	100	100	100	100	100	100	100	100	100	100	100	100	100	100	100	100	100	100	100	100	100	100	100	100	100	100	100	100	100	100	100	100	100	100	100	100	100	100	100	100	100	100	100	100	100	100	100	100	100	100	100	100	100	100	100	100	100	100	100	100	100	100	100	100	100	100	100	100	100	100	100	100	100	100	100	100	100	100	100	100	100	100	100	100	100	100	100	100	100	100	100	100	100	100	100	100	100	100	100	100	100	100	100	100	100	100	100	100	100	100	100	100	100	100	100	100	100	100	100	100	100	100	100	100	100	100	100	100	100	100	100	100	100	100	100	100	100	100	100	100	100	100	100	100	100	100	100	100	100	100	100	100	100	100	100	100	100	100	100	100	100	100	100	100	100	100	100	100	100	100	100	100	100	100	100	100	100	100	100	100	100	100	100	100	100	100	100	100	100	100	100	100	100	100	100	100	100	100	100	100	100	100	100	100	100	100	100	100	100	100	100	100	100	100	100	100	100	100	100	100	100	100	100	100	100	100	100	100	100	100	100	100	100	100	100	100	100	100	100	100	100	100	100	100	100	100	100	100	100	100	100	100	100	100	100	100	100	100	100	100	100	100	100	100	100	100	100	100	100	100	100	100	100	100	100	100	100	100	100	100	100	100	100	100	100	100	100	100	100	100	100	100	100	100	100	100	100	100	100	100	100	100	100	100	100	100	100
1	0	0	0	0	0	0	0	0	0	0	0	0	0	0	0	0	0	0	0	0	0	0	0	0	0	0	0	0	0	0	0	0	0	0	0	0	0	0	0	0	0	0	0	0	0	0	0	0	0	0	0	0	0	0	0	0	0	0	0	0	0	0	0	0	0	0	0	0	35	0	0	0	0	0	0	0	0	0	0	0	0	0	0	0	0	0	0	0	0	0	0	0	0	0	0	0	0	0	0	0	3	25	0	0	0	10	108	22	0	9	20	39	0	72	8	102	0	0	4	0	0	1	0	0	0	7	0	0	352	9	0	0	59	5	3	29	0	16	0	0	14	0	165	0	0	0	355	0	18	66	0	0	0	0	8	0	108	2	44	3	21	150	1	1	49	0	31	0	10	0	0	0	0	30	0	22	0	0	0	9	17	0	0	97	0	3	59	0	0	0	2	18	0	0	0	20	0	0	17	0	28	0	0	0	66	0	1	1	25	0	0	0	46	19	10	29	1	0	17	0	5	15	91	0	0	6	2	19	186	49	0	0	109	55	0	9	46	0	0	0	13	5	42	1	6	54	8	1	21	17	0	42	34	34	41	17	0	15	0	13	1	137	0	0	0	47	37	2	8	2	14	5	0	28	41	16	59	1	2	0	139	1	3	0	20	21	0	45	49	0	2	0	1	72	4	0	0	58	0	0	10	3	127	48	18	0	78	8	0	15	6	5	93	1	8	2	377	106	61	82	81	0	12	3	0	0	1	141	49	12	10	6	6	55	1	4	75	0	33	0	0	120	163	18	14	52	82	41	4	25	190	9	15	0	0	3	0	0	188	70	9	20	129	81	0	44	37	0	89	14	64	37	0	76	79	77	67	61	0	0	116	97	0	9	53	164	218	0	11	34	42	16	6	0	151	70	52	0	4	176	47	87	120	0	20	0	66	44	3	132	26	149	18	39	73	40	16	14	23	23	0	7	126	177	255	120	162	0	29	0	57	3	1	22	94	61	0	0	19	136	172	81	74	0	64	37	20	0	44	7	102	107	34	47	72	51	13	69	189	154	0	4	284	67	8	74	160	65	125	0	37	0	19	106	340	46	7	1	20	154	15	0	15	2	44	6	119	2	0	0	281	93	121	1	2	53	17	1	22	278	18	20	81	15	2	339	94	1	236	31	53	2	37	191	254	184	30	0	117	96	29	27	260	111	145	124	34	0	20	73	149	46	181	172	156	110	168	115	101	40	3	182	38	0	23	46	140	56	186	169	31	105	4	0	67	95	7	140	86	98	29	17	212	107	0	119	0	34	88	81	0	14	70	93	25	23	72	6	32	172	49	49	37	3	84	0	139	137	0	20	6	24	1	27	86	41	11	92	66	0	309	101	165	48	111	39	141	176	86	97	344	86	0	96	68	106	143	17	1	0	261	136	174	167	109	10	154	127	21	37	25	18	128	30	22	88	364	17	27	42	76	28	165	91	0	76	35	62	54	42	0	49	66	416	13	16	169	36	44	15	129	7	126	211	19	97	123	159	170	5	92	12	156	93	8	166	0	0	0	7	62	131	7	8	162	1	43	231	173	189	137	138	0	78	130	26	121	17	71	133	129	39	124	0	105	120	48	98	68	204	0	212	11	226	68	76	329	124	21	17	70	161	17	21	86	154	25	19	0	133	67	111	190	24	22	157	101	239	16	48	121	247	109	45	98	235	197	50	89	57	0	142	24	30	184	44	96	32	87	100	95	20	12	35	164	114	206	228	364	52	218	29	0	59	121	28	58	270	85	56	22	71	16	115	0	68	117	97	130	35	77	148	167	61	58	151	27	54	85	4
2	0	0	0	0	0	0	0	0	0	0	0	0	0	0	0	0	0	0	0	0	0	0	0	0	0	0	0	0	0	0	0	0	0	0	0	0	0	0	0	0	0	0	0	0	0	0	0	0	0	0	0	0	0	0	0	0	0	0	0	0	0	0	0	0	0	0	0	0	0	0	0	0	0	0	0	0	0	0	0	0	0	0	0	0	0	0	0	0	0	0	0	0	0	0	0	0	0	0	0	0	8	40	24	0	0	0	14	0	5	0	99	96	0	10	0	2	2	113	0	27	93	6	51	93	15	16	20	0	11	17	55	17	0	39	0	1	9	2	0	0	26	0	5	0	55	34	0	0	0	16	0	4	0	0	0	6	0	18	0	69	0	22	0	0	0	18	9	42	2	19	0	0	0	0	0	38	0	0	0	22	0	0	0	14	25	0	0	7	158	0	0	0	8	0	0	4	54	0	0	19	16	0	42	117	19	44	15	0	41	23	11	0	0	0	1	18	18	0	0	0	0	94	2	42	93	8	25	182	141	0	0	3	0	23	0	20	0	0	0	0	223	13	0	25	4	0	0	60	3	0	0	13	0	0	18	32	12	79	64	3	2	26	3	9	121	61	2	1	0	17	0	43	130	26	15	4	86	8	169	86	19	3	58	0	15	67	0	18	1	80	15	0	21	3	0	49	6	88	64	141	31	76	18	0	7	13	96	26	10	148	0	17	1	0	0	141	234	92	0	208	0	4	9	24	59	1	4	79	9	4	129	181	24	20	58	89	97	1	0	45	229	99	0	3	3	0	77	5	15	22	3	17	71	7	2	0	16	3	2	96	23	1	51	127	0	193	72	68	83	26	9	37	1	85	1	104	64	198	0	21	1	13	70	52	0	37	4	28	37	36	0	0	1	0	12	85	13	0	196	17	102	7	72	93	5	0	129	44	23	3	4	56	4	12	143	50	0	36	90	0	0	38	174	44	0	72	1	0	1	169	113	0	0	14	0	27	9	138	44	40	45	161	42	28	22	91	101	41	35	91	2	373	0	112	78	24	90	20	55	42	1	316	91	0	60	46	32	118	64	144	104	55	5	25	257	12	0	0	35	107	57	31	14	60	59	14	9	61	157	37	248	126	72	1	58	36	40	26	112	55	19	168	0	15	4	207	0	153	57	56	71	70	48	179	117	92	57	0	32	183	33	0	202	54	57	26	0	24	104	57	50	57	26	384	115	365	89	89	72	125	0	203	226	11	108	3	80	131	116	271	118	30	0	19	51	17	96	36	0	0	2	142	125	33	0	0	15	43	28	30	25	84	26	5	132	120	174	89	54	127	72	90	78	26	141	73	123	78	5	2	69	1	134	29	163	118	0	71	24	3	179	138	87	122	57	48	69	78	155	128	0	173	6	96	277	159	64	32	50	5	135	31	35	194	159	97	64	69	74	39	108	173	90	77	0	9	179	187	54	46	156	95	14	214	64	145	210	33	179	53	36	70	155	99	94	12	104	12	85	20	40	0	36	32	73	65	111	23	106	7	51	56	157	99	50	130	29	0	57	79	244	75	0	256	83	253	6	170	208	226	0	88	61	60	13	36	96	4	121	42	47	83	29	0	123	120	97	50	73	301	0	149	204	23	80	10	253	103	186	165	190	299	186	132	288	123	100	18	45	14	78	103	46	0	23	40	23	115	96	325	126	106	41	0	68	29	50	180	123	23	5	78	53	33	285	47	69	20	207	116	142	132	18	53	81	56	141	25	62	339	134	85	7	45	95	132	167	119	140	68	9	70	148	165	137	16	69	19	145	174	37	148	41	110	74	78	32	79	47	30
3	0	0	0	0	0	0	0	0	0	0	0	0	0	0	0	0	0	22	0	0	0	0	0	0	0	0	0	0	0	0	0	0	0	0	0	0	0	0	0	0	0	0	0	0	0	0	0	0	0	0	0	0	0	0	0	0	0	0	0	0	0	0	0	0	0	0	0	0	0	0	0	0	0	0	0	0	0	0	0	0	0	0	0	0	0	0	0	0	0	0	0	0	0	109	0	0	0	0	0	0	0	0	0	0	3	0	0	0	0	0	0	29	0	0	0	0	0	0	0	0	0	0	0	0	0	0	0	0	0	0	0	0	0	0	0	0	0	0	0	0	0	0	0	0	0	0	3	0	0	0	0	0	0	0	0	0	0	0	0	0	0	0	0	0	0	0	0	0	0	0	0	0	0	0	0	0	0	0	0	0	0	0	0	86	0	0	0	0	0	0	0	0	67	0	0	0	0	0	0	0	0	2	0	0	28	0	0	0	0	0	13	0	0	0	0	0	0	0	0	0	0	0	0	0	42	0	0	13	0	0	0	3	144	0	0	0	0	0	0	0	0	0	0	0	0	0	0	3	0	0	0	36	0	0	0	0	0	4	0	0	0	8	0	0	0	0	0	0	3	0	10	0	0	0	0	0	58	0	0	0	2	0	0	0	0	0	0	0	0	0	0	0	0	20	3	0	0	0	0	0	0	0	0	0	0	3	133	0	0	0	0	0	5	0	0	0	2	4	0	0	0	0	0	6	0	0	0	83	0	0	33	0	3	86	58	0	0	0	0	0	0	34	0	0	0	0	134	0	0	33	0	0	27	0	1	0	0	0	0	0	3	0	255	39	0	146	18	104	0	34	0	0	0	0	12	64	12	167	0	10	0	0	2	0	0	176	46	0	68	0	0	0	0	0	31	2	0	0	47	0	2	0	107	36	0	0	0	32	0	0	0	82	0	2	146	9	0	147	18	0	0	0	53	37	0	17	82	0	0	124	68	0	1	0	0	8	0	0	15	18	34	61	2	24	0	77	21	0	97	0	0	57	0	98	21	0	1	0	81	0	0	115	168	0	206	9	47	256	129	4	6	0	0	18	36	92	0	0	264	0	96	0	0	137	72	0	0	0	32	0	90	148	66	0	0	221	0	0	55	53	22	107	0	0	0	134	1	14	47	39	67	0	4	159	11	68	179	0	4	172	96	7	62	0	95	163	11	0	0	78	54	42	1	28	5	33	61	17	30	56	0	39	103	0	174	26	171	67	3	17	217	81	0	0	197	2	0	255	9	1	0	54	120	194	0	0	0	188	108	106	0	0	0	0	2	84	28	84	41	132	161	93	123	0	143	0	66	221	0	0	127	0	0	0	104	47	0	134	29	0	224	90	56	161	54	0	71	105	51	72	0	175	0	21	33	0	50	0	0	0	28	42	70	140	134	0	94	16	81	13	31	7	11	84	0	27	37	128	117	131	119	43	0	43	0	118	58	375	22	122	0	57	128	93	33	0	0	50	12	33	83	0	138	130	34	68	21	52	24	0	27	221	24	137	274	57	0	0	0	58	100	64	0	48	73	104	124	82	199	40	1	31	0	72	7	0	208	0	26	11	24	16	56	0	59	76	31	88	44	23	0	253	50	58	50	52	90	28	101	80	136	38	183	55	83	61	67	5	0	382	4	151	144	0	147	68	158	191	229	58	201	156	22	0	4	1	186	239	199	70	0	280	20	75	66	41	4	96	1	24	54	308	44	107	103	101	26	78	112	17	114	0	0	207	56	77	45	47	97	19	0	11	244	62	32	28	88	75	28	180	148	195	101	62	285	210	83	44	60	0
4	0	0	0	0	0	0	0	0	0	0	0	0	0	0	0	0	0	0	0	0	0	0	0	0	0	0	0	0	0	0	0	0	0	0	0	0	0	0	0	0	0	0	0	0	0	0	0	0	0	0	0	0	0	0	0	0	0	0	0	0	0	0	0	0	0	0	0	0	0	0	0	0	0	12	0	0	0	0	0	0	0	0	0	0	0	0	0	0	0	0	0	0	0	0	0	0	0	0	0	0	0	0	0	0	0	0	0	0	0	0	0	0	0	0	0	0	0	0	0	0	0	0	0	0	0	0	0	0	0	0	0	0	0	0	0	0	0	0	0	0	0	0	0	0	0	0	0	0	0	0	0	0	0	0	0	0	0	0	0	0	0	0	0	0	0	0	0	0	0	0	0	0	0	0	0	0	0	0	0	0	0	0	0	0	0	0	0	0	0	0	0	0	0	0	0	0	0	0	0	0	0	0	0	0	0	0	0	0	0	0	0	0	0	0	0	0	0	0	0	0	0	0	0	0	0	0	0	0	0	0	0	0	0	0	0	0	0	0	0	0	0	0	0	0	0	0	0	7	0	0	0	0	0	0	75	52	0	0	0	0	0	0	0	0	0	0	0	0	0	0	0	0	0	0	0	0	0	0	0	0	0	0	0	0	4	0	0	0	0	0	0	0	0	0	0	0	0	0	0	0	0	0	0	0	0	0	0	0	0	0	0	0	0	0	0	0	0	0	0	0	0	0	0	0	0	0	0	9	0	0	63	0	0	0	2	0	0	0	0	0	0	3	0	0	0	0	0	0	0	0	0	0	0	0	0	0	0	0	0	0	0	0	0	0	0	0	0	0	3	0	0	0	0	0	0	11	0	12	0	0	0	1	0	0	0	13	0	0	0	0	0	0	0	0	0	0	0	0	0	0	0	0	0	0	0	0	0	0	0	0	0	0	0	0	0	0	0	0	2	0	0	0	0	0	0	0	0	0	0	0	19	0	0	0	0	0	0	0	0	0	26	16	0	0	0	12	0	0	0	0	0	0	0	0	0	0	0	0	67	0	0	0	0	0	0	0	0	78	0	3	0	0	0	0	12	3	0	0	7	8	1	0	0	1	0	0	0	0	25	0	3	0	0	0	0	4	0	0	6	0	0	40	0	0	0	6	0	0	5	59	0	0	0	0	70	0	0	0	0	5	10	0	19	0	1	0	0	0	0	2	0	0	0	10	25	358	0	2	0	12	0	5	0	0	0	0	0	0	0	0	0	6	0	0	69	0	0	0	0	0	0	54	0	0	0	0	0	0	0	3	0	0	0	0	0	0	1	0	0	0	0	26	67	6	0	0	16	20	0	0	0	0	0	0	0	0	0	40	0	0	0	0	104	0	0	0	7	35	5	75	0	178	0	11	13	0	6	0	24	0	8	0	74	1	9	0	0	0	0	7	0	0	0	20	0	0	0	1	3	18	16	12	0	0	0	19	13	4	3	0	0	5	0	3	0	0	0	8	0	0	5	0	0	0	0	0	1	0	138	0	0	12	10	12	5	2	0	0	0	0	16	19	0	0	33	0	22	10	29	1	0	5	0	0	0	0	0	0	0	0	28	0	0	0	30	83	32	49	56	332	0	66	0	45	32	0	80	0	12	129	107	2	13	0	1	7	1	0	0	2	68	0	0	0	0	0	11	23	0	6	4	2	10	0	0	0	56	0	23	0	0	0	0	0	0	74	49	0	0	1	5	19	2	31	9	2	0	16	1	32	0	0	0	5	0	134	0	45	56	35	0	8	3	3	3	0	0	0	0	3	0	4	0	0	2	0	5	2	1	0
5	0	0	0	0	0	0	0	0	0	0	0	0	0	0	0	0	0	0	0	0	0	0	0	0	0	0	0	0	0	0	0	0	0	0	0	0	0	0	0	0	0	0	0	0	0	0	0	0	0	0	0	0	0	0	0	0	0	0	0	0	0	0	0	0	0	0	0	0	0	0	0	0	0	0	0	0	0	0	0	0	0	0	0	0	0	0	0	0	0	0	0	0	0	0	0	0	0	0	0	0	0	0	0	0	0	0	42	0	0	0	0	1	0	0	0	0	0	0	0	0	0	0	0	0	0	0	0	0	0	0	0	0	0	0	0	0	0	0	0	0	0	0	0	0	0	0	0	0	0	0	0	0	0	0	0	0	4	0	0	0	0	0	0	0	0	0	0	0	0	0	0	20	0	0	0	0	0	0	0	0	0	0	0	0	0	0	0	0	0	0	0	0	0	0	0	0	0	0	0	0	0	0	0	0	24	0	0	0	5	0	0	0	0	0	0	20	0	0	0	0	0	0	0	0	141	0	0	37	0	6	0	0	7	0	0	0	0	0	0	0	7	0	0	0	0	0	0	23	0	0	0	29	0	0	0	0	0	0	0	0	0	0	0	0	0	0	0	0	0	0	0	0	0	0	0	0	5	0	0	0	0	0	0	0	0	0	0	0	0	0	0	0	0	98	0	0	0	9	0	0	0	0	87	0	3	0	19	0	0	14	0	0	39	0	0	0	201	0	0	0	0	0	0	0	0	0	0	108	0	0	68	0	0	18	142	0	0	0	1	0	0	57	0	0	0	0	0	0	0	0	0	0	0	0	0	0	0	0	0	0	41	0	88	41	0	30	0	7	0	0	0	0	0	5	65	121	182	34	0	0	0	0	2	0	0	11	0	43	102	0	0	0	0	0	10	4	0	0	1	19	0	0	124	196	0	0	3	52	0	0	4	14	0	82	147	0	0	32	60	0	0	0	22	4	0	0	0	0	2	9	123	0	0	0	9	20	0	0	259	136	27	190	3	0	0	106	77	0	38	0	0	13	0	84	67	0	26	0	84	0	0	100	167	0	16	0	125	67	91	0	0	0	0	30	50	2	0	0	110	0	109	0	0	78	74	1	0	0	59	10	83	50	27	0	4	192	0	0	49	18	155	209	0	2	0	60	203	55	86	7	69	0	21	60	85	36	99	0	90	63	135	0	43	0	144	104	10	0	0	119	212	53	31	21	20	81	120	90	12	228	0	90	101	0	177	0	122	31	39	178	47	124	0	0	29	0	0	100	0	0	0	97	103	60	0	0	28	37	24	101	0	0	16	0	181	17	18	4	48	141	87	59	112	2	31	0	24	163	0	0	50	0	0	16	2	77	0	109	43	233	249	75	92	31	30	0	60	181	19	46	35	77	0	255	45	5	70	14	2	0	52	334	7	85	314	16	11	54	38	71	191	126	4	105	0	55	255	62	40	54	153	31	0	255	0	17	150	18	311	138	0	75	51	97	161	17	13	155	18	179	182	7	143	166	203	48	128	147	44	0	12	15	235	3	50	24	0	0	0	29	78	11	0	106	226	208	187	19	77	33	15	42	0	44	85	0	135	0	103	34	129	0	35	0	78	22	145	126	92	50	0	129	40	157	162	65	41	97	156	202	46	117	95	52	81	134	163	0	0	184	283	105	41	0	103	32	63	57	35	34	56	52	108	0	95	44	75	68	36	134	0	350	163	123	41	24	95	59	0	248	18	126	68	102	31	16	268	34	474	110	31	0	0	8	95	165	74	68	92	41	12	122	119	94	32	39	67	29	111	5	14	19	41	1	147	170	204	111	138	0
6	0	0	0	0	0	0	0	0	0	0	0	0	0	0	0	0	0	0	0	0	0	0	0	0	0	0	0	0	0	0	0	0	0	0	0	0	0	0	0	0	0	0	0	0	0	0	0	0	0	0	0	0	0	0	0	0	0	0	0	0	0	0	0	0	0	0	0	0	0	0	0	0	0	0	0	0	0	0	0	0	0	0	0	0	0	0	0	0	0	0	0	0	0	0	0	0	0	0	0	0	0	0	0	0	0	0	0	0	0	0	0	80	0	97	0	0	0	0	0	0	10	0	0	0	0	0	0	0	21	0	0	0	0	7	0	0	0	0	0	0	0	0	0	0	0	0	0	0	0	0	0	0	0	0	0	0	0	0	0	0	0	0	0	0	0	0	0	0	0	0	0	0	0	0	0	0	0	0	0	0	0	0	0	0	0	0	0	0	0	0	0	0	0	0	0	0	0	0	0	0	0	1	0	0	23	0	0	0	0	0	0	0	0	0	0	0	0	0	0	0	0	0	0	0	28	0	0	91	0	32	0	0	0	0	0	0	0	0	0	0	15	0	0	0	0	0	0	21	0	0	0	0	0	0	0	0	0	0	0	0	0	0	0	0	0	0	0	0	0	0	0	0	0	0	0	0	0	0	0	0	0	0	0	0	0	0	0	0	0	0	2	0	0	17	0	0	0	126	0	0	0	0	28	0	0	0	36	0	2	0	0	0	10	0	0	0	35	0	0	0	0	0	0	0	0	0	0	13	0	0	120	0	0	102	15	0	0	0	0	0	0	188	0	0	0	0	0	0	0	0	0	0	5	0	4	0	0	0	0	0	0	0	73	75	0	6	0	71	0	0	0	0	0	26	28	61	121	103	0	0	0	2	0	0	0	137	0	0	135	0	0	0	0	0	0	7	0	0	0	2	0	0	83	98	0	0	27	49	0	0	5	86	0	100	82	2	0	6	47	2	0	0	69	22	0	26	213	0	0	151	39	0	0	3	0	3	0	0	40	55	97	14	0	0	0	170	81	4	50	0	6	102	0	59	28	0	17	2	167	29	0	174	87	0	340	27	91	63	41	0	176	0	0	153	108	167	0	0	256	0	46	0	0	112	63	25	0	7	77	0	39	95	11	0	0	35	0	0	47	221	0	96	0	0	0	160	13	92	98	91	37	0	0	202	82	7	167	0	25	160	67	0	87	0	58	97	0	0	0	79	216	42	73	41	71	15	71	111	30	130	0	344	93	0	95	0	91	11	50	38	16	30	0	0	179	69	105	83	0	30	0	33	88	72	0	0	1	86	74	188	0	0	0	4	167	167	264	31	73	16	29	119	79	9	11	0	80	21	0	0	5	0	0	0	99	100	0	166	111	0	42	74	210	138	101	0	102	58	60	51	0	42	0	57	124	100	26	3	25	0	78	175	33	323	32	57	75	47	78	82	71	123	1	92	0	33	108	298	71	24	431	38	0	179	0	145	209	264	30	229	0	86	78	53	103	0	103	69	187	76	73	1	217	160	117	326	142	41	258	2	8	121	17	151	38	204	0	0	0	111	47	53	0	239	138	91	22	268	2	48	0	180	0	100	116	15	198	8	90	48	22	139	101	0	90	156	77	28	184	100	0	86	76	222	47	219	122	30	108	26	174	19	131	104	34	91	123	0	0	84	205	146	38	0	185	97	127	23	18	81	58	165	45	0	20	3	79	79	80	49	0	3	90	117	44	105	32	138	0	88	24	137	9	119	179	85	28	79	39	64	95	0	0	134	55	186	53	120	14	0	0	51	246	12	178	0	121	183	50	27	21	64	387	9	2	56	88	158	46	0
7	0	0	0	0	0	0	0	0	0	0	0	0	0	0	0	0	0	0	0	0	0	0	0	0	0	0	0	0	0	0	0	0	0	0	0	0	0	0	0	0	0	0	0	0	0	0	0	0	0	0	0	0	0	0	2	0	0	0	0	0	0	0	0	0	0	0	0	0	0	0	0	0	0	0	0	0	0	0	0	0	0	0	0	0	0	12	0	0	0	0	0	0	0	0	0	0	0	0	0	0	0	0	0	0	0	0	0	0	0	0	0	6	0	0	0	0	0	0	0	0	0	0	0	0	0	0	0	0	0	0	0	0	0	0	0	0	0	0	0	0	0	0	0	0	0	0	0	0	0	0	0	0	0	0	0	0	0	0	0	0	0	0	0	0	0	0	0	0	0	0	0	0	0	0	0	0	0	0	0	0	0	0	0	0	0	0	0	0	4	0	0	0	0	0	0	0	0	0	0	0	0	0	0	0	6	0	0	0	0	0	0	0	0	0	0	0	0	0	0	0	0	0	0	0	34	0	0	73	0	17	0	0	0	0	0	0	0	0	0	0	0	0	0	0	0	0	0	0	0	0	0	36	0	0	0	0	0	0	0	0	0	130	0	1	0	0	0	0	9	0	0	0	0	0	2	0	0	0	0	0	0	0	0	0	0	21	0	0	0	0	0	0	0	0	0	0	0	125	0	0	0	4	30	15	0	0	62	0	0	0	0	0	22	0	0	3	0	0	0	0	0	0	0	0	0	0	0	149	0	0	48	0	0	57	60	0	0	0	1	0	0	12	0	0	0	0	35	0	0	0	0	0	0	7	0	0	0	0	0	99	1	0	49	477	0	424	0	47	23	8	0	0	0	72	58	39	149	412	0	0	0	0	0	0	0	29	0	0	98	0	2	0	0	0	0	305	0	0	66	0	0	39	130	47	0	0	38	6	0	0	0	38	0	117	111	0	0	334	88	4	0	0	30	16	0	0	0	0	0	31	140	0	8	0	0	90	0	0	73	53	123	166	0	0	0	66	161	0	139	0	0	39	0	5	12	6	0	0	72	0	0	178	159	0	53	0	74	68	8	21	17	0	0	325	307	65	0	0	32	82	80	0	1	10	140	2	0	0	0	0	105	50	16	0	2	50	0	0	53	48	0	55	56	0	0	17	65	12	105	150	90	0	3	69	56	0	29	0	0	77	106	0	166	0	84	91	0	0	0	355	59	91	0	150	176	85	313	116	0	52	0	106	34	0	67	0	120	103	99	67	264	78	9	1	14	0	40	74	0	49	0	187	6	195	0	2	0	41	1	102	0	0	0	0	44	134	189	24	39	5	41	183	94	0	66	0	140	86	0	0	5	0	0	0	20	145	0	80	108	0	153	62	177	107	38	0	105	217	174	139	0	31	0	114	105	0	72	4	39	0	66	149	46	132	65	184	223	101	69	89	50	144	1	420	44	4	179	69	35	27	273	19	0	259	0	142	87	7	131	53	0	60	83	18	48	0	21	85	5	43	283	2	155	253	116	32	50	241	252	0	174	62	17	201	14	21	0	0	0	21	28	11	0	292	25	97	20	109	27	95	1	33	0	98	6	0	46	0	132	54	29	0	73	0	76	113	143	72	130	6	0	66	158	193	86	57	181	48	18	92	33	116	54	172	21	68	52	2	0	76	198	180	47	0	90	34	39	27	61	49	88	183	93	0	38	4	140	0	65	17	0	53	77	45	20	77	32	39	0	31	72	284	98	91	20	57	37	113	10	143	40	0	0	97	94	177	130	39	219	49	2	58	88	69	12	19	148	149	101	138	1	138	52	3	56	120	45	76	17	0
8	0	0	0	0	0	0	0	0	0	0	0	0	0	0	0	0	0	0	0	0	0	0	0	0	0	0	0	0	0	0	0	0	0	0	0	0	0	0	0	0	0	0	0	0	0	0	0	0	0	0	0	0	0	0	0	0	0	0	0	0	0	0	0	0	0	0	0	0	0	0	0	0	0	0	0	0	0	0	0	0	0	39	0	0	0	0	0	0	0	0	0	0	0	0	0	0	0	0	0	0	0	0	0	0	0	0	0	0	0	0	0	0	0	0	0	0	0	0	0	0	0	0	0	0	0	0	0	15	0	0	0	0	0	0	0	0	0	0	0	0	0	0	0	0	0	0	0	0	0	0	0	0	0	0	0	0	0	0	0	0	0	0	0	0	0	0	0	0	0	0	0	0	0	0	0	0	0	0	0	0	0	0	0	0	0	0	0	0	1	0	0	0	0	0	0	0	0	0	0	0	0	0	0	0	31	0	0	0	0	0	0	0	0	0	0	0	0	0	0	0	0	0	23	0	0	0	0	4	2	0	0	0	8	0	0	0	0	0	0	0	0	0	0	0	0	0	0	126	21	0	0	38	0	0	17	0	0	0	0	0	0	0	0	0	0	0	0	0	0	0	0	1	58	0	0	0	6	0	0	0	0	0	0	0	0	0	0	0	0	0	0	0	0	62	0	0	0	0	0	0	0	27	52	1	3	0	71	0	0	0	0	0	35	0	47	5	0	0	0	0	0	0	0	0	0	0	0	77	0	0	161	0	0	19	50	0	0	0	13	0	0	21	0	0	0	0	22	0	0	0	4	0	7	0	0	0	0	0	0	19	0	0	117	158	0	50	77	0	0	0	0	0	0	10	16	53	75	41	0	0	0	9	0	0	0	31	0	0	118	0	0	0	0	19	14	16	0	0	3	0	0	0	81	0	0	0	0	29	0	0	0	39	0	0	48	0	0	131	43	0	0	0	32	34	0	27	7	0	0	45	55	0	0	0	0	7	0	2	17	0	39	16	0	0	0	270	69	0	141	0	0	26	0	124	3	1	0	0	86	0	0	72	31	0	41	0	153	18	74	4	27	0	0	238	171	16	25	0	180	0	169	0	0	192	77	2	0	0	0	0	26	114	1	0	0	112	0	0	115	22	36	12	0	0	0	174	1	96	78	135	101	0	0	64	70	38	128	0	0	51	12	0	24	0	133	41	0	0	49	107	31	168	2	40	56	78	201	164	0	8	0	85	239	0	12	0	274	115	113	32	175	75	0	0	202	0	0	78	2	0	0	215	7	105	0	0	0	15	115	20	0	0	0	0	20	184	28	10	79	190	44	291	48	2	38	0	22	123	0	0	5	0	0	0	112	25	0	98	17	0	113	129	177	7	141	0	85	102	51	83	5	56	0	22	103	0	95	21	3	0	71	18	132	120	51	17	8	27	101	159	52	65	20	47	0	35	86	115	59	87	5	143	0	45	0	130	321	27	288	15	0	177	92	123	43	0	12	141	0	28	98	0	51	137	55	6	121	8	132	0	166	15	38	192	58	109	0	0	0	3	239	61	27	0	112	1	21	51	59	182	0	133	0	87	5	1	34	0	24	3	159	11	69	0	66	67	36	161	7	157	5	85	40	79	108	28	133	38	110	51	48	3	76	78	45	136	73	0	0	84	20	45	93	0	94	185	55	62	117	208	144	37	140	0	98	42	59	62	36	83	0	119	92	44	32	59	128	114	0	70	91	20	77	65	100	55	70	101	229	82	169	0	0	43	102	92	177	7	50	43	0	56	33	46	124	31	90	91	262	52	46	160	58	1	1	47	311	12	56	0
9	0	0	0	0	0	0	0	0	0	0	0	0	0	0	0	0	0	0	0	0	0	0	0	0	0	0	0	0	0	0	0	0	0	0	0	0	0	0	0	0	0	0	0	0	0	0	0	0	0	0	0	0	0	0	0	0	0	0	0	0	0	0	0	0	0	0	0	0	0	0	0	0	0	0	0	0	0	0	0	0	0	0	0	0	0	0	0	0	0	0	0	0	0	0	0	0	0	0	0	0	0	0	0	1	0	0	0	0	0	0	0	0	0	0	0	0	0	0	0	0	0	0	0	0	0	0	0	0	0	0	0	0	0	0	0	0	0	0	0	0	0	0	0	0	0	0	0	0	0	0	0	0	0	0	0	0	0	0	0	0	0	0	0	0	0	0	0	0	0	0	0	0	0	0	0	0	0	0	0	0	0	0	0	0	0	0	0	0	0	0	0	0	0	0	0	0	0	0	0	0	0	0	0	0	0	0	0	0	0	0	0	0	0	2	0	0	0	0	1	0	0	0	0	0	4	0	0	0	0	0	0	0	0	0	0	0	0	0	0	0	0	0	0	0	0	0	0	0	0	0	0	0	0	0	0	0	0	0	0	0	0	0	0	0	0	0	0	0	0	0	0	0	0	0	0	0	0	0	0	0	0	0	0	0	0	0	0	0	0	0	0	0	0	0	0	0	0	6	0	0	0	0	0	0	0	0	0	0	0	0	1	0	4	0	0	0	0	0	0	0	0	0	0	0	0	0	0	9	0	0	0	0	0	50	0	0	0	0	0	0	0	97	0	0	0	0	0	0	0	0	0	0	0	0	0	0	0	0	0	0	0	0	0	0	0	0	0	15	0	0	0	0	0	0	0	0	4	13	0	0	0	0	0	0	0	4	0	0	0	0	0	0	0	0	0	0	0	0	0	0	0	0	30	0	0	0	9	0	0	0	0	0	0	0	74	0	0	0	254	0	0	0	0	0	0	0	0	0	0	0	55	0	0	0	0	0	0	0	0	0	67	5	0	0	0	0	36	0	10	0	0	0	0	0	0	0	0	0	127	0	0	0	0	0	1	41	1	4	0	0	0	0	0	0	15	16	0	0	0	0	11	0	0	13	15	0	0	0	0	0	0	0	0	0	0	153	0	0	3	0	0	0	0	0	0	0	0	0	0	34	1	0	0	0	100	0	11	0	0	95	42	0	39	0	2	0	0	0	0	0	0	0	0	42	0	38	4	95	0	26	0	0	98	0	1	0	11	255	0	64	0	0	0	0	0	0	0	15	0	0	0	41	0	186	0	0	0	0	0	0	0	0	0	0	61	92	36	0	0	104	0	133	68	0	0	0	141	2	0	0	0	0	0	0	0	9	0	101	0	0	47	25	23	0	0	0	0	66	22	130	0	113	0	39	0	0	139	0	0	0	20	0	30	0	0	0	0	0	1	11	0	13	142	169	0	0	34	16	122	94	109	30	0	67	0	113	159	6	0	1	0	148	0	71	0	0	0	16	0	4	0	0	3	0	0	0	41	0	129	0	1	71	0	37	45	0	0	0	0	0	2	15	0	0	158	3	0	0	94	29	0	58	0	0	0	4	97	0	17	75	30	0	22	0	33	83	77	13	5	181	0	69	41	41	0	19	135	84	39	47	60	7	0	71	73	109	1	0	0	202	240	46	73	0	0	56	281	133	0	0	223	186	47	0	0	0	58	0	8	10	0	1	288	135	18	181	88	13	0	48	161	26	0	102	65	36	0	34	122	263	71	0	0	0	64	1	44	160	32	0	0	2	256	2	108	0	0	47	168	131	0	65	33	0	0	42	0	9	0	0
10	0	0	0	0	0	0	0	0	0	0	0	0	0	0	0	0	0	0	0	0	0	0	0	0	0	0	0	0	0	0	0	0	0	0	0	0	0	0	0	0	0	0	0	0	0	0	0	0	0	0	0	0	0	0	0	0	0	0	0	0	0	0	0	0	0	0	0	0	0	0	0	0	0	0	0	0	0	0	0	0	0	0	0	0	0	0	0	0	0	0	0	0	0	0	0	0	0	0	0	0	0	0	0	0	0	0	0	0	0	0	0	0	0	0	0	0	0	0	0	0	0	0	0	0	0	0	0	0	0	0	0	0	0	0	0	0	0	0	0	0	0	0	0	0	0	0	0	0	0	0	0	0	0	0	0	0	0	0	0	0	0	0	0	0	0	0	0	0	0	0	0	0	0	0	0	0	0	0	0	0	0	0	0	0	0	0	0	0	0	0	0	0	0	0	0	0	0	0	0	0	0	0	0	0	0	0	0	0	0	0	0	0	0	0	0	0	0	0	0	0	0	0	0	0	0	0	0	0	0	0	0	0	0	0	0	0	0	0	0	0	0	0	0	0	0	0	0	0	0	0	0	0	0	0	0	0	0	0	0	0	0	0	0	0	0	0	0	0	0	0	0	0	0	0	0	0	0	0	0	0	0	0	0	0	29	0	0	0	0	0	0	0	0	0	0	0	0	0	0	0	0	0	0	0	0	0	0	0	0	0	0	0	0	0	0	0	0	0	0	0	0	0	0	0	0	0	0	0	0	0	0	0	0	0	0	0	0	0	0	0	0	0	0	0	0	0	0	0	0	0	0	0	0	0	0	0	0	0	0	0	0	0	0	0	0	0	0	0	0	0	0	0	0	0	0	42	0	0	0	0	0	0	0	0	0	2	0	0	0	0	0	0	0	0	0	0	0	0	0	0	0	0	0	0	0	0	0	0	0	0	0	0	0	0	154	0	0	0	11	0	0	0	5	0	0	0	0	0	0	0	15	0	0	0	0	0	0	0	0	0	0	43	0	0	0	0	0	0	0	0	0	11	0	0	0	0	0	0	70	0	0	0	8	0	1	0	0	10	0	0	0	0	0	0	0	18	0	0	0	17	0	0	0	32	57	0	0	0	0	0	1	0	1	0	0	155	0	0	2	22	0	0	0	0	0	0	0	0	0	0	0	0	0	0	5	0	1	0	0	45	26	0	96	0	13	1	0	0	0	0	0	0	0	0	38	112	0	35	0	43	0	0	6	0	0	0	0	0	71	23	0	169	0	0	0	0	0	12	0	0	0	14	0	0	0	0	0	6	0	16	0	0	0	0	36	72	9	0	0	26	14	0	53	0	5	0	22	114	0	0	0	0	0	0	0	0	0	12	0	0	11	31	0	0	0	0	4	145	20	42	0	48	0	0	0	0	32	0	0	0	49	0	141	0	0	0	1	0	0	97	0	0	0	353	0	0	100	24	106	101	82	19	0	98	0	83	46	7	0	0	0	179	0	204	1	0	0	10	0	0	0	0	0	0	0	0	6	0	58	0	0	79	0	117	144	0	0	0	0	0	0	0	0	0	46	0	0	0	3	45	0	8	0	0	0	0	27	0	30	0	111	0	37	0	389	166	53	51	3	78	0	22	0	81	4	35	50	0	222	16	10	19	0	75	195	27	4	0	0	51	31	96	61	0	0	29	63	73	0	2	141	102	23	0	0	0	79	0	39	0	0	61	147	129	76	63	164	5	0	72	100	92	0	35	18	69	0	156	50	75	96	0	0	0	65	10	9	0	18	0	0	0	117	0	50	0	0	167	0	87	0	141	0	0	2	59	45	0	0	0
11	0	0	0	0	0	0	0	0	0	0	0	0	0	0	0	0	0	0	0	0	0	0	0	0	0	0	0	0	0	0	0	0	0	0	0	0	0	0	0	0	0	0	0	0	0	0	0	0	0	0	0	0	0	0	0	0	6	0	0	0	0	0	0	0	0	0	0	0	0	0	0	0	0	0	0	0	0	0	0	0	0	0	0	0	0	0	0	0	0	0	0	0	0	0	0	0	0	0	0	0	0	0	0	0	0	0	0	0	0	0	0	0	0	0	0	0	0	0	0	0	0	0	0	0	0	0	0	0	0	0	0	0	0	0	0	0	0	0	0	0	0	0	0	0	0	0	0	0	0	0	0	0	0	0	0	0	0	0	0	0	0	0	0	0	0	0	3	0	0	0	0	0	0	0	5	7	0	0	15	0	0	0	0	0	0	0	0	0	0	0	0	0	0	0	0	0	0	0	22	0	0	0	0	0	0	0	0	0	0	0	0	3	0	0	0	0	0	0	0	0	0	2	0	0	0	0	0	0	0	0	0	0	0	0	0	0	1	0	0	0	0	0	0	0	0	0	0	0	0	0	0	0	0	0	0	0	0	0	0	0	0	0	0	130	0	0	0	0	0	0	9	0	0	0	0	0	0	0	0	0	0	0	0	0	3	0	0	0	0	0	0	0	0	0	0	0	0	0	0	0	0	0	0	1	0	0	0	0	0	0	0	0	0	0	0	1	0	0	0	42	0	0	0	0	0	0	0	0	0	0	0	0	0	0	0	0	0	13	9	0	0	0	0	0	0	0	0	0	0	0	0	0	0	0	0	0	0	0	0	0	0	0	0	0	0	0	2	0	0	0	0	0	0	0	0	0	1	0	0	0	0	0	0	0	0	0	0	0	0	0	0	0	0	0	0	0	0	0	0	0	0	0	0	0	0	0	0	0	0	0	0	0	0	0	78	0	0	0	128	0	0	0	0	0	2	0	0	0	0	0	0	0	0	0	0	0	0	0	0	1	0	0	0	0	0	0	0	0	0	0	8	0	0	0	0	0	0	0	0	0	0	0	0	0	0	0	0	0	0	0	0	0	0	0	0	0	0	0	0	0	23	0	0	2	0	0	0	0	0	0	17	0	0	0	0	1	0	0	0	0	0	0	0	0	0	1	0	0	0	0	21	0	0	0	0	0	0	0	0	88	0	0	36	0	1	0	0	0	0	0	0	0	0	0	13	3	0	70	0	8	0	0	0	0	0	0	0	0	0	144	0	96	0	0	0	0	0	0	0	0	0	0	0	0	0	0	0	0	0	0	0	0	25	11	49	94	65	0	0	0	0	2	8	0	0	0	0	0	0	0	0	0	0	0	0	0	0	122	0	0	0	7	0	0	0	0	0	45	26	116	0	72	3	0	0	0	68	0	0	0	34	0	0	0	0	0	3	0	0	17	0	1	0	110	0	0	0	17	12	65	56	18	0	201	0	37	244	0	0	3	0	161	4	9	13	0	6	0	0	0	0	0	0	0	0	0	1	0	0	0	0	38	0	0	6	0	0	0	1	0	0	0	0	0	224	0	0	0	112	0	0	0	0	0	0	0	30	0	0	0	59	0	76	0	135	49	124	3	0	121	0	0	0	125	0	26	247	0	40	0	0	0	0	80	6	0	0	0	0	18	147	135	83	0	0	182	178	75	0	0	61	91	108	0	0	0	28	0	32	0	0	0	47	75	99	171	47	0	0	43	15	115	52	91	0	0	0	34	34	19	12	0	0	0	73	0	19	18	10	0	0	0	96	0	59	0	1	69	67	98	0	99	0	0	0	43	0	0	0	0
12	0	0	0	0	0	0	0	0	0	0	0	0	0	0	0	0	0	0	0	0	0	0	0	0	0	0	0	0	0	0	0	0	44	0	0	0	0	0	0	0	0	0	0	0	0	0	0	0	0	0	0	0	0	0	0	0	0	0	0	0	0	0	0	0	0	0	0	0	0	0	0	0	0	0	0	0	0	0	0	0	0	0	0	0	0	0	0	0	0	0	0	0	0	0	0	0	0	0	0	0	0	0	0	0	0	0	0	0	0	0	0	0	0	0	0	0	0	0	0	0	0	0	0	0	0	0	0	0	0	0	0	0	1	0	0	0	0	0	0	0	0	0	0	0	0	0	0	0	0	0	0	0	0	0	0	0	0	0	0	0	0	0	0	0	0	0	0	0	0	0	0	0	0	0	28	0	0	0	0	0	0	0	0	0	2	0	0	0	0	0	0	0	0	0	0	0	0	0	0	0	0	0	0	0	0	0	0	0	0	0	0	0	0	0	0	0	0	0	0	0	0	0	0	0	0	2	0	0	0	0	0	0	0	0	0	0	0	0	0	0	0	0	0	0	0	12	0	0	0	0	0	0	0	0	0	0	0	0	0	0	0	0	0	7	0	0	0	0	0	0	0	0	0	0	0	0	0	38	0	0	0	0	0	0	0	0	0	0	3	0	0	0	0	0	0	0	0	0	0	0	0	0	0	0	0	0	0	0	0	0	0	0	0	0	0	0	0	0	0	0	0	0	0	0	0	0	0	17	0	0	0	5	0	0	2	0	0	0	0	0	0	0	0	0	0	0	0	0	0	0	0	0	1	0	0	0	0	0	0	0	0	0	0	0	0	0	0	0	0	0	0	0	0	0	0	0	0	0	0	0	0	0	0	0	0	0	3	0	0	0	0	0	0	0	0	0	0	0	0	0	0	0	0	3	0	0	0	0	0	0	0	0	0	0	26	0	0	0	36	0	0	0	0	0	129	0	0	0	0	0	8	26	0	0	0	0	0	0	0	0	0	0	0	0	0	0	0	0	0	0	0	4	0	0	0	0	0	0	0	0	0	0	0	0	2	0	0	0	0	0	0	6	0	0	38	0	0	0	0	0	0	0	0	0	0	0	0	0	0	0	1	0	0	0	0	0	0	0	0	0	0	0	0	1	0	0	0	0	8	0	0	0	0	1	0	17	0	0	0	188	0	0	60	0	0	0	0	0	0	0	0	0	0	0	0	0	0	191	0	85	0	0	0	0	9	0	0	0	0	0	0	112	0	0	0	0	0	13	0	43	0	0	0	0	0	0	10	0	0	0	0	9	0	0	53	164	14	0	3	0	0	0	93	0	0	0	12	30	0	0	0	0	0	0	0	0	0	1	0	0	0	0	0	0	0	0	0	435	171	24	0	29	0	0	0	0	62	0	0	0	16	0	25	0	39	0	0	0	1	0	0	0	59	138	0	0	19	0	161	21	93	32	0	67	0	147	27	0	72	0	0	160	0	0	60	0	0	0	0	0	0	0	0	0	0	0	0	0	0	0	0	363	0	70	38	0	0	0	0	0	0	0	0	0	85	0	0	0	149	26	0	1	0	0	0	0	262	0	0	0	4	0	34	0	190	29	136	0	0	51	0	0	0	150	0	138	138	0	117	0	0	0	3	6	0	0	0	0	0	62	109	20	23	0	0	30	29	145	0	0	136	186	123	0	0	1	38	0	32	0	0	0	23	74	134	129	121	0	0	116	128	63	0	40	0	0	0	43	68	70	171	0	0	0	0	0	0	0	0	0	0	0	95	0	147	0	0	107	15	33	0	47	0	0	0	87	0	0	21	0
13	0	0	0	0	0	0	0	0	0	0	0	0	0	0	0	0	0	0	0	0	0	0	0	32	0	0	0	0	0	0	0	0	0	0	0	0	0	0	0	0	0	0	0	0	0	0	0	0	0	27	0	0	0	0	0	0	0	0	0	0	0	0	0	0	0	0	0	0	0	0	0	0	0	0	0	0	0	0	0	11	0	0	0	0	0	0	0	0	0	0	0	0	0	0	0	0	0	0	0	0	0	0	0	0	0	0	0	0	0	0	0	0	0	0	0	0	0	0	0	0	0	0	0	0	0	0	0	0	0	0	0	0	0	0	0	0	0	0	0	0	0	0	0	0	0	0	0	7	0	0	0	0	0	0	0	0	0	0	0	0	0	0	0	0	0	0	0	0	0	0	0	0	0	0	0	0	0	0	0	0	0	0	0	0	0	0	0	0	0	0	0	0	0	0	0	0	0	0	0	2	0	0	0	0	0	0	0	0	0	0	0	0	0	0	0	0	0	0	0	0	0	9	0	0	0	0	0	0	0	0	0	0	0	0	0	0	0	0	0	0	0	4	0	0	0	1	0	0	0	0	0	0	0	0	0	0	0	0	0	0	0	0	0	5	0	0	0	0	20	0	0	0	0	0	0	9	0	0	0	0	0	0	0	0	0	0	0	0	0	0	0	0	0	0	0	0	0	0	0	0	0	11	0	0	0	0	0	0	0	0	0	0	0	0	0	0	0	0	0	0	0	0	0	0	0	0	0	0	0	0	0	0	0	0	0	0	0	0	0	0	0	0	0	0	0	0	0	0	0	0	3	0	0	0	0	0	0	0	0	0	0	0	0	0	19	0	0	0	0	0	0	0	0	1	0	0	0	0	0	7	0	0	0	0	0	0	0	0	0	0	0	0	0	0	0	0	0	0	0	0	0	0	0	0	0	0	0	0	0	0	0	0	13	0	15	0	0	0	66	0	0	0	0	0	0	0	0	0	0	0	0	0	0	0	0	0	0	0	0	0	0	0	0	0	0	0	0	0	0	0	0	0	0	0	4	0	0	0	4	0	0	0	0	0	0	0	0	0	0	0	0	0	19	0	0	0	0	0	0	0	0	0	0	0	0	0	0	0	0	1	0	0	0	0	0	11	0	2	0	0	0	59	0	0	0	0	0	0	0	0	0	0	0	0	0	0	0	0	0	239	0	0	6	0	0	0	0	0	0	0	1	0	0	0	0	50	0	87	0	64	0	0	0	0	0	0	0	0	0	0	0	31	0	0	0	0	0	3	0	0	0	53	0	0	0	0	0	75	3	0	0	0	88	4	0	159	94	0	0	0	0	0	0	0	0	0	0	0	0	0	0	0	0	65	0	0	1	4	0	0	0	0	0	0	0	0	5	146	122	38	0	21	0	0	0	0	52	7	0	0	32	0	0	0	0	0	0	9	0	68	0	0	0	116	0	2	0	0	27	66	103	0	0	119	0	32	47	0	0	0	0	74	0	95	0	5	0	0	0	0	0	0	0	0	0	0	24	0	0	0	1	47	0	108	60	1	0	0	0	1	0	0	0	0	29	0	0	0	0	58	39	10	0	0	0	0	120	0	40	0	93	0	176	0	74	89	116	0	13	196	0	2	0	91	0	39	34	0	390	0	0	0	0	49	0	0	23	0	0	7	2	18	148	0	0	197	0	154	0	0	170	57	48	0	0	0	11	0	24	0	0	0	129	22	33	44	98	0	0	67	151	84	0	125	0	0	0	139	107	174	72	1	0	0	18	0	0	138	0	0	0	0	249	0	20	0	0	106	15	39	0	97	0	0	0	106	8	0	0	0
14	0	0	0	0	0	0	0	0	0	0	0	0	0	0	0	0	0	0	0	0	0	0	0	0	0	0	0	0	0	67	0	0	0	0	0	0	0	0	0	0	0	0	0	0	0	0	0	0	0	0	0	0	0	0	0	0	0	0	0	0	0	0	0	0	0	0	0	0	0	0	0	19	0	0	0	8	0	0	0	0	0	0	0	30	0	0	0	0	0	0	0	0	5	0	0	0	0	0	0	0	0	0	0	0	0	0	0	0	0	0	0	0	0	0	0	0	0	0	0	0	0	0	0	0	0	0	0	0	0	0	0	0	0	0	0	0	0	0	0	0	0	13	0	0	0	0	0	4	0	0	0	0	0	0	0	0	0	0	0	0	0	0	0	0	0	0	0	0	0	0	0	0	0	0	0	0	0	0	0	0	0	0	0	0	0	0	0	0	0	0	0	0	0	0	0	0	0	0	0	0	0	0	0	0	0	0	0	0	0	0	0	0	59	0	0	0	0	0	0	0	0	0	19	0	0	0	0	0	0	0	0	0	0	0	0	0	0	0	0	0	0	0	0	0	0	25	0	0	0	0	0	0	0	0	0	0	0	0	0	0	0	0	0	0	0	0	0	0	0	0	0	0	0	0	0	0	0	0	0	0	0	0	0	0	0	0	0	0	5	0	0	0	0	0	0	0	0	0	0	0	0	0	0	0	0	0	0	0	0	0	0	0	0	0	0	5	0	0	0	0	0	0	0	0	0	0	0	0	0	0	0	0	0	0	0	0	0	0	0	0	14	0	0	0	0	0	0	0	0	0	0	0	0	0	0	0	0	0	0	0	2	0	0	0	0	0	0	0	0	0	0	0	0	0	0	0	0	0	0	0	0	0	0	0	0	0	0	0	0	0	0	0	0	0	0	0	0	0	0	0	0	0	0	0	0	0	0	0	0	0	0	0	0	0	63	0	0	0	83	0	0	0	0	22	0	0	0	6	0	0	0	0	0	0	0	0	0	0	0	0	0	0	0	20	0	0	0	0	0	0	0	0	0	0	4	0	0	0	0	0	0	0	0	0	0	0	0	0	0	0	0	1	0	0	0	0	0	0	0	0	0	0	0	0	0	0	0	0	0	0	0	0	2	0	0	24	16	0	0	0	0	0	0	0	0	0	0	0	0	0	0	0	0	0	0	0	0	0	0	40	29	0	11	0	0	0	0	0	0	0	0	0	0	0	0	0	0	121	0	80	0	0	0	0	0	0	0	0	0	10	0	68	0	0	0	0	0	0	0	0	0	0	0	0	1	0	6	0	0	0	0	0	0	0	10	64	293	0	0	0	19	0	0	0	0	0	0	0	0	0	0	0	17	0	0	0	0	38	0	0	0	0	0	0	0	0	0	149	75	62	0	86	0	0	0	0	218	0	0	0	137	0	0	3	12	0	0	0	0	6	0	0	41	39	0	0	15	0	15	103	20	3	0	150	0	33	103	0	0	0	0	85	0	0	36	0	0	0	0	0	0	0	0	0	0	0	25	0	8	0	8	84	0	0	22	0	0	0	0	0	0	0	0	13	20	0	0	0	57	0	0	0	0	0	0	0	71	0	3	1	54	0	235	0	154	77	65	42	0	297	0	91	0	83	0	91	25	0	124	0	0	0	0	358	143	0	0	0	0	79	25	101	156	0	0	126	193	33	0	0	72	80	70	0	0	0	240	0	147	0	0	0	83	47	218	111	8	0	0	41	62	101	0	87	0	0	0	52	106	116	44	0	0	0	26	0	11	24	60	0	0	0	48	0	16	0	0	76	3	63	0	288	0	13	0	258	0	0	0	0
15	0	0	0	0	0	0	0	0	0	0	0	0	0	0	0	0	0	0	0	0	0	0	0	0	0	0	0	0	0	0	0	0	0	0	0	0	0	0	0	0	0	0	0	0	0	0	0	0	0	0	0	0	0	0	0	0	0	0	0	0	0	0	0	0	0	0	0	0	0	0	0	0	0	0	0	0	0	0	0	0	0	0	0	0	0	0	0	0	0	0	0	0	0	0	0	0	0	0	0	0	0	0	0	0	0	0	0	0	0	0	0	0	3	0	0	0	0	0	0	0	0	0	0	0	0	0	0	0	0	0	0	0	0	0	0	0	0	0	0	0	0	0	0	0	0	0	0	0	0	0	0	0	0	0	0	0	0	0	0	0	0	0	0	0	0	0	0	0	0	0	0	0	0	0	0	0	0	0	0	0	0	0	0	0	0	0	0	0	0	0	0	0	0	0	0	0	0	0	0	0	0	0	0	11	0	0	0	0	0	0	0	0	0	0	0	0	0	0	0	0	0	0	0	0	0	0	0	0	0	0	0	0	0	0	0	0	0	0	3	0	0	0	0	0	0	9	0	0	0	0	0	0	0	0	0	0	0	0	0	0	0	0	0	0	0	0	0	0	0	0	0	0	0	0	0	0	0	0	0	0	0	0	0	0	0	0	0	0	0	0	0	0	0	0	0	0	0	0	0	0	0	0	0	0	0	0	0	0	0	0	0	0	0	0	0	0	0	0	0	0	0	0	0	0	0	0	0	0	0	0	0	0	0	0	0	0	0	0	0	0	3	0	0	0	29	0	0	0	0	0	0	0	0	0	0	0	0	0	0	0	0	0	0	0	45	0	0	0	0	0	0	0	0	0	0	0	0	0	0	0	0	0	0	0	0	0	0	0	0	0	0	0	0	0	0	0	0	0	0	0	0	0	0	0	0	0	0	0	0	0	0	0	0	0	0	0	0	0	46	0	0	0	0	0	0	0	0	0	0	0	0	0	0	0	0	0	0	0	0	0	0	0	0	0	0	0	0	0	0	0	0	0	0	0	0	0	0	0	0	1	0	0	0	0	0	0	0	0	0	0	0	0	0	0	0	0	0	0	0	0	0	0	0	0	0	0	0	0	0	0	0	0	0	0	0	0	0	0	0	0	0	0	0	0	0	0	0	0	0	0	1	0	0	0	0	0	0	0	0	30	0	0	0	0	0	0	0	0	0	0	0	0	0	0	0	0	0	42	0	1	0	0	0	0	0	0	0	0	0	0	0	103	0	0	0	0	0	0	0	0	0	0	0	0	0	0	0	0	0	0	0	0	0	0	167	31	36	0	0	0	0	0	0	0	0	0	0	0	0	0	0	0	0	0	0	0	1	11	7	3	0	0	0	0	0	0	0	134	189	85	0	41	0	30	0	0	62	0	0	0	30	0	90	0	0	0	0	0	1	83	0	0	0	1	0	0	63	0	19	27	97	6	0	27	0	65	43	0	0	0	0	31	0	0	0	0	0	0	0	0	0	0	0	0	0	0	0	0	0	0	0	165	0	0	59	0	0	0	0	0	0	0	0	0	49	0	0	0	0	0	0	0	2	0	0	0	98	0	0	0	114	0	15	0	80	77	84	14	13	60	0	0	0	113	0	77	123	0	50	0	0	0	0	312	0	0	0	0	0	107	181	46	170	0	0	14	303	87	0	0	126	74	78	0	0	0	129	0	8	0	0	0	31	65	48	200	98	0	12	81	80	130	0	20	0	0	0	106	130	166	55	0	0	0	11	0	1	14	58	0	0	0	119	0	76	0	0	69	13	29	0	96	0	0	0	55	0	0	0	0
16	0	0	0	0	0	0	0	0	14	0	0	0	0	0	0	0	0	0	0	0	0	0	0	0	0	0	0	0	0	0	0	0	0	0	0	0	0	0	0	0	0	0	0	0	0	0	0	0	0	0	0	0	0	0	0	0	0	0	0	0	0	0	0	0	0	0	0	0	0	0	0	0	0	0	0	0	0	0	0	0	0	0	0	0	0	0	0	0	0	0	0	0	0	0	0	0	0	0	0	0	0	0	0	0	0	0	0	0	7	0	0	0	0	0	0	0	0	0	0	0	0	0	0	0	0	0	0	0	0	0	0	0	0	0	0	0	0	0	0	0	0	0	0	0	0	0	0	0	0	0	0	0	0	0	0	0	0	0	0	0	0	0	0	0	0	34	0	0	0	0	0	0	0	0	0	0	0	0	0	0	0	0	0	0	4	0	0	0	0	0	0	3	0	0	0	0	0	0	0	7	0	0	0	0	0	0	0	0	0	0	0	0	0	7	0	0	0	0	0	0	0	0	0	0	0	0	0	0	0	31	0	0	0	0	0	0	0	0	0	0	0	3	22	0	0	7	0	0	0	0	0	0	0	0	0	0	0	0	0	0	0	0	0	0	0	0	0	0	0	0	0	0	0	0	39	0	0	0	0	0	0	0	0	0	0	0	0	0	0	0	0	0	0	0	0	0	0	0	0	0	0	0	0	0	0	0	0	0	0	6	0	0	0	0	0	0	0	0	0	0	0	0	0	0	0	0	0	0	0	0	0	0	0	0	0	0	0	0	0	0	0	0	0	0	0	0	0	0	0	0	0	0	0	0	0	0	0	0	0	2	0	0	1	0	0	0	0	0	0	7	0	0	0	0	0	0	0	2	0	8	0	0	0	0	0	0	0	0	0	9	0	0	0	0	0	0	0	0	0	0	0	0	0	0	0	0	0	0	0	0	0	0	0	0	98	0	0	0	4	9	0	0	0	0	0	0	0	0	0	0	0	0	0	0	0	0	0	0	0	0	0	0	0	0	0	0	0	0	0	0	0	0	5	0	0	0	0	3	0	0	0	0	0	0	0	0	0	0	0	0	0	0	0	0	0	0	0	0	0	0	59	0	0	36	0	0	0	0	0	0	0	0	1	0	2	1	3	0	0	0	0	0	0	0	0	0	0	0	0	0	0	0	0	0	0	0	0	0	0	144	0	5	0	0	0	0	0	0	0	0	0	0	0	0	0	0	0	113	0	0	0	0	0	0	0	0	0	0	1	12	0	181	0	0	0	1	0	0	0	0	0	0	0	0	0	0	0	0	0	0	0	0	0	0	37	13	22	0	73	0	0	0	3	0	0	0	0	0	0	0	0	0	0	0	0	0	0	35	0	0	0	0	0	0	0	0	0	143	122	64	20	28	0	0	0	0	60	0	0	0	208	0	0	0	0	0	0	0	0	56	0	0	0	107	0	0	60	16	32	85	21	6	0	20	0	60	69	1	2	0	0	117	0	13	0	0	0	13	0	0	0	0	0	0	0	0	0	0	0	0	0	18	0	1	50	0	0	0	0	0	0	0	0	0	106	0	0	0	154	46	0	0	0	7	0	0	134	0	40	0	172	0	171	0	105	136	72	50	20	89	0	41	0	63	0	193	40	0	67	0	0	0	0	32	21	0	0	0	0	42	281	88	164	0	0	69	135	173	1	0	116	22	63	25	0	0	50	0	37	0	0	0	40	50	461	128	17	18	0	120	80	60	0	12	0	0	0	68	139	66	82	0	0	0	117	32	0	105	2	83	0	0	184	0	102	0	0	139	132	114	0	26	0	0	0	115	0	0	0	0
17	0	0	0	0	0	0	0	0	0	0	0	0	0	0	0	0	0	0	0	0	0	0	0	0	0	0	0	0	0	0	0	0	0	0	0	0	0	0	0	0	0	0	0	12	0	0	0	0	0	0	0	0	0	0	0	0	0	0	0	0	0	0	0	0	0	0	0	0	0	0	41	0	0	0	0	0	0	0	0	0	0	0	0	0	0	0	0	0	0	0	0	0	0	0	0	0	0	0	0	0	0	0	0	0	0	0	0	0	0	0	0	0	0	0	0	0	0	0	0	0	0	0	0	3	0	0	0	0	0	0	0	0	0	0	0	0	0	0	0	0	0	0	0	0	0	0	0	0	0	0	0	0	0	0	0	0	0	0	0	0	0	0	0	0	0	0	0	0	0	0	0	0	0	0	0	2	0	0	0	0	0	0	0	0	0	3	0	0	2	51	0	0	0	0	0	0	0	0	0	0	0	0	4	0	0	0	0	0	0	0	0	0	0	0	0	0	0	3	0	0	0	0	0	0	0	1	0	0	0	0	0	0	0	7	0	0	0	0	0	0	0	0	0	0	0	0	31	0	0	0	0	0	0	0	0	0	0	0	0	0	0	0	0	0	0	0	0	0	0	0	0	0	0	0	0	0	0	0	0	0	0	4	0	0	0	0	0	0	0	1	0	0	0	0	0	17	0	0	0	0	0	0	0	0	0	0	0	0	0	18	0	5	0	0	13	0	0	31	0	0	0	2	0	0	0	0	0	0	0	0	0	0	14	0	0	0	0	0	0	0	0	0	0	0	0	4	0	0	0	0	0	0	0	0	0	0	0	1	0	0	0	0	0	0	0	0	0	0	0	0	0	0	0	3	0	0	0	0	3	17	0	0	4	0	0	4	1	79	0	0	5	6	0	0	29	8	0	0	0	0	0	0	0	0	0	0	0	0	0	0	0	0	0	0	7	0	0	0	98	0	0	0	0	0	0	0	0	0	0	0	0	0	0	0	0	0	0	0	8	0	0	0	0	4	0	0	5	0	0	0	0	0	0	1	0	0	0	0	68	0	0	0	0	0	0	0	0	0	0	0	0	0	0	0	0	0	0	0	20	0	0	0	0	0	0	0	0	0	0	0	16	18	0	0	1	0	0	0	0	0	0	6	0	0	0	0	0	0	0	0	0	0	0	0	0	0	0	0	0	18	0	0	4	0	0	0	0	12	0	0	0	0	0	0	0	5	0	57	0	211	0	0	78	0	0	0	0	0	51	0	0	7	0	0	0	0	0	0	0	0	0	0	0	0	0	0	0	0	0	0	0	104	17	0	45	74	7	0	1	1	0	1	110	2	4	16	48	5	17	0	0	0	0	0	0	63	0	79	0	0	0	0	0	0	0	0	0	85	141	0	0	183	5	0	0	0	130	0	0	0	75	187	0	7	0	0	0	0	15	0	0	2	0	58	0	0	0	0	250	93	345	26	0	156	0	109	74	9	0	1	20	45	0	0	0	0	0	19	0	0	0	0	0	0	0	0	0	0	2	0	0	146	5	0	80	0	0	0	0	0	0	0	0	13	146	0	0	0	14	0	0	24	0	0	0	0	96	0	37	0	117	0	104	0	32	89	147	23	0	25	0	20	0	57	0	209	11	0	94	0	0	33	15	73	37	0	0	0	0	102	41	14	87	0	0	81	71	46	0	0	98	78	62	96	0	0	73	0	177	0	0	0	135	124	104	120	161	18	13	15	63	103	2	426	0	7	0	33	64	59	8	0	0	0	0	3	0	12	0	0	0	0	82	0	95	0	2	310	0	161	0	324	0	0	0	41	0	0	0	0
18	0	0	0	0	0	0	0	0	0	0	0	0	0	0	0	0	0	0	32	0	0	0	0	0	0	0	0	0	0	0	0	0	0	0	0	139	0	0	0	0	0	0	0	0	0	0	0	0	0	0	0	0	0	0	0	7	0	0	0	0	0	0	0	0	0	0	0	0	0	0	0	0	0	0	0	0	0	0	0	0	0	0	0	0	0	0	0	0	0	0	0	0	0	0	0	0	0	0	0	0	0	0	0	0	0	0	0	0	0	0	0	0	0	0	0	0	0	0	0	0	0	0	19	0	0	0	0	0	0	0	0	0	0	0	0	0	0	0	0	0	0	1	0	0	0	3	0	0	0	0	0	0	0	0	0	0	0	0	0	0	0	0	0	0	0	0	0	0	0	0	0	0	0	0	0	0	0	0	0	0	0	0	0	0	0	0	0	0	0	0	0	0	0	0	0	0	0	0	0	0	0	0	0	0	0	0	1	0	0	0	0	0	35	0	11	0	0	0	0	7	0	0	0	0	0	0	0	0	0	0	0	0	0	1	0	0	0	1	0	0	0	0	0	0	0	0	0	0	6	0	0	0	0	0	0	0	0	0	0	0	0	0	9	0	0	0	0	0	0	0	0	0	0	0	1	0	0	0	0	0	1	0	0	0	0	0	32	0	22	0	0	0	4	0	0	0	0	0	0	0	0	0	0	0	0	0	0	0	0	39	0	0	0	0	0	0	0	0	0	0	11	0	0	0	0	0	0	46	0	0	0	0	0	0	0	0	0	0	0	0	0	0	0	0	0	0	0	0	17	0	0	0	0	0	0	0	0	0	0	0	0	0	21	0	0	0	0	0	0	0	0	0	0	33	0	0	0	1	0	0	0	0	0	0	0	0	9	0	0	0	33	0	0	0	0	0	0	0	0	0	0	0	0	0	0	0	0	0	0	0	0	0	0	0	29	0	0	0	149	0	0	0	0	0	0	5	0	0	5	0	0	0	0	0	0	13	0	0	0	0	0	0	0	0	1	0	0	0	0	0	0	0	0	0	0	0	0	0	0	58	0	2	15	0	0	0	0	0	0	0	0	0	0	0	0	0	0	3	0	0	2	42	0	0	0	0	0	0	0	0	47	0	0	0	0	0	0	0	0	0	0	0	0	0	0	0	0	0	0	0	0	0	1	0	0	0	0	0	0	41	0	0	3	0	1	0	0	0	1	0	0	13	0	0	42	25	0	359	0	126	0	0	0	0	0	0	0	0	0	0	0	19	0	0	4	0	0	0	0	0	4	0	0	0	0	0	0	0	0	0	5	3	0	0	124	89	15	36	0	60	0	0	71	0	0	0	5	16	0	0	0	0	0	0	0	45	0	0	0	0	0	1	4	13	1	0	0	237	132	112	0	113	25	56	80	0	82	0	0	0	117	142	15	0	1	0	0	2	0	92	0	128	26	56	0	0	0	0	165	154	26	82	0	38	0	76	30	40	2	0	0	29	0	39	1	0	0	1	1	0	0	0	0	0	0	7	0	0	94	0	0	114	0	21	179	0	0	0	0	0	2	15	0	1	86	0	0	0	15	2	0	0	0	0	0	0	142	0	31	0	195	0	111	0	69	81	16	22	0	30	0	0	2	185	0	73	47	2	127	0	0	0	1	64	19	0	0	0	16	39	23	86	85	0	0	48	85	234	0	0	108	18	83	0	128	0	2	0	44	90	0	0	53	24	73	245	44	7	0	199	151	103	0	53	0	0	0	155	115	110	19	0	0	6	0	68	29	49	36	2	0	0	39	0	228	0	0	22	2	66	0	58	0	1	0	63	1	0	0	0
19	0	0	0	0	0	0	0	0	0	0	0	0	0	0	0	0	0	0	0	0	0	0	0	0	0	0	0	0	0	0	0	0	0	0	0	0	0	0	51	0	0	0	0	0	0	0	0	0	0	0	1	0	0	0	0	0	0	0	0	0	0	0	0	0	0	0	0	0	0	0	0	0	0	0	0	0	0	0	0	0	0	0	0	0	0	0	0	0	0	0	0	0	0	0	0	0	20	0	0	0	0	0	0	12	0	0	0	0	0	0	0	0	0	0	0	0	13	0	0	0	0	2	1	0	0	0	0	0	0	0	0	0	0	0	0	0	0	0	0	0	0	0	47	0	0	0	0	0	0	0	0	0	0	0	0	0	0	0	0	0	0	0	0	0	0	0	0	0	0	0	0	0	0	0	0	14	0	0	0	0	0	0	0	0	0	0	0	0	7	0	0	0	0	0	0	0	0	0	0	0	3	0	0	0	0	0	0	0	0	0	0	0	0	0	0	2	0	1	0	0	0	0	0	0	12	0	0	0	0	0	0	0	0	19	2	0	0	0	0	4	0	0	0	0	0	0	0	0	0	2	0	0	18	3	27	0	0	1	0	0	0	1	0	0	24	0	0	0	0	0	0	0	0	0	0	0	0	0	2	0	0	0	0	4	0	0	0	0	0	6	0	0	0	0	0	0	0	0	0	0	0	0	0	4	0	0	0	0	0	0	0	0	0	0	0	0	0	0	0	1	0	1	0	0	0	0	0	0	0	0	0	2	38	1	0	0	0	0	0	0	0	2	0	1	0	0	0	0	0	0	1	0	5	0	0	0	0	10	0	0	0	0	0	1	0	0	0	0	0	0	0	0	0	0	0	0	0	0	0	0	0	0	0	0	0	0	0	0	0	0	120	0	0	0	22	0	0	1	0	3	0	0	1	0	0	1	0	0	5	0	0	0	0	0	0	11	0	9	0	14	15	0	0	0	0	0	0	0	75	0	0	0	0	0	1	1	0	2	0	0	0	0	0	2	0	7	0	0	0	0	33	3	1	0	0	0	0	0	1	0	0	0	15	0	0	0	1	0	0	0	0	0	0	0	1	0	0	0	0	0	0	13	13	3	0	0	0	0	21	3	131	0	19	22	2	26	0	0	0	10	0	0	9	0	0	0	0	0	0	0	0	0	0	0	0	0	1	0	0	0	0	0	0	0	0	0	0	0	0	0	0	0	0	0	1	8	0	226	0	0	0	0	6	0	0	0	0	0	0	0	0	0	0	0	2	0	0	0	0	0	4	0	0	36	120	0	0	0	0	0	0	0	17	0	0	0	1	0	25	0	0	0	0	16	0	0	0	153	0	0	0	0	10	13	0	99	0	17	1	29	0	0	0	0	0	0	0	193	16	0	0	30	59	0	10	3	86	0	11	0	0	64	0	7	0	0	0	0	2	58	0	0	0	0	0	0	0	0	0	132	153	1	0	190	0	85	82	7	0	0	0	32	8	0	0	0	2	14	0	110	0	0	0	0	0	53	29	0	51	0	13	7	0	0	88	0	0	1	0	0	0	0	0	0	79	0	0	0	0	1	0	0	32	73	0	0	33	0	2	0	27	0	71	4	21	63	29	120	0	91	0	45	0	31	0	129	125	12	15	0	0	1	72	70	0	46	0	0	8	13	0	43	13	0	0	77	69	9	0	0	102	30	101	70	55	0	35	0	38	0	0	0	22	44	131	44	0	0	7	25	92	56	7	165	0	0	0	93	7	137	0	0	0	0	0	10	4	0	2	0	0	0	25	0	188	15	8	37	2	111	0	5	30	0	0	65	0	0	0	0
20	0	0	0	0	0	0	0	0	0	0	0	0	0	0	0	0	0	0	0	0	0	0	0	0	0	0	5	0	0	0	0	0	0	0	0	0	0	0	0	0	0	0	0	0	0	0	0	0	0	0	0	0	0	0	0	0	0	0	0	0	0	0	0	0	0	0	0	0	0	0	0	0	0	0	0	0	0	0	0	0	0	0	0	0	0	0	0	0	0	0	0	0	0	0	0	0	0	0	0	0	0	0	0	0	0	0	3	39	11	0	0	0	0	0	0	0	0	1	0	0	0	0	14	0	9	0	0	0	0	0	0	0	0	0	0	0	0	0	10	0	0	0	18	0	0	0	0	0	0	0	0	0	0	0	0	0	0	0	0	0	0	49	0	0	4	0	0	0	0	0	0	0	0	14	0	0	0	0	0	0	0	0	0	0	0	0	0	0	0	42	0	0	0	0	0	0	0	0	0	0	0	0	8	0	0	1	0	0	0	2	0	0	0	0	0	0	0	0	0	0	0	0	0	4	0	0	0	0	0	0	12	0	0	0	31	0	0	0	0	0	0	0	0	0	0	3	17	0	0	0	0	0	0	0	0	2	0	0	0	0	62	0	0	0	0	0	0	0	3	0	0	0	5	0	0	0	0	86	0	0	0	0	0	0	0	0	0	0	0	0	0	0	0	0	5	0	0	3	0	0	11	0	0	34	0	2	0	0	0	0	0	0	0	12	0	0	0	0	0	0	0	0	0	1	0	0	0	0	0	0	0	0	1	0	0	0	0	4	0	0	0	0	0	2	0	0	0	0	0	0	0	0	0	0	0	0	0	0	4	0	0	0	0	0	0	0	0	0	3	0	0	0	0	0	0	0	0	0	0	0	0	0	0	0	0	0	0	0	0	0	0	0	0	13	79	4	0	0	0	0	0	0	0	0	0	0	0	0	0	0	8	0	15	0	0	0	40	0	0	6	0	0	0	0	0	0	0	0	0	0	0	0	0	0	0	16	0	0	0	0	0	0	0	0	0	0	0	33	0	0	0	0	2	0	0	0	0	1	0	38	0	1	0	0	0	0	0	0	0	0	29	16	0	0	0	0	0	0	0	0	0	0	21	1	127	0	0	0	0	1	0	0	0	0	0	0	0	0	11	0	11	0	0	0	0	0	0	0	14	0	0	0	0	0	0	0	0	3	0	0	0	0	0	0	1	0	0	0	0	0	0	0	0	0	0	0	0	39	0	29	0	0	0	0	0	0	7	0	0	0	0	0	0	0	3	0	7	0	0	14	0	0	0	0	0	0	0	0	0	0	0	0	10	0	38	2	1	0	14	0	0	9	0	0	8	0	0	0	71	0	0	0	13	0	0	10	0	0	0	0	0	0	12	0	0	0	0	19	0	0	0	105	1	0	0	0	96	0	0	0	0	43	0	0	0	0	0	0	1	0	0	0	0	0	0	0	141	3	0	25	257	0	1	97	0	103	78	0	1	12	0	138	0	0	0	0	0	0	0	0	0	8	0	0	0	0	0	0	2	14	0	69	0	0	99	0	0	3	0	0	0	0	0	0	216	0	0	0	0	9	0	0	1	0	0	0	70	0	15	0	44	0	131	0	135	10	16	0	0	124	0	0	0	22	0	87	0	2	57	0	0	0	266	1	0	0	0	0	0	63	0	87	73	0	0	213	108	86	0	77	50	54	152	0	5	0	30	56	116	0	0	1	128	130	133	46	13	0	0	195	77	1	0	49	0	0	0	49	52	132	1	0	0	0	0	0	0	0	0	0	0	17	142	0	190	7	0	372	0	32	0	55	0	0	7	105	1	0	0	21
21	0	0	0	0	0	0	0	0	0	0	0	0	0	0	0	0	0	0	0	0	0	0	0	0	0	0	0	0	0	0	0	0	0	0	0	0	0	0	0	0	0	0	0	0	0	0	0	0	0	0	0	0	0	0	0	0	0	0	0	0	0	0	0	0	0	0	0	0	0	0	0	0	0	14	0	0	0	0	0	5	0	0	0	0	0	0	0	9	0	0	0	0	0	0	0	0	0	0	0	0	0	0	0	0	109	0	0	0	0	0	0	0	0	62	0	0	0	0	0	0	0	3	0	74	0	0	0	0	0	0	0	65	7	0	0	0	10	2	1	58	4	9	0	0	0	0	0	0	0	0	0	0	0	5	0	0	0	0	0	0	0	0	0	0	0	0	0	0	0	3	0	14	0	0	0	0	0	0	0	0	0	0	0	0	11	29	1	0	0	16	0	0	0	0	0	0	0	0	0	0	0	0	0	0	0	0	0	0	9	0	0	0	0	0	0	20	0	8	0	0	0	0	0	0	0	0	0	0	0	0	0	0	0	1	0	0	0	0	0	0	0	7	0	0	0	0	0	1	0	0	0	0	0	0	0	0	0	0	58	0	0	0	0	0	25	0	0	0	0	0	0	0	0	0	0	0	0	0	0	18	0	0	0	0	0	0	0	1	7	0	0	0	0	1	0	0	0	0	9	3	0	0	0	0	0	0	1	0	0	0	0	0	0	0	0	0	10	0	35	0	0	0	0	0	38	28	0	12	0	0	0	0	26	0	0	0	0	0	0	0	0	0	0	0	0	3	0	0	0	0	0	0	0	0	0	0	1	1	16	0	0	0	0	0	0	0	9	0	11	0	0	0	0	0	0	0	0	0	3	0	0	3	1	0	0	3	0	1	0	0	0	0	0	0	0	0	0	0	0	0	0	0	5	0	1	11	27	0	0	0	0	0	0	0	1	6	0	0	39	0	0	0	0	0	0	0	0	0	0	0	0	0	0	0	0	0	3	0	0	0	0	0	2	0	0	0	0	0	0	0	68	0	0	0	0	0	0	0	0	0	2	0	0	0	0	0	0	0	0	9	0	0	0	0	0	0	21	0	0	0	0	0	0	0	2	0	0	24	0	0	0	0	0	1	1	0	0	0	0	2	0	23	0	0	0	0	0	2	0	0	35	0	0	0	0	0	1	0	0	0	0	0	0	27	2	0	0	5	0	0	0	0	0	2	0	0	1	85	0	0	0	0	53	0	0	0	0	0	0	0	0	0	0	0	26	0	26	0	0	0	0	0	0	2	0	0	0	0	0	0	0	0	0	1	0	0	0	0	0	4	0	0	0	55	0	0	1	0	0	0	0	0	0	0	1	81	0	0	0	0	9	0	0	0	0	0	1	44	0	0	0	79	0	0	0	0	9	0	0	0	0	169	0	0	19	0	0	0	0	5	0	2	0	152	0	0	0	9	0	158	28	0	0	0	4	36	173	0	0	0	0	128	0	62	0	0	37	2	0	0	0	4	0	0	0	7	0	0	29	1	0	0	1	5	152	0	0	1	0	0	1	0	0	45	18	0	0	0	0	0	5	0	0	0	0	0	156	1	15	0	170	2	3	0	47	15	6	3	0	201	0	0	1	80	0	49	19	0	62	3	0	0	27	0	32	2	0	0	5	72	0	55	11	0	0	199	69	195	0	0	232	47	309	1	0	0	455	0	62	0	1	12	99	77	90	155	10	0	0	257	22	1	0	128	0	0	0	183	20	98	0	0	0	1	0	0	0	14	0	0	0	1	74	0	63	0	0	95	0	29	0	90	0	0	5	97	0	0	0	0
22	0	0	0	0	0	0	0	0	0	0	0	0	0	0	9	0	0	0	0	0	0	0	0	0	0	0	0	0	0	0	0	0	0	0	0	0	0	0	0	0	0	0	0	0	0	0	0	0	0	0	0	0	0	0	0	0	0	0	0	0	0	0	0	0	0	0	0	0	0	0	0	0	0	0	0	0	0	0	0	0	0	0	0	0	0	0	0	0	0	0	0	0	0	0	0	0	0	0	0	0	0	0	0	0	0	47	0	0	0	0	0	70	18	0	0	0	2	0	0	0	0	0	0	0	0	0	0	0	0	0	0	0	0	0	0	0	0	0	0	0	0	0	0	0	0	0	0	0	1	14	0	0	0	0	0	0	0	0	0	0	0	0	0	0	0	0	0	0	11	0	0	0	0	0	0	0	0	0	0	0	0	0	0	0	0	0	0	0	0	0	0	0	0	0	0	0	0	0	0	3	0	0	0	0	0	2	0	0	0	37	0	0	7	0	0	0	0	0	0	0	0	0	0	0	0	0	0	0	0	0	0	0	0	0	3	0	0	0	0	0	0	0	0	0	0	0	0	0	0	0	0	0	0	0	0	0	0	0	0	0	0	0	0	0	0	0	0	0	0	0	0	0	0	0	0	0	0	0	0	0	0	0	0	0	0	6	0	0	7	0	2	0	0	0	15	0	0	0	0	0	0	26	0	0	0	0	2	0	0	0	0	0	0	0	0	3	0	0	0	0	0	0	0	0	5	0	0	0	0	0	0	5	4	0	0	0	0	0	0	0	0	10	0	0	0	0	0	0	0	0	5	0	0	0	0	0	0	0	0	0	0	0	0	0	15	0	0	11	0	0	0	0	0	0	0	0	0	0	0	2	5	2	0	1	0	0	1	0	0	0	18	4	0	0	6	0	0	11	0	0	0	0	0	0	0	0	0	1	0	0	0	0	0	0	7	0	0	0	4	0	0	0	0	0	0	0	0	0	0	0	0	0	0	5	2	8	0	0	0	0	0	0	0	0	0	0	0	0	0	0	0	0	0	0	0	0	0	1	8	0	0	0	0	0	0	0	11	0	65	0	0	0	0	0	0	0	0	0	0	0	0	0	0	0	0	0	0	0	0	0	14	0	0	0	0	1	0	0	0	0	0	4	0	0	0	0	0	0	0	0	0	0	0	0	0	0	12	0	0	0	0	0	0	0	0	0	0	0	0	0	0	2	0	0	0	0	0	49	0	0	0	0	0	0	0	0	0	0	0	0	22	0	0	0	0	0	0	52	0	0	0	0	0	7	0	0	0	0	0	12	0	0	0	1	0	4	4	0	0	0	1	0	0	62	15	0	23	0	28	0	0	0	0	0	0	53	0	1	0	0	0	0	0	0	0	0	0	186	0	5	0	60	40	0	1	0	41	0	0	0	62	101	0	0	5	13	0	0	0	0	0	23	107	38	0	0	0	0	0	302	107	0	1	30	0	150	231	0	0	0	0	4	0	0	0	0	0	0	0	0	0	0	0	0	0	1	0	0	0	0	0	47	0	0	159	0	0	0	6	0	0	0	0	3	89	0	0	0	1	11	7	0	0	0	9	0	20	0	1	0	266	0	105	0	64	204	4	66	0	47	0	7	4	78	0	119	0	9	59	0	19	1	51	33	7	0	5	0	0	77	0	163	144	0	0	63	313	45	0	0	40	227	125	7	4	13	184	0	41	0	0	0	9	95	126	105	0	0	0	338	90	40	6	180	0	2	0	218	8	148	0	0	0	0	8	6	0	0	0	0	0	128	47	0	95	0	71	157	5	87	0	0	0	0	0	267	0	59	0	0
23	0	0	0	0	0	0	0	0	0	0	0	0	0	0	0	0	91	0	0	0	0	0	0	0	0	0	0	0	0	0	0	0	0	0	0	0	0	0	0	0	0	0	0	0	0	0	0	0	0	0	0	0	0	0	0	0	0	0	0	0	0	0	0	0	0	0	0	0	0	0	0	0	0	0	0	0	0	0	0	0	0	0	0	54	0	0	0	0	0	0	0	0	0	0	0	0	0	0	0	0	0	0	2	0	0	0	0	0	0	0	0	0	0	5	13	0	0	0	0	0	0	0	0	0	0	0	0	0	0	0	0	0	0	0	0	0	0	0	4	0	0	0	0	0	0	0	0	15	66	0	0	0	0	10	0	0	0	0	0	0	0	0	0	2	0	0	0	0	3	0	0	0	39	0	3	0	0	0	0	0	0	0	2	0	0	0	0	0	0	0	0	0	0	0	0	26	0	0	0	0	0	1	0	0	0	0	0	0	0	0	0	0	0	0	0	0	0	0	47	0	0	0	0	0	0	17	0	0	0	0	0	0	0	0	0	0	0	0	0	12	0	0	9	0	0	0	0	0	3	0	0	0	0	0	4	16	0	0	0	0	28	0	0	0	0	0	0	0	6	5	0	0	0	2	0	14	0	0	0	0	0	0	0	4	0	0	0	0	4	0	0	0	0	0	0	0	0	0	0	0	0	0	0	0	0	0	0	0	0	0	0	42	0	3	0	2	0	3	1	0	0	0	0	0	0	0	0	0	0	0	0	0	0	0	0	0	0	0	0	0	0	0	0	0	0	0	0	0	0	2	0	0	8	0	0	0	5	0	0	0	0	0	0	0	0	0	0	0	0	0	0	0	0	0	0	0	0	0	28	0	0	0	1	0	0	0	0	10	0	1	71	0	0	0	6	0	0	0	0	0	0	0	1	0	1	0	0	0	44	0	0	0	0	0	0	0	0	0	0	0	0	0	0	0	0	0	0	0	13	0	0	0	0	5	0	0	0	0	0	6	0	0	0	0	0	0	0	0	0	0	2	0	0	121	0	0	0	0	0	0	0	6	0	22	0	0	0	27	0	3	0	0	2	0	0	0	2	0	0	0	0	0	0	0	0	0	0	10	0	0	29	0	35	30	0	0	0	0	0	0	0	12	0	0	0	0	0	0	8	23	0	0	0	11	0	0	0	0	0	0	0	0	0	0	11	0	0	5	0	0	0	0	0	0	0	0	2	311	0	0	0	0	0	77	0	0	0	17	0	0	0	0	0	0	0	0	0	0	0	0	0	0	9	2	0	0	0	0	2	0	0	0	55	0	4	29	9	0	35	0	0	0	2	16	0	0	0	0	0	0	0	0	0	0	0	71	0	0	8	0	0	0	0	0	2	0	0	144	0	0	0	2	2	0	0	0	128	0	1	0	0	96	0	0	2	0	0	0	0	10	0	0	0	65	13	0	0	0	62	256	13	0	0	22	0	96	128	0	11	17	0	70	48	0	0	0	0	0	0	0	0	0	0	0	0	2	14	0	34	7	0	21	0	0	92	0	0	0	0	0	0	0	0	0	98	0	0	0	0	6	1	0	0	1	0	0	127	0	0	0	219	1	113	1	202	19	4	14	0	20	0	0	0	91	0	84	76	0	59	0	0	0	4	0	0	0	0	0	0	88	0	62	127	0	2	57	181	96	0	0	76	46	183	4	0	0	44	0	26	0	0	0	110	125	532	20	0	0	0	71	219	61	0	39	0	0	0	16	16	41	4	0	1	0	0	3	0	0	0	4	0	0	37	0	128	0	0	42	5	54	0	0	0	0	0	141	0	0	0	0
24	0	0	0	0	0	0	0	0	0	0	0	29	0	0	0	0	0	0	0	0	0	0	0	0	0	0	0	0	0	0	0	0	0	0	0	0	0	0	0	0	0	0	0	0	0	0	0	0	0	0	0	0	0	0	0	0	0	0	0	0	0	0	0	0	0	0	0	0	0	0	0	0	0	0	0	0	0	0	0	0	0	0	0	0	0	0	0	0	0	0	0	10	0	0	0	0	0	0	0	0	0	0	0	0	0	0	0	0	0	0	4	0	0	0	0	0	0	0	0	0	0	0	0	0	0	0	0	0	0	0	0	0	0	0	8	0	0	0	0	4	0	19	0	0	0	0	0	0	0	0	0	0	0	0	0	0	0	0	6	0	0	0	0	0	0	0	0	0	0	0	0	0	0	0	0	0	0	0	0	0	1	0	0	0	0	0	0	0	0	0	0	0	0	0	0	0	0	0	0	0	1	0	0	0	0	15	0	0	0	0	0	0	0	1	0	4	0	0	0	0	0	0	0	0	0	18	0	0	2	0	0	0	0	0	0	0	0	62	0	0	11	2	0	0	0	0	0	0	0	17	0	0	0	1	0	0	0	0	0	0	0	0	0	3	0	0	16	0	0	36	0	3	0	0	0	0	25	4	0	0	0	0	0	0	0	4	0	0	0	1	0	0	0	0	0	0	0	10	0	0	1	0	0	0	0	0	0	60	0	0	0	0	0	0	0	0	0	0	0	15	0	0	0	0	0	40	0	7	1	0	0	0	0	1	1	3	0	0	0	0	0	0	0	0	0	0	0	1	0	0	0	0	0	0	0	0	1	0	0	0	0	0	0	0	0	0	0	0	0	0	0	0	0	54	0	0	0	0	44	0	0	0	0	0	11	49	0	0	0	0	0	0	2	0	0	62	0	0	0	0	0	0	1	0	0	0	0	0	0	0	0	0	0	0	0	11	0	0	9	0	1	0	0	13	1	0	0	0	0	0	0	0	0	0	0	13	0	0	0	0	0	0	0	0	0	32	0	0	0	0	0	0	0	0	0	0	0	0	0	0	0	0	0	0	0	0	0	0	0	0	0	0	0	0	0	0	0	0	0	0	0	0	0	0	0	0	0	0	0	0	7	0	0	1	0	0	0	0	0	0	0	0	0	0	0	0	0	0	0	0	0	0	0	0	0	0	0	0	0	0	0	0	0	0	0	0	0	0	0	0	0	0	0	0	0	5	4	77	0	0	0	0	5	0	0	0	0	0	0	0	0	0	0	0	0	0	0	0	6	0	0	0	0	4	0	0	0	0	0	0	0	0	0	0	0	25	0	0	10	0	0	0	0	3	0	0	0	0	0	0	0	1	16	0	5	131	0	0	0	0	0	0	0	0	0	0	0	85	0	0	0	131	0	0	0	23	83	0	0	0	0	36	0	0	0	0	0	0	0	0	0	0	0	165	0	0	3	11	95	88	110	0	0	13	5	130	60	0	0	0	0	131	0	0	0	1	0	27	0	0	0	0	0	1	0	0	0	0	7	0	0	45	0	7	139	13	0	0	0	0	0	0	0	50	62	0	0	0	0	4	0	0	0	0	0	0	24	0	0	0	36	11	124	2	28	90	129	20	0	39	0	3	15	90	0	80	0	0	144	0	0	27	2	0	0	0	0	0	5	123	0	95	77	0	0	167	0	166	1	0	32	63	70	2	0	0	74	0	77	0	39	2	25	97	202	18	59	0	0	142	356	37	0	88	0	0	0	141	5	88	0	0	0	0	0	0	0	0	0	0	0	6	51	3	16	0	0	91	0	56	10	53	0	0	0	106	0	0	36	0
