0	0	0	0	0	0	0	0	0	0	0	0	0	0	0	0	0	0	0	0	0	0	0	0	0	0	0	0	0	0	0	0	0	0	0	0	0	0	0	0	0	0	0	0	0	0	0	0	0	0	0	0	0	0	0	0	0	0	0	0	0	0	0	0	0	0	0	0	0	0	0	0	0	0	0	0	0	0	0	0	0	0	0	0	0	0	0	0	0	0	0	0	0	0	0	0	0	0	0	0	0	12	12	12	12	12	12	12	12	12	12	12	12	12	12	12	12	12	12	12	12	12	12	12	12	12	12	12	12	12	12	12	12	12	12	12	12	12	12	12	12	12	12	12	12	12	12	12	12	12	12	12	12	12	12	12	12	12	12	12	12	12	12	12	12	12	12	12	12	12	12	12	12	12	12	12	12	12	12	12	12	12	12	12	12	12	12	12	12	12	12	12	12	12	12	12	12	12	12	12	12	24	24	24	24	24	24	24	24	24	24	24	24	24	24	24	24	24	24	24	24	24	24	24	24	24	24	24	24	24	24	24	24	24	24	24	24	24	24	24	24	24	24	24	24	24	24	24	24	24	24	24	24	24	24	24	24	24	24	24	24	24	24	24	24	24	24	24	24	24	24	24	24	24	24	24	24	24	24	24	24	24	24	24	24	24	24	24	24	24	24	24	24	24	24	24	24	24	24	24	24	48	48	48	48	48	48	48	48	48	48	48	48	48	48	48	48	48	48	48	48	48	48	48	48	48	48	48	48	48	48	48	48	48	48	48	48	48	48	48	48	48	48	48	48	48	48	48	48	48	48	48	48	48	48	48	48	48	48	48	48	48	48	48	48	48	48	48	48	48	48	48	48	48	48	48	48	48	48	48	48	48	48	48	48	48	48	48	48	48	48	48	48	48	48	48	48	48	48	48	48	72	72	72	72	72	72	72	72	72	72	72	72	72	72	72	72	72	72	72	72	72	72	72	72	72	72	72	72	72	72	72	72	72	72	72	72	72	72	72	72	72	72	72	72	72	72	72	72	72	72	72	72	72	72	72	72	72	72	72	72	72	72	72	72	72	72	72	72	72	72	72	72	72	72	72	72	72	72	72	72	72	72	72	72	72	72	72	72	72	72	72	72	72	72	72	72	72	72	72	72	96	96	96	96	96	96	96	96	96	96	96	96	96	96	96	96	96	96	96	96	96	96	96	96	96	96	96	96	96	96	96	96	96	96	96	96	96	96	96	96	96	96	96	96	96	96	96	96	96	96	96	96	96	96	96	96	96	96	96	96	96	96	96	96	96	96	96	96	96	96	96	96	96	96	96	96	96	96	96	96	96	96	96	96	96	96	96	96	96	96	96	96	96	96	96	96	96	96	96	96	120	120	120	120	120	120	120	120	120	120	120	120	120	120	120	120	120	120	120	120	120	120	120	120	120	120	120	120	120	120	120	120	120	120	120	120	120	120	120	120	120	120	120	120	120	120	120	120	120	120	120	120	120	120	120	120	120	120	120	120	120	120	120	120	120	120	120	120	120	120	120	120	120	120	120	120	120	120	120	120	120	120	120	120	120	120	120	120	120	120	120	120	120	120	120	120	120	120	120	120	144	144	144	144	144	144	144	144	144	144	144	144	144	144	144	144	144	144	144	144	144	144	144	144	144	144	144	144	144	144	144	144	144	144	144	144	144	144	144	144	144	144	144	144	144	144	144	144	144	144	144	144	144	144	144	144	144	144	144	144	144	144	144	144	144	144	144	144	144	144	144	144	144	144	144	144	144	144	144	144	144	144	144	144	144	144	144	144	144	144	144	144	144	144	144	144	144	144	144	144
0	0	0	0	0	0	0	0	0	0	0	0	0	0	0	0	0	0	0	0	0	0	0	0	0	0	0	0	0	0	0	0	0	0	0	0	0	0	0	0	0	0	0	0	0	0	0	0	0	0	0	0	0	0	0	0	0	0	0	0	0	0	0	0	0	0	0	0	0	0	0	0	0	0	0	0	0	0	0	0	0	0	0	0	0	0	0	0	0	0	0	0	0	0	0	0	0	0	0	0	0	100	100	100	100	100	100	100	100	100	100	100	100	100	100	100	100	100	100	100	100	100	100	100	100	100	100	100	100	100	100	100	100	100	100	100	100	100	100	100	100	100	100	100	100	100	100	100	100	100	100	100	100	100	100	100	100	100	100	100	100	100	100	100	100	100	100	100	100	100	100	100	100	100	100	100	100	100	100	100	100	100	100	100	100	100	100	100	100	100	100	100	100	100	100	100	100	100	100	100	100	100	100	100	100	100	100	100	100	100	100	100	100	100	100	100	100	100	100	100	100	100	100	100	100	100	100	100	100	100	100	100	100	100	100	100	100	100	100	100	100	100	100	100	100	100	100	100	100	100	100	100	100	100	100	100	100	100	100	100	100	100	100	100	100	100	100	100	100	100	100	100	100	100	100	100	100	100	100	100	100	100	100	100	100	100	100	100	100	100	100	100	100	100	100	100	100	100	100	100	100	100	100	100	100	100	100	100	100	100	100	100	100	100	100	100	100	100	100	100	100	100	100	100	100	100	100	100	100	100	100	100	100	100	100	100	100	100	100	100	100	100	100	100	100	100	100	100	100	100	100	100	100	100	100	100	100	100	100	100	100	100	100	100	100	100	100	100	100	100	100	100	100	100	100	100	100	100	100	100	100	100	100	100	100	100	100	100	100	100	100	100	100	100	100	100	100	100	100	100	100	100	100	100	100	100	100	100	100	100	100	100	100	100	100	100	100	100	100	100	100	100	100	100	100	100	100	100	100	100	100	100	100	100	100	100	100	100	100	100	100	100	100	100	100	100	100	100	100	100	100	100	100	100	100	100	100	100	100	100	100	100	100	100	100	100	100	100	100	100	100	100	100	100	100	100	100	100	100	100	100	100	100	100	100	100	100	100	100	100	100	100	100	100	100	100	100	100	100	100	100	100	100	100	100	100	100	100	100	100	100	100	100	100	100	100	100	100	100	100	100	100	100	100	100	100	100	100	100	100	100	100	100	100	100	100	100	100	100	100	100	100	100	100	100	100	100	100	100	100	100	100	100	100	100	100	100	100	100	100	100	100	100	100	100	100	100	100	100	100	100	100	100	100	100	100	100	100	100	100	100	100	100	100	100	100	100	100	100	100	100	100	100	100	100	100	100	100	100	100	100	100	100	100	100	100	100	100	100	100	100	100	100	100	100	100	100	100	100	100	100	100	100	100	100	100	100	100	100	100	100	100	100	100	100	100	100	100	100	100	100	100	100	100	100	100	100	100	100	100	100	100	100	100	100	100	100	100	100	100	100	100	100	100	100	100	100	100	100	100	100	100	100	100	100	100	100	100	100	100	100	100	100	100	100	100	100	100	100	100	100	100	100	100	100	100	100	100	100	100	100	100	100	100	100	100	100	100	100	100	100	100	100	100	100	100	100	100	100	100	100	100	100	100	100	100	100	100	100	100	100	100	100	100	100	100	100	100	100	100	100	100	100	100	100	100	100	100	100	100	100	100	100	100	100	100	100	100	100	100	100	100	100	100	100	100	100	100	100	100	100	100	100	100	100	100	100	100	100	100	100	100	100	100	100	100	100	100	100	100	100	100	100	100	100	100	100	100	100	100	100
1	0	0	0	0	0	0	0	0	0	0	0	0	0	0	0	0	0	0	0	0	0	0	0	0	0	0	0	0	0	0	0	0	0	0	0	0	0	0	0	0	0	0	0	0	0	0	0	0	0	0	0	0	0	0	0	0	0	0	0	0	0	0	0	0	0	0	0	0	0	0	0	0	0	0	0	0	0	0	0	0	0	0	0	0	0	0	0	0	0	0	0	0	0	0	0	0	0	0	0	0	0	59	0	23	54	213	0	1	2	0	11	240	0	0	0	0	0	15	22	4	65	0	138	0	1	18	0	0	33	0	0	0	134	40	0	5	11	89	0	0	0	0	0	0	0	0	0	2	0	14	0	0	8	8	0	0	75	16	0	0	4	1	0	0	0	0	1	11	0	12	3	0	0	7	69	15	16	9	3	0	3	5	4	0	44	0	32	2	0	0	22	21	0	41	0	0	26	46	16	8	12	5	126	0	0	1	6	0	29	4	0	1	1	26	110	2	4	23	2	0	24	3	0	57	10	0	0	6	116	3	0	0	24	64	0	0	14	0	0	8	0	41	11	41	2	0	26	169	38	0	0	17	175	42	0	9	14	1	48	0	0	87	22	0	3	0	1	14	2	7	0	26	97	13	1	0	35	92	57	2	4	0	1	7	0	0	13	21	24	12	0	3	11	25	50	24	0	75	3	0	1	174	0	0	18	0	0	1	0	0	0	0	1	217	192	47	0	1	0	14	28	8	136	9	59	122	54	62	0	0	3	0	61	88	29	13	44	6	6	53	18	95	1	76	53	0	2	74	16	0	0	51	35	144	2	18	0	80	98	157	93	128	0	91	35	13	24	73	16	85	4	82	36	3	0	177	69	107	10	114	42	50	26	105	378	16	109	0	3	106	31	0	0	3	55	0	5	96	20	94	48	0	1	18	235	5	8	17	107	60	146	30	1	78	0	295	103	0	0	38	4	71	19	23	81	137	0	50	42	111	19	82	62	49	108	126	11	39	24	6	175	10	60	54	122	86	8	39	103	199	0	66	108	141	111	12	18	45	16	44	118	131	25	49	87	5	59	0	201	93	141	129	6	16	172	0	55	298	60	4	78	77	38	151	30	63	154	34	115	272	60	316	1	73	23	222	36	57	27	233	157	55	89	4	31	136	110	53	99	3	63	1	219	371	3	0	1	129	118	4	242	99	3	130	6	135	26	100	146	0	211	68	41	69	0	0	20	274	3	280	30	69	64	107	160	0	152	263	132	39	20	13	98	0	294	36	24	20	118	322	26	13	118	109	29	239	30	3	30	141	0	9	171	87	188	1	268	110	212	76	43	148	25	91	114	99	51	49	8	132	138	64	11	102	190	8	183	42	60	192	78	55	221	69	257	8	42	94	80	79	83	34	126	47	19	185	62	154	19	99	38	51	91	192	53	191	158	98	41	261	0	15	66	106	0	234	184	103	142	190	145	55	7	64	98	83	8	17	88	113	101	91	31	0	232	18	68	10	20	179	156	94	21	101	6	91	92	38	84	75	397	38	21	26	85	35	0	267	104	3	66	31	57	73	154	118	12	143	52	7	23	92	3	102	30	42	288	66	0	20	118	156	1	100	45	34	69	212	237	195	111	67	29	32	93	141	44	124	95	227	4	244	83	31	38	1	88	45	15	302	35	9	183	217	115	18	54	120	230	95	21	197	191	31	37	214	176	63	37	39	2	108	158	37	165	151	92	159	26	55	28	242	8	73	69	96	61	92	72	61	212	93	63	96	191	133	100	70	107	27	37	42	74	35	29	140	86	287	59	63	12	31	0	76	52	21	14	67	73	123
2	0	0	0	0	0	0	0	0	0	0	0	0	0	0	0	0	0	0	0	0	0	0	0	0	0	0	0	0	0	0	0	0	0	0	0	0	0	0	0	0	0	0	0	0	0	0	0	0	12	0	0	0	0	0	0	0	0	0	0	0	0	0	0	0	0	0	0	0	0	0	0	0	0	0	0	0	0	0	0	0	0	0	0	0	0	0	0	0	0	0	0	0	0	0	0	0	0	0	0	0	35	19	0	33	0	0	77	0	20	0	0	0	0	6	0	0	0	89	10	0	0	2	109	0	0	0	14	67	11	5	0	0	3	1	50	0	0	0	2	0	11	0	3	0	0	5	187	0	33	0	0	5	8	63	0	98	0	0	0	43	0	0	9	0	20	5	0	16	9	21	0	0	0	3	0	1	28	0	0	52	0	61	0	0	53	4	0	0	0	0	26	0	0	9	0	35	2	0	15	16	0	0	28	29	5	84	63	17	2	2	53	75	6	42	29	107	1	44	10	1	13	0	0	10	109	132	15	27	8	2	17	12	17	17	55	4	24	32	6	48	59	19	124	0	7	3	51	16	122	76	36	205	87	0	4	28	12	0	5	0	0	0	0	22	77	0	152	5	0	0	0	36	36	65	0	2	0	8	0	3	0	66	1	0	142	0	0	5	1	0	52	2	0	0	0	0	23	12	9	0	48	43	3	8	32	1	2	0	0	7	72	32	0	0	44	152	87	195	7	21	13	42	0	0	18	170	64	1	4	55	3	0	50	0	105	12	15	111	3	23	13	2	199	101	191	301	10	72	18	24	21	32	0	8	16	3	0	48	64	0	80	3	8	21	51	1	43	36	12	0	48	48	12	47	33	52	245	76	0	40	6	0	0	60	62	48	61	2	3	30	5	2	39	1	108	159	94	0	21	78	68	32	0	160	50	43	162	55	2	28	128	95	0	158	0	44	205	22	22	73	0	137	70	45	2	16	0	46	162	84	1	6	47	137	140	41	91	106	101	80	58	25	60	34	32	34	0	3	10	73	55	354	0	289	157	89	138	134	142	53	116	7	1	94	11	3	102	87	90	45	31	45	0	259	50	2	291	27	61	5	63	9	119	84	34	0	127	102	224	152	151	69	64	80	86	21	0	1	0	86	79	220	29	15	76	69	292	5	9	25	22	141	125	168	0	4	3	132	49	206	112	6	20	44	113	14	17	10	109	24	45	115	9	69	24	8	125	3	1	109	69	71	228	82	16	18	32	60	6	58	119	0	0	3	78	0	65	150	38	118	102	16	303	69	28	19	7	96	39	161	0	114	74	134	76	21	77	140	191	152	74	21	25	40	25	4	22	45	32	144	102	47	28	60	39	2	192	153	132	241	129	39	173	39	68	10	16	212	74	145	23	8	116	35	28	113	67	0	113	70	157	118	39	199	98	37	33	134	195	94	7	288	237	141	17	55	133	110	16	45	133	113	105	81	9	227	45	94	35	74	213	118	50	7	112	23	178	89	18	114	60	106	38	223	53	0	173	1	279	14	54	102	48	0	175	77	351	256	21	14	47	2	62	138	146	84	16	144	57	16	58	209	124	3	204	34	58	29	4	42	22	60	166	73	156	72	44	221	135	110	9	242	28	129	87	198	139	206	73	74	31	125	71	39	21	107	82	35	142	41	165	254	29	33	218	62	368	349	226	15	5	148	80	32	175	77	273	80	142	97	0	195	72	45	9	150	1	35	122	93	101	102	1	10	11	52	19	107	104	181	143	200	185	256	177	36	85	96	77	184	76	17	61	153	100	41	44	162	80	60	114	103	35	75	77	48	52	80	92	79
3	0	0	0	0	0	0	6	0	0	0	0	0	0	0	0	0	0	0	0	0	0	0	0	0	0	0	0	0	0	0	0	0	0	0	0	0	0	0	0	0	0	0	0	0	0	0	0	0	0	0	0	0	0	0	0	0	0	0	0	0	0	0	0	0	0	0	0	0	0	0	0	0	0	0	0	0	0	0	0	0	0	0	0	0	0	0	0	0	0	0	0	0	0	0	0	0	0	0	0	0	8	0	0	0	0	0	0	0	0	0	0	0	0	0	7	0	0	0	0	0	0	0	0	0	0	0	0	0	0	0	0	0	0	0	0	0	0	0	0	0	0	0	0	0	2	0	0	0	0	0	0	0	0	0	0	0	0	0	0	0	0	0	0	0	0	0	0	0	0	0	0	0	0	0	0	0	0	0	0	0	0	0	0	0	0	0	0	0	0	0	0	0	0	0	0	0	0	0	0	0	0	10	14	0	0	0	0	0	0	0	0	4	0	0	0	0	0	0	4	0	0	0	0	186	0	0	0	0	37	0	0	0	0	17	0	0	23	0	0	0	1	0	0	0	3	0	0	0	0	0	0	66	264	0	0	0	5	0	0	0	0	0	0	0	0	0	0	0	0	0	0	0	0	0	0	0	0	0	0	0	0	0	0	0	76	0	0	0	9	0	0	0	0	0	0	0	0	0	0	0	0	303	0	0	0	0	0	0	0	0	0	0	0	0	0	81	0	0	0	36	0	0	19	0	0	181	69	0	0	7	0	0	26	0	0	1	53	7	85	55	1	0	0	21	4	17	8	100	0	0	0	0	0	0	3	0	0	0	26	1	13	45	0	0	0	0	0	124	0	0	0	61	9	36	0	0	0	127	0	3	0	0	0	129	187	105	3	0	0	0	0	0	18	0	105	0	0	0	0	98	138	0	0	0	13	0	0	0	0	10	68	72	0	93	2	99	84	0	0	0	2	246	30	0	0	0	0	54	86	78	6	43	0	222	238	103	47	46	202	21	11	226	163	39	74	0	0	0	58	145	0	18	0	87	80	102	45	150	0	68	113	0	0	7	9	0	0	0	30	217	95	41	0	44	78	1	88	15	41	0	120	0	49	216	0	0	32	11	122	25	0	20	0	341	81	24	0	1	0	97	59	78	298	0	28	77	127	2	6	23	0	0	55	133	0	0	0	79	17	5	124	0	0	75	49	54	2	0	133	2	89	82	162	101	0	0	0	2	0	241	38	49	41	62	33	0	50	1	0	28	103	4	0	2	20	0	6	23	182	67	110	34	65	97	254	66	0	16	7	66	0	0	32	20	158	0	0	72	92	99	131	0	82	28	36	130	66	85	0	82	59	164	0	42	0	0	83	0	192	383	110	219	133	56	37	334	124	64	111	5	163	0	65	0	131	333	40	0	167	61	149	67	118	37	55	197	145	44	279	98	0	35	71	187	0	61	51	45	192	75	110	133	0	154	114	75	10	85	38	131	64	96	22	0	63	252	189	0	0	48	170	18	17	74	0	23	40	0	139	52	27	95	97	0	275	255	34	14	38	0	71	0	36	78	244	123	0	119	23	0	20	59	147	84	68	212	284	248	0	23	76	13	91	172	22	59	38	52	119	93	69	54	180	40	157	25	262	63	16	15	60	32	162	53	134	84	95	15	89	17	42	0	167	77	27	0	175	61	57	190	0	169	40	192	32	0	130	259	141	117	0	57	37	0	189	70	0	147	14	145	60	147	0	10	103	182	60	37	4	64	14	27	40	31	40	93	87	30	76	55	71	99	35	61	177	104	20	25	157	108	86	50	0	0	466	68	79	104	69	90
4	0	0	0	0	0	0	0	0	0	0	0	0	0	0	0	0	0	0	0	0	0	0	0	0	0	0	0	0	0	0	0	0	0	0	0	0	0	0	0	0	0	0	0	0	0	0	0	0	0	0	0	0	0	0	0	0	0	0	0	0	0	0	0	0	0	0	0	0	0	0	0	0	0	0	0	0	0	0	0	0	0	0	0	0	0	0	0	0	0	0	0	0	0	0	0	0	0	0	0	0	0	0	0	0	32	0	0	0	0	0	0	0	0	0	0	0	0	0	0	0	0	0	0	0	0	0	0	0	0	0	0	0	0	0	0	0	0	0	0	0	0	0	0	0	0	0	0	0	0	0	0	0	0	0	0	0	0	0	0	0	0	0	0	0	0	0	0	0	0	0	0	0	0	0	0	0	0	0	0	0	0	0	0	0	0	0	38	0	0	0	0	0	0	0	0	0	0	0	0	0	0	0	0	0	0	0	0	0	0	0	0	0	0	0	0	0	0	17	0	0	0	0	0	0	0	0	0	0	0	0	0	0	0	0	0	0	0	0	0	0	0	0	0	0	0	0	0	0	0	0	0	0	0	0	0	0	0	0	0	0	0	0	0	0	0	0	0	0	0	0	0	0	0	0	0	0	0	0	0	0	0	0	0	0	0	0	0	0	0	0	0	0	0	0	0	0	0	0	0	0	0	2	0	0	0	0	0	0	0	0	0	0	0	0	0	3	0	0	0	13	0	0	0	0	0	0	0	0	0	0	0	0	1	0	0	0	6	0	0	0	90	0	0	0	0	0	0	6	0	0	0	0	0	0	0	0	0	0	48	5	0	1	0	0	0	0	0	0	0	0	0	3	0	0	0	0	0	2	0	0	0	0	0	0	23	0	0	0	0	6	0	0	0	0	4	0	0	0	0	0	0	0	0	0	0	0	0	0	0	7	0	5	0	0	0	0	100	1	0	0	0	0	0	0	0	0	0	24	3	0	0	0	0	13	70	60	2	0	2	0	0	0	0	62	4	0	0	0	0	0	0	0	0	2	0	0	0	1	0	0	0	0	0	0	0	0	0	0	1	0	0	0	0	7	112	0	50	96	0	0	12	0	0	0	0	0	0	0	4	6	0	0	0	25	0	0	0	0	0	12	0	2	0	0	0	0	89	0	0	0	0	0	180	6	0	0	0	0	0	0	0	0	0	0	0	0	24	0	4	0	0	4	0	0	0	0	0	0	0	1	4	0	0	27	0	0	4	4	0	5	0	0	2	0	308	0	0	96	37	0	21	0	159	8	0	0	0	0	0	0	0	0	2	0	0	0	0	0	1	0	5	0	21	0	45	56	0	0	0	1	3	21	0	0	0	0	5	0	0	7	21	32	2	0	1	1	3	38	3	0	0	0	61	0	0	0	9	0	0	0	76	0	0	69	0	0	90	14	1	36	0	5	13	21	0	0	65	5	0	5	0	0	0	7	1	7	1	77	0	0	93	0	8	0	44	0	53	0	0	0	8	0	0	103	0	0	25	0	9	0	0	0	6	0	0	0	0	0	0	0	69	0	66	75	0	73	0	28	0	0	0	1	0	0	40	0	7	0	0	0	4	1	0	12	5	0	0	60	259	4	0	0	14	0	5	6	0	0	35	0	0	5	192	0	3	0	2	5	2	38	29	0	0	48	10	0	2	33	4	2	0	42	0	0	0	0	55	0	83	0	0	110	0	0	3	0	0	14	15	0	17	2	0	10	3	0	40	0	0	1	98	3	0	0	49	0	0	37	0	7	0	7	3	79	42	16	0	0	1	0	3	3	0	0	100	1	20	0	4	0
5	0	6	0	0	0	0	0	0	0	0	0	0	0	0	0	0	0	0	0	0	0	0	0	0	0	0	0	0	0	0	0	0	0	0	0	0	0	0	0	0	0	0	0	0	0	0	0	0	0	0	0	0	0	0	0	0	0	0	0	0	0	0	0	0	0	0	0	0	0	0	0	0	0	0	0	0	0	0	0	0	0	0	0	0	7	0	0	0	0	0	0	0	0	0	0	0	0	0	0	0	0	0	0	0	0	0	0	0	13	0	0	0	0	0	0	0	0	0	0	0	0	0	0	0	0	0	0	0	0	0	0	0	0	0	0	0	0	0	0	0	0	0	0	0	0	0	10	0	0	0	0	0	0	0	0	0	0	0	0	0	0	0	0	44	0	0	0	0	0	0	0	0	0	0	0	0	0	0	0	0	0	0	0	0	17	0	0	0	0	0	0	0	0	0	0	0	0	0	0	0	0	0	0	0	0	4	0	0	0	0	0	0	0	0	0	0	0	7	0	0	0	0	0	39	1	84	0	0	2	0	0	0	0	0	0	0	6	0	0	0	0	0	0	0	0	0	0	0	0	0	0	62	120	0	0	0	0	0	0	0	0	0	0	0	40	0	8	0	0	0	0	0	0	0	0	0	0	0	0	0	0	0	0	0	0	0	0	0	0	0	0	0	0	0	0	0	0	0	0	0	0	134	0	0	0	0	0	0	0	0	0	0	0	0	12	46	0	0	0	6	0	0	28	0	0	45	124	1	0	0	0	0	123	49	0	16	0	0	0	32	0	2	0	47	155	25	0	78	0	0	0	0	0	0	0	0	0	0	299	74	38	154	1	0	0	0	0	59	0	0	0	84	0	0	0	1	0	45	0	115	38	0	0	112	149	13	61	0	0	80	0	0	1	0	67	0	0	0	4	9	23	0	0	39	61	39	0	0	7	136	134	175	0	39	0	130	165	0	0	0	7	56	87	54	0	23	0	50	94	83	0	24	59	24	17	86	103	53	26	170	15	80	139	413	56	0	0	0	89	30	0	111	0	58	59	18	22	142	4	127	45	0	20	0	63	0	0	0	75	14	40	93	0	190	38	0	78	92	69	0	64	0	68	107	0	0	78	158	13	136	0	79	0	117	81	83	0	0	0	205	53	12	87	0	122	146	140	8	10	109	0	0	97	76	0	0	0	142	0	93	12	0	0	0	52	107	72	1	35	6	114	77	63	166	0	21	0	18	0	187	79	39	1	405	84	40	170	79	0	13	67	0	0	0	95	0	0	29	349	40	95	92	69	89	74	74	53	16	53	146	0	0	174	39	70	0	31	131	30	112	129	0	15	21	27	0	179	49	0	32	20	29	0	40	0	0	113	0	134	53	58	153	29	0	46	42	143	240	120	7	87	0	114	41	121	77	321	0	53	179	98	23	172	127	75	46	221	166	109	105	0	47	50	85	0	9	156	184	0	106	216	257	0	160	32	25	90	81	94	110	164	171	132	0	61	89	85	0	16	0	72	11	68	58	0	81	181	0	38	0	44	45	104	0	52	27	9	7	282	0	134	0	15	65	7	115	0	97	153	0	85	21	129	65	100	51	0	87	0	101	109	157	63	10	170	44	129	121	24	19	16	87	99	52	39	120	22	41	89	174	0	149	15	0	126	0	95	56	109	233	170	0	94	37	8	49	91	68	93	153	0	44	89	24	177	105	50	192	69	28	0	59	0	0	123	65	38	109	171	166	45	98	0	254	74	92	13	54	63	61	47	143	28	36	82	90	88	75	100	85	87	117	72	64	136	171	138	184	70	65	93	62	1	0	129	290	76	107	40	83
6	0	0	0	0	0	0	0	0	0	0	0	0	0	0	0	0	0	0	0	0	0	0	0	0	0	0	0	0	0	0	0	0	0	0	0	0	0	0	0	0	0	0	0	0	0	0	0	0	0	0	0	0	0	0	0	0	0	0	0	0	0	0	0	0	0	0	0	0	0	0	0	0	0	0	0	0	0	0	0	0	0	0	0	0	0	0	0	0	0	0	0	0	0	0	0	0	0	0	0	0	0	0	0	0	0	0	0	0	0	0	0	0	0	0	0	0	0	0	0	0	0	0	0	0	0	0	0	0	0	0	0	0	0	0	0	0	0	5	0	0	0	0	3	0	0	0	0	0	0	0	0	0	0	0	0	0	0	0	0	0	0	0	0	0	0	0	0	0	0	0	0	0	0	0	0	0	0	0	0	0	0	0	0	0	0	0	0	0	0	0	0	0	0	0	0	0	0	0	0	0	0	0	0	0	0	0	0	0	0	0	0	0	0	0	0	0	0	0	0	0	0	0	0	99	7	77	0	0	0	0	0	0	0	0	0	0	58	0	0	0	0	0	0	0	0	0	0	4	0	0	0	29	141	0	0	0	0	0	0	0	0	0	0	0	0	0	0	0	0	0	0	2	0	0	0	0	0	0	0	0	0	0	0	4	43	0	0	0	0	0	0	0	0	0	0	0	0	0	0	0	0	33	0	0	0	0	0	0	0	0	2	0	0	0	1	190	0	0	0	1	0	0	5	0	0	40	27	0	0	12	0	0	117	0	0	0	0	0	0	55	0	0	0	223	11	34	0	78	0	6	0	0	0	0	0	0	0	0	27	29	59	2	0	16	0	0	0	41	0	0	0	30	35	0	0	2	0	124	0	68	0	0	0	39	186	34	17	0	0	3	0	0	16	0	60	19	4	0	0	3	9	0	7	138	21	0	0	0	3	10	28	52	0	112	0	91	88	0	0	0	0	46	90	0	0	0	0	11	40	138	18	5	204	180	89	122	132	83	63	140	56	44	82	130	118	0	0	0	126	154	0	69	0	36	223	157	71	71	1	7	46	107	0	0	67	0	0	1	19	51	78	124	0	226	108	0	107	93	90	0	29	0	20	117	0	0	70	0	51	23	0	28	0	96	5	50	0	0	0	106	125	66	66	0	111	87	40	6	5	0	0	2	134	66	0	0	0	23	6	0	27	0	0	0	34	239	13	0	37	0	30	123	88	35	0	0	0	33	0	84	23	142	0	47	47	0	2	57	0	191	13	7	0	1	73	0	0	51	18	111	100	28	139	289	121	173	6	25	6	37	0	0	93	49	166	0	17	46	39	89	104	0	40	27	66	4	250	25	0	98	57	55	0	142	0	0	27	0	47	162	143	34	29	0	196	205	20	68	99	66	156	0	61	54	92	62	185	0	46	106	118	85	194	153	189	63	156	49	60	72	0	101	78	55	0	30	89	206	29	98	8	52	0	127	49	48	123	277	14	20	48	137	42	27	123	62	92	0	0	0	22	123	135	59	0	188	77	0	276	5	16	43	42	0	3	123	0	25	103	0	60	0	147	97	114	48	2	18	119	0	55	61	12	68	156	17	73	115	0	94	183	136	24	13	151	31	30	22	79	149	56	16	135	33	92	102	10	41	15	47	0	34	204	7	40	0	98	129	87	96	43	2	39	86	45	2	302	86	204	44	0	115	88	142	167	5	166	49	8	127	9	160	0	2	39	92	20	103	233	105	154	74	0	12	62	9	19	70	0	4	102	38	237	126	22	24	65	22	195	46	42	47	96	214	29	144	48	60	64	26	23	143	0	0	322	166	120	137	121	112
7	0	0	0	0	0	0	0	0	0	0	0	0	0	0	0	0	0	0	0	0	0	0	0	0	0	0	0	0	0	0	0	0	0	0	0	0	0	0	0	0	0	0	0	0	0	0	0	0	0	0	0	0	0	0	0	0	0	0	0	0	0	0	0	0	0	0	0	0	0	0	0	0	0	0	0	0	0	0	0	0	0	0	0	0	0	0	0	0	0	0	0	0	0	0	0	0	0	0	0	0	0	0	0	0	0	0	0	0	0	0	0	0	0	0	0	0	0	0	0	0	0	0	0	0	0	0	0	0	0	0	0	0	0	0	0	0	0	0	0	0	0	0	0	0	0	0	0	0	0	0	0	20	0	0	0	0	0	0	0	0	18	0	0	0	0	0	0	0	0	9	0	0	0	0	0	0	0	0	0	0	0	0	0	0	0	14	0	0	0	0	0	0	1	0	0	0	0	0	0	0	0	1	0	0	0	0	0	0	0	0	0	0	0	0	0	0	0	0	16	17	0	0	0	25	1	1	0	0	0	0	0	0	0	0	0	0	0	0	0	0	0	0	0	0	0	0	0	0	0	0	0	26	267	0	0	0	0	0	0	0	0	2	0	0	0	0	0	0	0	0	0	0	0	0	0	0	0	0	0	0	0	0	0	0	0	0	0	0	0	0	0	0	0	0	0	0	1	0	0	0	0	4	0	0	0	0	0	0	0	0	0	0	0	0	0	16	0	0	0	0	0	0	0	0	0	98	34	0	3	0	0	0	71	79	55	0	0	0	0	9	0	16	0	4	0	55	9	83	0	0	0	0	0	0	0	0	0	0	27	0	47	90	0	0	0	0	0	104	0	0	0	83	0	0	0	9	0	99	0	84	0	0	0	33	110	20	15	0	0	41	0	0	10	0	183	0	0	0	0	358	117	0	0	8	42	0	0	0	18	176	20	62	0	65	0	70	213	0	7	0	0	57	32	0	0	0	0	120	26	125	0	0	98	96	83	88	20	13	30	367	105	185	56	93	86	0	0	0	151	137	0	91	0	163	13	91	99	108	0	62	159	0	0	0	243	0	0	0	72	95	145	116	0	85	16	0	93	158	165	0	107	0	72	152	0	0	77	6	86	104	0	315	0	120	38	80	0	0	0	165	5	82	50	1	53	61	43	1	0	22	0	0	7	132	8	0	0	91	0	0	112	0	0	1	109	78	2	0	82	0	97	143	175	29	0	0	2	1	0	184	155	57	33	258	44	0	190	103	0	68	59	16	0	0	77	0	0	2	100	22	46	134	229	127	118	118	0	34	17	169	0	10	45	54	34	0	0	297	29	44	198	0	111	205	124	26	46	16	0	113	72	32	0	26	0	0	115	0	46	96	203	25	207	0	101	121	35	56	168	35	55	0	70	0	41	93	30	0	62	79	28	116	198	40	66	199	143	67	68	78	0	6	48	51	0	85	59	4	5	49	96	142	0	75	169	27	93	44	39	0	21	43	117	0	60	184	68	0	0	3	75	161	306	25	0	2	188	0	76	23	32	277	139	9	8	15	0	22	34	0	60	0	20	234	145	47	0	53	162	0	21	134	76	177	113	225	237	36	0	33	48	90	92	136	89	44	164	125	34	115	6	34	54	81	67	82	133	195	131	114	0	163	116	4	76	0	191	184	159	147	65	161	53	61	174	0	248	128	107	188	0	119	94	172	459	15	29	63	60	35	0	105	13	0	58	50	7	203	129	53	65	92	0	48	280	121	147	193	28	83	175	36	88	27	44	97	112	91	58	47	108	71	67	28	43	91	25	100	306	141	121	48	0	1	32	37	200	177	262	170
8	0	0	0	0	0	0	0	0	37	0	0	0	0	0	0	0	0	0	0	0	0	0	0	0	0	0	0	0	0	0	0	0	0	0	0	0	0	0	0	0	0	0	0	0	0	0	0	0	0	0	0	0	0	0	0	0	0	0	0	0	0	0	0	0	0	0	0	0	0	0	0	0	0	0	0	0	0	0	0	0	0	0	0	0	0	0	0	0	0	0	0	0	0	0	0	0	0	0	0	0	0	0	0	0	0	110	0	0	0	0	19	0	0	0	0	0	0	0	0	0	0	0	0	0	0	0	0	0	0	0	0	0	0	0	0	0	0	0	0	0	0	0	0	0	0	0	0	0	0	0	0	0	0	0	0	0	0	0	0	0	0	0	0	0	0	0	0	0	0	0	0	0	0	0	0	0	0	0	4	0	0	0	0	0	49	0	0	0	0	0	0	0	0	0	0	0	0	0	0	0	0	0	42	0	0	0	0	0	0	0	0	0	0	0	0	0	0	286	0	0	0	0	0	151	0	130	0	0	0	0	0	0	0	0	0	0	0	0	0	0	0	0	0	0	0	0	0	24	0	19	0	2	0	0	0	0	0	0	0	0	0	0	0	0	0	0	0	0	0	0	0	0	0	0	0	0	0	0	0	0	0	0	0	0	0	0	0	0	0	0	0	0	0	0	0	0	0	0	0	0	0	45	0	0	26	0	0	0	0	0	1	0	0	0	8	3	0	0	0	0	0	0	106	0	0	23	61	0	0	0	0	0	27	0	0	0	29	0	0	0	0	6	0	46	0	155	0	0	0	0	0	0	0	0	27	0	0	0	94	0	16	16	0	80	0	0	0	55	0	0	0	103	7	0	0	4	0	108	0	4	0	0	0	175	81	43	0	0	0	23	0	0	0	0	96	0	0	0	2	11	142	0	0	0	1	44	0	0	9	15	176	78	0	64	0	21	16	0	0	0	1	58	74	0	0	0	0	55	52	65	0	0	6	156	48	240	121	121	88	102	0	78	0	174	249	69	5	0	153	18	0	53	0	130	64	149	53	77	0	2	64	0	16	25	22	0	0	0	147	22	204	296	3	39	223	0	84	38	14	2	109	0	220	65	0	0	64	38	53	49	0	105	0	64	0	178	0	0	34	138	2	96	178	0	138	124	85	1	9	95	0	0	128	48	0	0	0	90	1	0	1	52	0	0	42	90	0	0	70	1	72	225	251	7	1	0	0	0	0	49	40	165	82	73	44	0	29	19	22	76	0	0	0	0	50	2	0	32	53	139	40	70	71	10	170	44	0	61	21	260	0	0	26	33	180	0	74	30	144	136	11	0	50	0	14	0	122	68	0	34	62	67	0	128	0	0	24	0	36	101	95	119	425	26	157	20	45	159	15	15	194	0	39	68	27	97	82	0	50	47	55	206	365	29	0	77	146	126	26	34	0	73	65	353	0	40	64	31	3	324	92	170	0	49	140	56	104	47	16	0	162	11	82	0	82	40	29	0	7	0	174	157	64	108	0	0	59	0	70	44	32	66	27	0	82	5	0	14	100	0	139	0	349	39	55	23	0	63	14	0	55	115	62	52	210	28	35	48	0	82	96	17	1	68	137	60	84	40	170	78	15	90	92	225	235	68	117	62	50	45	0	51	28	0	47	0	54	61	110	34	166	0	117	185	101	0	20	94	157	44	0	193	63	100	81	13	349	39	39	163	0	91	74	0	69	118	53	188	62	13	121	29	0	56	254	51	194	126	18	164	60	114	31	13	348	5	13	72	129	279	76	102	25	55	261	80	224	61	23	95	95	120	0	40	51	63	100	127	133	218
9	0	0	0	0	0	0	0	0	0	0	0	0	0	0	0	0	0	0	0	0	0	0	0	0	0	0	0	0	0	0	0	0	0	0	0	0	0	0	0	0	0	0	0	0	0	0	0	0	0	0	0	0	0	0	0	0	0	0	0	0	0	0	0	0	0	0	0	0	0	0	0	0	0	0	0	0	0	0	0	0	0	0	0	0	0	0	0	0	0	0	0	0	0	0	0	0	0	0	0	0	0	0	0	0	0	0	0	0	0	0	0	0	0	0	0	0	0	0	0	0	0	0	0	0	0	0	0	0	0	0	0	0	0	0	0	0	0	0	0	0	0	0	0	0	0	0	0	0	0	0	0	0	0	0	0	0	0	0	0	0	0	0	0	0	0	0	0	0	0	0	0	0	0	0	0	0	0	0	0	0	0	0	0	0	0	0	0	0	0	0	0	0	0	0	0	0	0	0	0	0	0	0	0	0	0	0	0	0	0	0	0	0	0	0	0	0	0	0	0	0	0	0	0	0	0	0	0	0	0	0	0	0	0	0	0	0	0	0	0	0	0	0	0	0	0	0	0	0	0	0	0	0	72	0	0	0	0	0	0	0	0	0	0	0	0	0	0	0	0	0	0	0	0	0	0	0	0	0	0	0	0	0	0	0	0	0	0	0	0	0	0	0	0	0	0	0	0	0	0	0	0	0	0	0	24	0	0	0	0	0	0	0	0	0	0	0	0	0	0	0	0	0	0	0	0	0	0	0	0	0	0	0	0	0	0	0	0	0	0	0	0	0	0	8	0	0	0	0	0	0	0	0	0	0	0	0	0	0	0	0	0	0	6	0	0	0	0	0	0	0	0	56	2	0	0	0	0	0	0	24	0	0	0	0	59	0	0	0	0	0	0	0	0	0	0	0	0	0	43	6	23	0	0	0	0	0	0	0	0	112	0	0	0	9	0	0	0	0	0	0	0	0	0	0	0	0	0	0	64	0	0	0	0	61	0	110	9	0	0	0	0	0	0	0	10	0	0	0	2	74	0	1	0	3	0	10	2	57	0	0	0	0	0	0	0	0	0	0	0	0	99	54	0	0	47	0	1	115	0	0	59	0	0	1	0	0	48	0	15	203	0	13	0	169	0	2	0	0	0	58	0	16	0	0	0	0	56	0	8	0	0	0	125	0	0	0	0	0	48	0	0	0	0	0	0	0	0	0	0	0	0	0	0	0	0	0	0	0	0	29	0	0	0	99	0	0	2	27	16	0	0	0	0	0	62	0	0	0	68	0	39	0	143	0	120	0	0	0	0	3	0	0	2	72	19	0	0	1	161	1	9	0	7	0	98	0	51	83	0	68	0	54	0	0	0	0	22	0	35	33	20	67	75	0	17	0	0	70	23	0	63	0	83	0	61	0	11	0	208	0	31	4	1	59	38	0	83	287	10	17	0	94	2	0	0	34	10	65	1	118	168	261	0	41	0	0	59	17	0	0	51	18	32	0	21	0	43	0	0	0	42	0	0	2	0	0	23	0	4	0	0	78	20	0	31	13	0	0	0	0	9	0	20	240	0	23	0	33	35	0	0	37	0	0	174	0	0	0	0	0	0	0	14	2	35	35	14	21	52	48	0	0	86	0	59	73	0	161	0	127	0	111	105	0	192	0	0	39	137	5	43	0	0	33	35	0	71	132	518	69	0	205	0	26	0	0	128	106	55	0	0	83	0	0	158	59	0	62	79	0	38	0	0	0	4	68	42	152	0	100	254	225	56	263	109	0	7	35	214	109	6	0	0	98	223	5	46	24	50	0	82	93	0	0	37	6	0	0	0	0
10	0	0	0	0	0	0	0	0	0	0	0	0	0	0	0	0	0	0	0	0	0	0	0	0	0	0	0	0	0	0	0	0	0	0	0	0	0	0	0	0	0	0	0	0	0	0	0	0	0	0	0	0	0	0	0	0	0	0	0	0	0	0	0	0	0	0	0	0	0	0	0	0	0	0	0	0	0	0	0	0	0	0	0	0	0	0	0	0	0	0	0	0	0	0	0	0	0	0	0	0	0	0	0	0	0	0	0	0	0	0	0	0	0	0	0	0	0	0	0	0	0	0	0	0	0	0	0	0	0	0	0	0	0	0	0	0	0	0	0	0	0	0	0	0	0	0	0	0	0	0	0	0	0	0	0	0	0	0	0	0	0	0	0	0	0	0	0	0	0	0	0	0	0	0	0	0	0	0	0	0	0	0	0	0	0	0	0	0	0	0	0	0	0	0	0	0	0	0	0	0	0	0	0	0	0	0	0	0	0	0	0	0	0	0	0	0	0	0	0	0	0	0	0	8	0	0	0	0	0	0	0	0	0	0	0	0	0	0	0	0	0	0	0	0	0	0	0	0	0	0	0	0	0	40	0	0	0	0	0	0	0	0	0	0	0	0	0	0	0	0	0	85	0	0	0	0	0	0	0	0	0	0	0	0	0	0	0	0	0	0	0	0	0	0	0	0	0	0	0	0	0	0	0	0	0	0	0	0	0	0	0	0	0	0	0	0	0	0	0	0	0	0	1	0	0	0	0	0	0	0	0	0	7	0	0	0	7	0	0	0	0	0	0	0	0	3	0	22	0	0	0	0	0	0	0	0	0	0	0	0	0	0	0	0	0	0	0	0	0	0	0	0	0	0	0	0	0	55	0	0	0	0	0	0	3	0	0	0	0	0	0	0	0	0	0	0	0	0	0	0	0	2	0	0	0	0	0	0	0	77	12	3	0	0	0	0	0	0	0	0	0	0	0	0	0	0	0	0	29	0	0	0	0	163	0	42	46	0	0	0	0	0	0	4	3	0	0	0	0	0	0	0	0	9	59	7	4	0	0	3	4	0	0	0	1	0	0	0	0	0	0	40	0	0	2	0	0	0	0	0	40	0	91	0	0	0	18	0	0	109	0	46	0	43	0	1	0	0	0	0	0	0	0	0	0	0	25	0	10	0	0	0	73	0	0	0	0	0	0	0	0	0	0	0	0	26	0	0	0	0	0	0	0	0	0	4	0	0	0	11	7	1	8	176	0	0	0	161	0	0	7	0	13	0	197	0	0	0	69	0	92	0	202	0	23	0	0	0	0	1	0	19	4	30	21	0	0	0	23	0	157	0	1	0	156	0	273	87	0	11	0	0	0	0	0	23	0	0	0	0	204	20	84	0	14	0	8	114	9	0	156	0	57	0	104	1	8	0	75	0	275	1	0	68	38	0	181	17	25	106	0	211	0	0	0	0	134	150	0	140	32	56	0	78	0	0	116	66	21	0	80	59	13	0	89	0	196	0	0	0	85	0	0	9	1	0	21	0	0	0	2	67	34	0	0	7	0	0	0	0	0	0	146	118	0	31	0	76	102	0	0	71	0	0	221	1	0	0	0	0	28	0	0	0	84	45	57	0	21	0	3	3	87	23	148	75	0	17	0	74	0	87	89	0	0	0	0	0	83	0	26	0	0	266	0	0	64	136	166	4	0	86	43	5	0	0	391	15	98	1	0	135	0	0	21	5	0	73	16	0	35	0	0	0	20	56	151	40	0	80	157	184	0	49	69	0	0	157	76	34	1	2	14	0	98	0	33	0	48	0	45	267	0	0	97	0	0	0	0	0
11	0	0	0	0	0	0	0	0	0	0	0	0	0	0	0	0	0	0	0	0	0	0	0	0	0	0	0	0	0	0	0	0	0	0	0	0	0	0	0	0	0	0	0	0	0	0	0	0	0	0	0	0	0	0	0	0	0	0	0	0	0	0	0	0	0	0	0	0	0	0	0	0	0	0	0	0	0	0	0	0	0	0	0	0	0	0	0	0	0	0	0	0	0	0	0	0	0	0	0	0	0	0	0	0	0	0	0	0	0	0	0	0	0	0	0	0	0	0	0	0	0	0	0	0	0	0	0	0	18	0	0	0	0	0	0	0	0	0	0	0	0	0	0	20	0	0	0	0	0	0	0	0	0	0	0	0	0	1	0	0	0	0	0	0	0	0	0	0	0	0	0	0	0	0	0	0	0	0	0	8	0	2	0	0	0	0	0	0	0	0	0	0	0	0	0	0	0	0	0	0	0	0	0	0	0	0	41	0	0	0	0	0	0	0	0	0	0	34	0	0	0	0	0	0	0	0	0	0	0	0	0	0	13	0	0	9	0	0	0	0	0	0	0	0	0	0	0	8	0	0	0	0	0	0	0	0	0	0	0	0	0	1	0	0	0	0	0	0	0	0	0	0	0	0	0	0	0	0	4	0	0	0	0	0	0	0	0	0	0	0	0	0	0	0	0	0	0	0	120	0	0	0	0	0	0	0	0	0	0	0	0	0	3	0	0	0	0	0	0	0	0	0	0	0	0	5	0	1	3	0	11	0	0	0	115	0	16	11	0	0	0	0	0	0	0	0	0	0	0	0	0	0	27	0	0	0	0	40	0	0	0	0	0	35	0	0	0	2	0	0	0	0	0	0	0	0	1	0	0	0	0	0	0	0	0	0	0	0	0	0	0	0	0	0	0	0	0	0	0	0	1	0	0	0	0	0	0	0	0	15	0	0	0	0	0	0	0	5	0	0	0	0	27	0	0	0	0	0	0	0	0	0	0	205	0	0	0	0	0	0	0	0	0	0	0	0	0	0	0	0	0	0	0	0	0	0	32	0	0	0	0	0	0	0	0	0	0	13	0	0	0	0	0	0	0	0	0	0	0	0	0	0	0	0	0	0	0	0	0	114	0	0	0	46	0	0	0	0	29	0	0	0	0	0	0	0	42	0	7	0	0	0	0	2	0	0	0	0	0	0	0	0	0	0	0	0	0	0	0	0	0	0	0	0	0	0	0	0	0	55	0	0	0	77	0	0	0	68	0	12	0	0	0	0	104	0	0	0	0	0	23	0	116	0	65	0	0	0	0	2	0	0	0	0	0	0	0	0	2	0	56	0	0	0	11	0	21	73	1	0	0	0	3	0	0	0	0	0	0	0	78	43	43	0	0	0	0	22	60	0	198	0	22	0	78	0	1	0	74	0	0	0	0	55	125	0	186	25	0	27	0	52	0	0	0	0	229	126	0	172	0	57	0	37	0	0	137	0	0	0	70	0	0	0	0	0	130	0	0	0	0	0	0	0	0	0	2	0	0	0	0	170	0	0	0	0	0	0	0	0	0	0	23	64	0	0	0	0	18	0	0	81	0	0	17	0	0	0	0	0	0	0	0	0	0	119	0	0	0	0	81	0	125	0	0	180	0	80	0	185	1	27	56	0	88	0	0	0	259	0	128	0	0	126	0	0	284	50	304	75	0	0	99	4	0	0	91	37	43	0	0	74	0	0	59	0	0	1	88	0	226	0	0	1	37	161	83	18	0	51	92	103	0	31	0	0	0	210	3	122	0	0	0	0	197	0	60	0	214	0	240	69	0	0	120	0	0	0	0	0
12	0	0	0	0	0	0	0	0	0	0	0	0	0	0	0	0	0	0	0	0	0	0	0	0	0	0	0	0	0	0	0	0	0	0	0	0	0	0	0	0	0	0	0	0	0	0	0	0	0	0	0	0	0	0	0	0	0	0	0	0	0	0	0	0	0	0	0	0	0	0	0	0	0	0	0	0	0	0	0	0	0	0	0	0	0	0	0	0	0	0	0	0	0	0	0	0	0	0	0	0	0	0	17	0	0	0	0	0	0	0	0	0	0	0	0	0	0	0	0	20	0	0	0	0	0	0	0	25	0	0	0	0	0	0	0	0	0	0	0	0	0	0	0	31	0	0	0	0	0	0	0	0	6	0	0	0	54	0	0	0	0	0	0	0	0	0	0	0	0	0	0	0	0	0	0	0	0	0	0	0	0	0	0	0	0	0	0	2	0	0	0	0	0	0	0	0	0	0	0	0	0	0	0	0	0	0	0	0	0	0	0	0	0	0	0	0	0	0	15	0	0	0	0	0	0	0	0	0	0	0	0	0	0	0	0	0	0	0	0	0	0	0	0	0	0	1	0	0	0	0	3	0	0	0	0	0	0	0	0	0	0	0	0	0	0	0	0	0	0	0	0	0	0	0	0	0	0	0	1	0	0	0	0	0	0	0	0	0	0	0	0	0	0	0	0	0	0	5	0	0	0	0	0	0	0	0	0	0	0	0	0	0	0	0	0	0	0	0	0	0	0	0	0	0	0	0	0	0	0	0	0	0	0	0	0	0	0	0	0	0	0	0	0	0	0	0	0	0	0	0	0	0	0	0	0	0	0	0	0	0	0	0	0	0	14	0	0	0	0	0	0	0	0	0	0	0	0	0	0	0	0	0	0	0	0	0	0	0	0	0	0	0	0	0	0	0	0	0	0	0	0	0	0	0	0	0	0	0	0	126	0	0	25	0	0	0	0	15	0	0	0	0	0	0	0	0	0	0	0	0	0	0	0	128	0	0	0	0	0	0	0	0	0	0	0	0	0	0	1	0	0	0	0	0	0	0	0	25	0	0	0	0	0	0	0	0	0	0	0	0	0	0	0	0	0	0	0	0	0	0	3	0	0	0	0	0	0	0	0	61	0	0	0	69	0	0	0	0	0	0	0	0	0	0	0	0	29	0	0	0	0	0	0	0	0	0	0	0	0	0	0	0	0	0	0	0	0	0	0	0	0	0	0	0	0	0	0	0	0	70	0	0	0	30	0	0	0	36	0	0	0	2	0	0	12	0	0	0	0	9	74	70	15	0	125	0	0	0	0	0	0	0	12	0	0	0	0	0	0	0	16	0	0	0	37	0	16	128	0	0	0	0	0	0	9	1	0	0	0	0	215	168	198	0	0	0	5	2	2	0	61	0	409	0	78	0	0	0	27	0	37	0	0	141	93	0	116	40	1	126	0	96	0	0	0	0	84	17	0	0	0	41	0	150	0	0	191	0	0	0	159	8	4	0	0	0	25	0	0	0	0	0	0	0	0	0	0	0	0	0	0	31	0	0	0	0	2	0	0	0	0	0	85	43	0	7	0	0	21	0	0	31	0	0	50	11	0	0	0	0	12	0	0	0	118	65	0	0	0	0	14	0	52	0	0	106	5	171	2	91	0	63	45	0	13	0	0	0	219	2	35	0	0	39	0	0	81	71	62	74	0	8	67	0	0	0	84	217	44	0	0	29	0	0	39	0	0	59	61	0	29	0	0	28	19	81	177	10	0	91	32	312	0	73	0	0	4	32	154	8	0	0	0	0	234	0	153	0	158	0	100	162	0	0	189	0	0	0	0	0
13	0	0	0	0	0	0	0	0	0	0	0	0	0	0	0	0	0	0	0	0	0	0	0	0	0	0	0	0	0	0	0	0	0	0	0	0	0	0	0	0	0	0	0	0	0	0	0	0	0	0	0	0	0	0	0	0	0	0	0	0	0	0	0	0	0	0	0	0	0	0	0	0	0	0	0	0	0	0	0	0	0	0	0	0	0	0	0	0	0	0	0	0	0	0	0	0	0	0	0	0	0	0	0	0	0	0	0	0	0	0	0	0	0	0	0	0	0	0	6	0	0	0	0	0	0	0	0	0	0	0	0	0	0	0	0	0	0	0	0	0	0	0	0	0	0	0	3	0	0	0	0	0	0	0	0	0	0	0	0	0	0	0	0	0	0	0	0	0	0	0	0	0	0	0	0	0	0	0	0	5	0	0	0	0	0	0	0	0	0	0	0	0	0	0	0	0	0	0	0	0	0	0	0	0	0	15	0	0	0	0	0	0	0	0	0	0	0	0	0	0	0	0	0	0	0	0	0	0	0	0	0	0	0	0	0	0	0	0	0	4	0	0	0	0	0	0	0	0	0	0	0	0	0	0	6	0	0	7	0	0	0	0	0	0	0	0	0	0	0	0	0	0	0	0	0	0	0	0	0	0	0	0	0	0	0	0	0	0	0	0	0	0	0	0	0	49	0	0	0	0	0	0	0	0	0	0	0	0	0	0	0	0	0	0	0	0	0	0	0	0	0	0	0	0	0	0	0	0	0	0	0	20	0	0	0	0	0	0	0	0	0	0	0	0	0	0	0	0	0	0	0	0	0	0	0	14	0	0	0	0	0	0	0	0	0	0	0	0	0	17	0	0	0	0	0	0	0	0	0	0	0	0	0	0	0	0	0	0	0	0	0	0	0	0	0	0	0	0	0	0	0	0	0	0	0	0	0	0	0	68	0	0	0	0	0	0	0	0	0	0	0	0	0	0	0	0	0	0	0	0	0	0	0	34	0	32	0	0	0	0	0	0	0	0	0	0	0	0	0	0	0	0	0	0	0	0	0	2	0	0	0	3	0	0	0	0	0	0	0	0	0	0	0	0	0	0	0	0	0	0	0	0	0	0	0	0	0	0	0	187	0	0	0	21	0	0	0	0	19	0	0	0	3	0	0	0	42	0	0	0	0	0	23	0	0	0	0	0	0	0	0	0	0	0	0	0	0	0	0	0	0	0	0	0	0	0	0	0	0	88	19	0	0	233	0	0	0	47	0	0	0	0	0	0	16	0	0	0	0	0	8	0	72	0	91	0	0	0	0	0	0	0	0	0	0	0	0	0	36	0	33	0	0	0	16	0	32	142	0	0	0	0	0	0	0	0	0	0	0	0	10	63	56	0	0	0	0	50	10	0	22	0	25	0	193	0	4	0	115	0	0	0	0	69	44	0	136	60	45	67	1	80	0	0	0	0	181	22	0	0	0	214	0	162	0	0	100	0	0	0	79	99	0	0	0	0	49	0	0	0	0	0	0	0	0	0	5	0	0	0	0	134	0	0	0	0	0	0	0	39	0	70	62	46	0	0	0	14	108	0	0	90	0	0	98	0	0	0	0	0	0	0	0	0	0	113	0	0	23	0	0	0	54	0	10	129	0	6	0	74	2	41	237	0	74	0	0	0	205	0	33	0	0	70	0	0	56	68	323	31	1	0	37	0	0	0	37	154	2	0	0	124	0	0	86	0	0	127	123	0	343	0	0	0	0	31	1	0	0	172	217	156	0	64	17	0	0	162	183	154	6	8	31	0	93	16	21	0	244	0	24	28	0	0	0	0	0	0	0	0
14	0	0	0	0	0	0	0	0	0	0	0	0	0	0	0	0	0	0	0	0	0	0	0	0	0	0	0	0	0	0	0	0	0	0	0	0	0	0	0	0	0	0	0	0	0	0	0	0	0	0	0	0	0	0	0	0	0	0	0	0	0	0	0	0	0	0	0	0	0	0	19	0	0	0	0	0	0	0	0	0	0	0	0	0	0	0	0	0	0	0	0	0	0	0	0	0	0	0	0	0	0	0	0	0	0	0	0	0	0	0	0	0	0	0	0	0	0	0	0	0	0	0	0	0	0	0	0	0	0	0	0	0	0	0	0	0	0	0	0	0	0	0	0	0	0	0	3	0	10	0	0	0	0	0	0	0	0	0	0	0	0	0	0	0	0	0	0	0	0	0	0	0	0	0	0	0	0	0	0	0	0	0	0	0	0	1	0	0	0	0	0	0	0	0	0	0	0	0	0	0	0	0	0	0	0	0	0	0	1	0	0	0	0	0	0	0	0	0	0	0	0	0	0	0	5	0	0	0	0	0	0	0	0	0	0	0	0	0	0	0	0	0	0	0	0	0	0	0	0	0	0	0	0	0	0	0	0	0	0	0	0	0	0	0	0	0	0	0	0	0	0	0	0	0	0	0	0	0	0	0	0	0	0	0	0	0	4	0	0	0	0	0	0	0	0	0	0	0	0	0	0	0	0	0	0	0	0	0	0	0	0	0	0	0	0	0	0	0	0	0	0	10	0	0	0	0	0	0	0	0	0	0	0	0	0	0	0	0	0	0	0	0	0	0	0	0	11	0	0	0	0	0	0	0	0	0	0	0	0	0	0	0	0	0	0	0	0	0	0	0	0	0	0	0	0	0	1	5	0	0	0	0	0	0	0	0	0	0	0	0	0	0	0	0	0	0	0	0	0	0	0	0	0	0	0	0	0	0	0	111	0	0	0	0	0	0	2	0	0	0	0	0	0	1	0	0	0	0	0	0	0	0	0	29	0	4	0	0	0	0	0	0	0	0	0	0	0	0	0	0	0	0	0	0	0	0	0	0	0	0	0	0	0	0	0	0	0	0	0	0	0	0	0	0	0	0	0	0	0	0	0	0	0	0	0	23	0	0	0	95	0	0	0	13	0	0	0	0	0	0	0	0	0	0	1	5	273	0	0	0	0	0	0	0	0	0	0	0	7	0	0	3	0	9	0	0	0	0	0	0	0	0	0	0	0	0	0	0	22	60	18	0	0	135	0	0	0	148	0	0	0	0	0	0	9	0	0	60	0	0	209	0	19	0	69	0	0	0	0	0	0	0	0	0	0	0	0	0	29	0	124	0	0	0	65	0	106	25	0	0	1	0	0	0	0	0	0	0	0	0	208	77	17	0	0	0	90	55	18	0	75	0	205	0	99	0	0	0	190	0	0	0	0	48	75	0	125	75	0	172	0	58	6	0	0	0	141	54	0	22	0	186	0	284	0	0	6	21	0	0	34	0	4	0	0	0	43	0	0	0	0	0	0	52	0	0	0	0	0	0	0	193	0	0	0	0	0	0	0	0	0	0	24	236	0	0	0	24	9	0	0	126	0	0	164	0	0	0	0	0	0	0	0	0	0	280	0	0	45	0	8	0	79	0	0	70	0	76	0	4	0	86	40	0	67	0	0	12	361	0	185	0	0	46	0	0	51	16	132	113	0	0	128	2	0	10	76	56	34	0	22	10	0	0	190	0	0	69	150	0	132	1	0	121	1	97	24	10	0	69	81	201	0	121	0	0	0	41	59	119	0	0	0	0	110	0	26	0	152	0	59	14	0	0	42	0	0	0	0	0
15	0	0	0	0	0	0	0	0	0	0	0	0	0	0	0	0	0	0	0	0	0	0	0	0	0	0	0	0	0	6	0	0	0	0	0	0	0	0	0	0	0	0	0	0	0	0	0	0	0	0	0	0	0	0	0	0	0	0	0	0	0	0	0	0	0	0	0	13	0	0	0	0	0	0	0	0	0	0	0	0	0	0	0	0	0	0	0	0	0	0	0	0	0	0	0	0	0	0	0	0	0	0	2	0	0	0	0	0	0	0	0	0	0	0	0	0	0	0	0	0	0	0	0	0	0	0	0	0	0	0	0	0	0	5	0	0	0	0	0	0	0	6	0	0	0	0	0	0	0	0	0	0	0	0	0	0	0	0	0	0	0	0	0	0	0	0	0	0	0	0	0	0	0	0	0	0	0	0	0	0	0	0	0	0	0	0	0	0	0	0	0	0	0	0	0	0	0	0	0	0	0	0	0	0	0	0	0	0	0	0	0	0	0	0	0	0	0	0	1	0	2	0	0	0	0	0	0	0	0	0	0	0	0	0	0	0	0	0	0	0	0	0	0	0	0	0	0	0	0	0	0	0	0	0	0	0	0	0	0	0	0	0	3	0	0	0	0	0	0	0	0	0	0	0	0	0	1	0	0	0	0	0	0	0	0	0	0	0	1	0	0	0	9	0	0	0	0	0	0	0	0	0	0	0	0	0	0	0	0	0	0	0	0	0	0	0	0	0	0	0	0	0	0	0	1	0	0	16	0	0	0	0	0	0	0	0	0	0	0	0	0	0	0	0	0	0	0	0	0	0	0	0	0	0	0	0	0	0	0	0	0	0	0	0	0	0	0	0	0	0	0	0	0	0	0	0	0	0	0	0	0	0	0	0	0	0	0	0	0	0	0	0	0	0	0	0	0	0	0	0	0	0	0	0	0	2	0	0	0	73	0	0	0	0	1	0	0	0	0	0	0	0	0	0	0	0	0	0	0	0	0	0	0	14	0	0	0	0	0	0	0	0	0	0	0	0	0	0	0	0	0	0	0	0	0	0	2	0	0	0	0	0	0	0	0	0	0	0	0	0	0	0	0	0	0	0	0	0	0	0	0	0	0	0	0	0	0	0	0	254	0	0	0	0	0	0	0	0	21	0	0	0	0	0	0	0	18	0	0	0	0	0	0	1	0	0	0	0	0	0	0	0	0	1	0	0	0	0	0	0	0	0	0	0	0	0	0	0	0	15	0	0	0	25	0	0	0	47	0	0	0	0	0	0	4	0	0	0	0	0	62	0	55	0	123	0	0	0	0	0	0	6	0	0	0	0	0	0	6	0	325	0	0	0	127	0	54	184	0	0	0	0	0	0	0	0	0	0	0	0	118	146	64	0	0	0	0	74	8	0	118	0	63	0	111	0	0	0	141	0	59	0	0	73	20	0	327	43	0	307	0	117	0	0	0	0	98	109	0	0	0	145	0	99	0	0	89	0	1	0	156	0	162	0	0	0	91	0	0	0	0	0	0	0	0	0	0	0	0	0	0	72	0	0	0	0	0	0	0	0	0	0	0	37	0	0	0	9	218	0	0	127	0	0	41	0	0	0	0	0	0	0	0	0	0	152	0	0	205	0	217	0	34	0	0	43	0	55	0	56	0	22	7	0	5	0	0	0	53	0	151	0	0	227	0	0	326	18	14	69	0	0	135	0	0	0	133	104	0	0	0	98	5	0	6	0	0	67	3	0	126	0	0	0	0	123	60	0	0	111	216	68	0	112	0	0	44	59	51	161	0	4	0	0	37	0	115	0	138	0	38	0	0	0	71	0	0	0	0	0
16	0	0	0	0	0	0	0	0	0	0	0	0	0	0	0	0	0	0	0	0	0	0	0	0	0	0	0	0	0	0	0	0	0	0	0	0	0	0	0	0	0	0	0	0	0	0	0	0	0	17	0	0	0	0	0	0	0	0	0	0	0	0	0	0	0	0	0	0	0	0	0	0	0	0	0	0	0	0	0	0	0	0	0	0	0	0	0	0	0	0	0	0	0	0	0	0	0	0	0	0	0	0	0	0	0	0	0	0	0	0	0	0	0	0	0	0	11	0	0	0	32	0	0	0	0	0	0	0	0	0	0	0	0	0	0	0	0	0	0	0	48	0	0	0	0	0	0	0	0	0	0	0	1	0	0	0	0	0	0	0	0	0	0	0	0	0	0	0	0	0	0	0	0	0	0	0	0	0	0	0	0	0	0	0	0	0	0	0	0	0	0	0	0	0	0	0	0	0	0	0	0	0	0	0	0	0	0	0	0	0	0	0	0	0	0	30	0	0	0	0	0	0	0	0	0	1	0	0	0	0	0	0	0	0	0	0	0	0	0	0	0	0	0	0	0	0	0	0	0	0	0	0	0	0	0	0	0	0	2	0	0	0	0	0	0	0	0	0	0	0	0	0	0	0	6	0	0	0	0	0	0	0	0	0	0	0	0	0	0	0	0	0	0	0	3	0	0	0	0	0	0	0	0	0	0	0	0	0	0	0	0	0	0	0	0	0	0	0	0	0	2	0	0	0	40	0	0	0	0	0	0	0	0	0	0	0	0	0	0	33	0	0	0	0	0	0	0	0	0	0	0	0	0	0	0	0	0	0	0	0	0	0	0	0	0	0	0	0	0	3	0	0	0	0	0	0	0	0	0	0	0	0	0	2	0	0	1	0	0	0	0	0	0	0	0	0	0	0	68	0	0	0	0	0	0	0	0	0	0	137	0	0	0	0	28	0	0	45	0	0	0	10	0	0	0	0	0	0	0	0	0	0	16	67	0	26	0	0	0	0	0	0	0	17	0	0	0	26	5	0	0	0	0	0	0	0	37	28	0	0	0	0	0	0	0	0	0	0	0	0	0	0	0	0	0	0	0	0	53	0	0	0	0	60	0	0	0	0	0	161	0	0	0	30	0	0	0	0	21	12	0	0	1	1	0	0	166	0	0	0	0	0	0	0	0	0	0	0	0	0	0	0	0	0	0	0	0	0	0	38	0	0	0	0	0	0	0	0	0	66	0	0	0	7	0	0	0	160	0	0	0	0	0	0	22	0	0	0	0	0	39	0	128	0	8	0	2	0	0	0	0	0	54	0	0	0	0	0	1	0	9	0	0	0	267	20	16	66	0	0	0	0	0	0	0	0	0	0	0	0	49	69	77	0	0	0	97	27	56	0	47	0	68	0	375	0	0	0	109	0	0	0	0	34	135	0	58	107	0	81	0	103	0	0	0	0	91	134	0	36	0	261	0	23	0	0	28	0	0	0	94	79	0	0	17	0	75	0	0	0	0	0	0	0	0	0	0	0	0	0	5	115	0	0	0	0	2	0	0	0	0	0	12	211	0	0	0	19	19	0	32	77	0	0	49	0	0	2	0	0	7	0	0	0	0	6	0	0	65	0	127	0	63	0	0	230	0	75	0	12	0	115	109	0	13	0	0	0	10	16	382	0	0	123	0	0	137	163	12	48	0	18	60	0	0	0	101	99	38	0	0	96	0	0	29	0	0	46	138	0	81	0	0	5	1	27	47	25	0	105	38	90	0	76	0	0	80	112	90	146	0	0	0	0	131	0	8	0	62	1	56	3	0	0	6	0	0	0	0	0
17	0	0	0	0	0	0	0	0	0	0	0	0	0	0	0	0	0	0	0	0	0	0	0	0	0	0	0	0	0	0	0	0	0	0	0	0	0	3	0	0	0	0	0	0	0	0	0	0	0	0	0	0	0	0	0	0	0	0	0	0	0	0	0	0	0	0	0	0	0	0	0	4	0	0	0	0	0	0	0	0	0	0	0	0	0	0	0	0	0	0	0	0	0	0	0	0	0	0	0	0	0	0	0	0	0	3	0	0	0	0	0	0	0	0	0	0	0	0	0	0	0	0	0	0	0	0	11	0	2	0	0	0	0	0	0	0	0	0	0	0	0	0	0	0	0	0	0	0	0	0	0	0	0	0	0	0	0	0	0	0	0	0	0	0	0	0	0	0	0	0	0	0	0	0	0	0	0	0	11	0	0	0	0	0	25	0	0	0	0	0	0	0	0	0	0	0	0	22	0	0	0	0	0	0	0	0	9	0	17	0	0	0	0	0	0	0	0	0	0	0	0	0	0	0	0	0	0	0	0	0	0	0	0	0	0	0	0	0	0	0	0	0	0	0	0	0	0	0	11	0	0	0	0	0	0	0	0	0	0	0	2	0	0	0	0	0	0	0	0	11	0	0	0	0	0	0	0	0	0	0	0	0	0	0	0	0	13	0	0	3	0	0	0	0	0	0	4	0	0	0	0	0	0	0	0	0	0	0	0	0	0	0	0	0	3	0	0	0	0	0	0	63	0	0	0	0	0	0	0	0	0	0	0	0	0	0	0	0	0	0	0	0	2	0	0	0	0	0	0	0	0	0	0	0	0	0	14	0	32	0	0	0	1	0	0	0	0	0	0	0	0	0	0	0	0	0	0	0	0	0	0	0	0	0	0	0	4	0	0	0	0	0	0	0	0	0	0	0	0	0	0	0	0	0	0	0	0	0	0	128	0	0	0	0	0	0	0	0	0	0	29	3	0	0	0	0	0	0	0	0	0	0	93	66	74	82	7	4	0	0	0	0	1	5	0	0	0	0	0	3	0	0	0	0	0	2	57	6	0	14	0	0	0	0	0	0	0	0	0	0	0	35	0	0	0	0	0	0	0	0	0	0	0	0	0	9	0	0	0	70	0	0	0	154	0	0	0	0	0	0	7	48	0	0	0	0	28	3	0	0	1	0	0	0	0	2	0	17	0	0	0	0	0	0	0	0	0	0	71	0	30	0	0	0	0	0	0	0	0	112	0	0	0	0	0	0	0	26	0	0	0	0	0	0	1	0	2	0	0	0	39	30	42	0	9	0	0	0	0	0	0	41	235	0	0	0	0	0	21	0	391	0	0	199	0	134	88	23	0	0	0	0	7	30	0	0	0	0	0	0	18	35	98	132	0	0	13	17	33	6	193	0	99	0	57	0	0	0	7	0	18	0	1	223	37	0	40	245	0	90	0	123	0	0	195	0	123	14	0	97	67	13	0	148	0	0	76	5	0	3	77	59	0	0	0	0	284	0	0	8	3	0	0	0	0	0	10	0	0	0	0	200	0	0	152	51	2	0	0	7	0	0	69	22	0	0	1	0	8	0	0	75	4	1	223	0	0	0	0	0	0	2	0	0	15	66	0	0	0	0	0	0	63	1	0	195	0	166	0	140	0	70	63	0	59	0	2	56	200	52	46	0	0	102	0	0	14	36	28	210	0	0	46	0	0	0	136	113	2	0	49	159	0	0	362	0	0	17	32	0	53	0	40	0	2	68	202	27	0	12	75	26	0	113	0	0	0	102	19	136	0	0	0	0	87	0	44	0	125	83	140	220	0	0	125	0	0	0	0	0
18	0	0	0	0	0	0	0	0	0	0	0	0	0	0	0	0	0	0	0	0	0	0	0	0	0	0	0	0	0	0	0	0	0	0	0	0	0	0	0	0	0	0	0	0	0	0	0	0	0	0	0	93	0	0	0	0	0	0	0	0	0	0	0	0	0	0	0	0	0	0	0	0	0	0	0	0	0	0	0	0	0	0	0	0	0	0	0	0	0	0	0	0	0	0	0	0	0	0	0	0	0	0	0	0	0	0	0	0	0	0	0	0	0	0	0	0	0	0	0	0	0	2	0	0	0	0	0	0	0	0	0	0	0	0	0	0	0	0	0	2	0	0	0	1	0	15	0	0	0	0	0	0	0	0	0	0	0	0	0	0	0	0	0	0	0	0	0	0	0	0	0	0	0	0	0	0	0	0	0	0	0	0	0	0	0	0	0	0	0	0	0	0	0	0	0	0	0	0	0	0	0	0	1	0	0	0	0	0	0	0	0	0	0	0	0	0	0	0	0	0	0	0	0	0	0	0	0	0	0	36	1	0	0	0	0	0	0	0	0	0	0	0	0	0	0	0	0	0	0	0	0	0	0	29	0	0	0	1	0	29	0	0	0	0	0	0	0	0	0	0	0	0	0	0	0	0	0	0	4	0	0	0	0	0	0	0	0	0	0	50	0	0	0	0	0	0	0	0	0	0	0	11	0	0	0	0	0	0	65	0	0	0	0	0	0	15	0	0	0	0	3	0	0	0	0	0	2	0	0	0	0	0	0	0	0	0	0	0	0	0	0	0	0	0	0	0	0	0	0	0	0	10	0	0	0	0	0	0	0	0	0	0	0	0	0	0	0	0	0	0	0	1	0	0	0	0	0	0	0	0	0	0	0	63	0	0	0	0	0	0	0	0	0	1	0	0	0	0	0	0	0	0	0	0	0	0	0	40	0	97	0	0	0	0	0	0	0	0	1	0	11	0	0	0	0	0	0	0	0	0	0	0	0	149	134	9	0	0	0	0	0	0	0	0	0	0	0	0	0	0	0	0	0	0	0	0	143	0	0	2	0	0	0	0	0	0	0	0	1	0	0	0	0	0	2	17	0	0	0	0	0	0	0	0	0	0	0	0	0	74	0	0	0	22	0	11	0	0	0	0	12	0	0	0	0	35	97	0	0	2	0	62	0	0	0	0	0	0	0	0	0	0	0	0	0	0	0	0	0	0	0	0	0	4	0	0	13	0	0	35	0	7	0	0	2	5	0	136	3	0	0	0	0	0	0	0	1	0	0	0	28	0	27	0	8	0	0	0	0	0	0	0	51	3	20	0	0	0	0	2	77	0	0	52	19	0	57	199	0	0	0	0	0	0	2	0	0	0	0	0	198	87	549	0	0	0	52	0	102	0	75	0	55	0	117	0	0	0	83	0	0	0	0	111	16	0	266	19	5	69	0	185	0	0	73	0	59	25	0	50	0	61	0	37	0	16	123	0	0	35	84	0	0	1	30	0	117	0	0	0	0	0	0	19	0	0	0	0	0	0	0	200	30	0	92	0	0	6	0	0	0	0	155	167	0	0	0	0	0	0	0	83	0	0	107	0	0	0	0	0	0	0	0	1	14	56	0	0	71	29	0	0	280	0	0	155	0	95	11	176	0	85	20	0	143	0	0	63	66	0	34	0	0	219	0	0	45	50	46	82	0	0	0	0	0	0	42	45	156	0	33	174	0	0	25	0	0	0	47	0	49	0	0	0	0	99	3	23	8	209	36	129	34	167	0	0	6	82	233	202	0	105	46	0	27	1	124	0	35	237	169	45	1	0	17	0	0	0	0	0
19	0	0	0	0	0	0	2	0	0	1	0	0	0	0	0	0	0	0	0	0	0	0	0	0	0	0	0	0	0	0	0	0	0	0	0	0	0	0	0	0	0	0	0	0	0	0	0	0	0	0	0	0	0	0	0	0	0	123	0	21	0	0	0	62	0	0	0	0	0	0	0	0	0	15	0	0	0	0	0	0	6	0	0	0	0	0	0	12	0	0	0	0	0	0	0	0	0	0	0	0	0	0	0	0	0	0	0	0	0	0	0	0	0	0	13	58	0	0	0	0	0	0	0	0	0	0	0	0	0	0	0	0	0	0	0	0	4	1	0	0	0	0	0	0	0	0	0	0	0	0	0	0	0	0	0	0	0	0	0	0	0	0	0	0	0	0	0	0	8	4	0	0	0	0	0	2	0	0	0	0	0	0	0	0	0	0	0	0	0	0	0	0	0	0	0	0	0	3	0	0	0	0	0	47	0	0	0	3	0	0	1	0	1	0	0	0	0	0	2	0	0	0	0	0	0	0	0	0	20	0	0	0	13	1	0	0	0	0	0	0	0	0	0	0	0	0	0	0	11	1	0	2	0	0	0	0	0	0	0	0	0	0	0	6	0	0	0	103	0	0	0	0	0	1	0	0	0	0	1	0	0	0	0	0	1	0	0	7	0	0	0	0	0	0	0	0	0	0	23	0	2	0	0	0	0	0	0	0	0	0	0	12	11	0	11	0	0	0	7	0	0	0	0	0	9	0	0	0	0	0	0	1	0	0	0	0	0	0	0	0	0	0	0	0	0	0	0	0	0	6	2	0	0	0	0	0	0	0	0	0	21	0	5	0	6	0	0	3	0	0	0	0	0	5	0	0	21	0	0	0	0	0	0	0	0	0	0	0	0	0	0	0	6	1	0	0	0	1	0	5	0	0	0	0	0	1	0	0	1	190	0	0	0	0	0	67	0	0	0	0	53	5	0	0	0	0	3	0	0	0	0	0	0	55	21	0	0	0	0	1	2	0	0	0	0	0	0	0	0	2	0	0	0	0	1	0	1	0	5	4	6	0	0	0	0	0	0	0	10	0	0	0	0	0	0	0	0	5	1	0	19	11	0	0	0	0	0	12	0	3	0	0	0	0	8	21	0	0	76	0	0	0	0	5	0	0	46	0	0	9	6	6	0	0	0	0	45	1	0	3	4	0	0	0	0	0	3	0	0	0	23	6	46	0	0	0	0	0	0	97	0	0	1	0	0	19	0	29	0	0	0	2	0	0	0	0	33	29	0	0	36	132	0	0	6	0	0	0	0	48	0	0	57	0	0	0	0	0	0	0	135	0	0	28	0	26	1	0	0	2	0	1	0	0	7	0	0	0	0	0	130	10	77	0	0	0	1	0	0	0	81	0	175	0	47	1	0	0	19	0	0	0	0	119	132	0	53	30	2	0	0	146	0	0	100	2	100	0	0	47	0	12	0	33	0	0	70	26	0	0	47	2	0	81	5	1	37	0	0	0	0	0	0	0	0	0	0	0	0	3	0	133	0	0	88	0	0	2	3	2	0	0	0	20	0	0	18	0	0	0	0	82	0	0	23	0	42	0	0	0	0	0	0	0	15	39	0	0	0	0	0	0	31	0	0	211	1	56	0	38	0	197	28	0	110	0	1	2	47	0	33	26	0	265	0	0	123	95	19	125	0	0	0	1	0	30	45	88	3	0	115	156	37	0	86	0	0	0	48	1	17	0	0	3	4	88	0	0	0	0	31	18	0	93	0	0	0	51	119	20	0	96	203	0	148	1	152	70	15	0	104	0	0	0	0	0	0	63	0	0
20	0	0	0	0	0	0	0	0	0	0	19	0	0	0	0	0	0	20	127	0	0	0	0	0	0	0	0	0	0	0	0	0	0	15	0	0	0	0	52	0	0	0	14	0	15	0	0	0	0	0	0	0	0	0	0	0	0	0	0	0	0	0	0	0	0	0	0	0	0	0	0	0	0	0	0	0	0	0	0	0	0	0	0	0	0	0	0	0	0	0	0	0	0	0	0	0	0	0	9	0	2	0	0	0	0	0	0	0	0	0	0	0	0	0	14	6	0	0	0	0	0	0	0	0	0	0	0	0	0	0	0	0	0	24	0	0	2	0	114	0	4	0	0	27	0	0	0	0	0	0	0	0	0	0	0	0	0	0	0	74	24	0	0	0	0	0	0	0	0	0	0	0	0	0	0	0	0	8	0	0	0	0	0	0	0	0	0	0	0	0	0	0	11	0	0	0	0	4	0	0	0	0	0	0	0	0	0	0	0	0	1	0	0	0	0	0	0	0	0	0	0	0	0	0	0	0	0	0	0	0	2	14	0	0	0	0	0	0	0	51	38	1	0	0	0	0	0	16	3	0	0	0	0	0	5	0	0	0	0	0	0	0	0	0	0	0	0	0	0	0	5	0	0	0	4	4	1	0	0	22	0	0	0	0	0	0	0	0	0	0	0	0	0	0	0	0	1	0	0	0	0	0	0	0	0	0	0	0	0	0	0	0	0	0	0	0	0	0	1	7	0	0	0	0	0	0	0	0	0	1	0	0	0	0	0	0	88	0	0	0	0	0	2	0	0	0	0	0	0	0	0	0	0	0	6	0	9	3	0	0	0	0	0	0	0	0	0	25	0	0	0	0	0	0	0	0	0	0	0	0	0	0	0	0	0	0	0	0	0	4	0	0	0	0	0	0	0	0	0	0	0	0	0	0	0	0	0	0	0	0	0	0	0	0	0	0	0	0	0	0	0	0	0	0	0	0	1	0	0	0	0	0	7	145	25	0	62	0	0	0	0	0	4	0	0	0	0	0	0	24	0	0	0	0	0	1	35	0	0	0	0	0	0	0	0	0	0	0	0	4	0	0	0	0	0	0	18	0	1	0	0	0	0	0	7	0	0	0	0	0	0	0	2	0	0	0	0	0	17	0	0	0	0	1	0	0	17	0	0	0	0	0	0	0	0	4	0	1	0	0	0	0	0	0	0	0	0	0	0	0	0	2	6	0	0	0	0	0	15	70	0	0	0	0	0	0	0	51	0	0	3	0	0	0	0	1	0	0	4	0	0	2	0	3	0	0	0	9	27	0	0	1	24	0	0	0	0	0	0	2	50	0	4	86	0	0	16	0	0	0	0	0	0	0	0	1	4	1	0	0	146	70	18	0	0	0	64	0	0	0	45	0	34	0	83	0	0	0	67	0	0	0	0	44	87	0	134	123	8	57	0	46	0	0	7	0	8	31	0	55	0	24	0	81	0	0	46	0	0	0	74	0	6	0	0	10	98	0	0	0	0	0	0	0	0	0	0	0	0	3	3	47	21	0	114	0	0	4	0	0	0	0	0	25	0	0	0	0	3	0	0	130	0	0	101	0	21	0	0	0	0	0	0	0	0	44	0	0	0	0	0	0	38	0	0	112	2	104	0	64	10	96	29	0	191	0	0	5	30	1	108	0	0	99	0	0	61	17	74	131	0	0	0	0	0	1	10	80	0	0	26	137	0	0	8	0	45	0	59	0	179	0	0	11	0	85	0	0	0	0	82	62	0	39	0	2	1	111	82	26	0	88	384	0	72	39	184	0	11	0	113	0	0	0	0	0	0	1	0	0
21	0	0	9	0	0	0	0	0	0	0	0	0	17	0	0	0	0	0	0	0	0	0	0	0	0	0	0	0	0	0	0	0	0	0	0	0	0	0	0	0	0	0	0	0	0	0	0	0	4	0	0	0	0	0	0	0	0	0	0	0	0	0	0	0	0	0	0	0	0	0	0	0	0	0	0	0	0	0	0	0	0	0	0	0	0	0	0	0	0	0	0	0	0	0	0	0	0	0	0	0	0	0	0	0	0	52	0	0	20	0	0	0	0	0	0	0	0	0	0	0	0	0	0	0	0	0	0	0	0	0	4	0	12	0	0	0	0	0	0	0	0	0	0	0	0	0	0	0	0	5	1	0	0	0	0	0	0	0	0	0	0	0	0	0	0	0	0	0	0	0	0	0	0	0	0	0	0	0	0	0	3	0	0	0	0	0	0	1	0	64	0	0	0	0	0	0	0	0	0	0	4	0	0	0	0	0	0	0	0	0	1	0	0	0	0	0	0	0	0	0	0	0	0	0	0	0	0	0	0	0	0	0	0	0	0	0	0	0	0	0	0	0	0	0	0	0	0	0	0	0	0	2	0	0	17	0	0	0	0	0	15	0	0	0	0	3	0	0	0	0	0	0	0	0	0	0	0	0	1	0	0	9	0	0	5	0	0	0	0	11	0	0	0	0	0	0	0	0	0	0	0	0	0	0	0	0	0	0	0	0	0	0	33	0	2	0	0	0	0	0	0	0	0	0	19	0	0	0	0	0	1	0	3	0	0	0	0	0	0	0	0	0	16	0	28	0	0	0	10	0	0	21	45	0	0	0	0	0	0	0	0	4	51	0	0	0	0	0	0	0	0	2	0	0	0	0	0	0	0	0	0	0	0	0	0	0	0	0	0	0	8	0	4	0	0	0	0	6	0	0	0	25	0	1	0	0	0	2	0	0	0	0	0	0	0	0	1	0	0	0	0	0	0	0	14	0	0	0	0	0	11	0	5	57	82	0	0	0	0	0	0	0	0	0	0	0	2	46	0	0	0	0	0	6	0	0	12	43	0	0	28	0	0	0	0	0	0	0	0	0	0	0	0	0	0	0	0	0	11	0	0	0	4	0	1	0	0	0	0	158	0	0	2	0	0	0	0	0	0	0	0	0	0	26	0	0	72	0	0	25	0	0	0	0	0	0	0	1	0	12	0	0	0	0	0	0	0	0	0	0	0	19	0	0	0	0	0	0	0	70	0	0	0	0	0	0	0	18	0	0	0	0	0	0	0	0	2	0	0	0	0	0	0	0	0	0	1	0	0	0	0	0	15	0	24	0	0	0	0	0	75	0	0	139	5	55	98	0	0	1	0	0	0	0	0	0	0	0	0	5	89	0	126	21	0	0	10	0	0	0	59	10	33	0	217	0	0	3	67	0	0	2	0	67	47	0	212	58	0	35	0	37	1	20	113	0	0	2	0	30	0	46	0	0	4	0	32	0	13	0	3	0	0	1	10	0	47	0	0	0	1	10	0	0	0	0	0	0	0	0	0	39	0	0	30	0	30	0	2	0	0	0	0	0	0	20	0	1	0	0	2	130	0	4	271	0	0	0	2	0	0	0	0	0	0	167	0	0	0	0	0	0	94	0	0	45	0	157	0	198	0	0	38	0	209	0	0	18	91	0	68	0	0	33	0	0	70	123	0	20	10	3	0	0	0	0	257	16	30	0	141	208	0	0	0	21	0	0	0	1	77	0	1	48	0	7	37	0	3	0	114	8	0	72	0	0	0	79	162	129	0	48	6	1	97	16	43	0	37	91	94	0	9	0	2	10	0	0	0	0
22	0	0	0	0	0	0	0	0	0	0	0	0	0	0	0	0	0	0	0	0	0	0	0	0	0	0	0	0	0	0	0	0	0	0	0	0	0	0	0	0	0	0	0	0	0	0	0	0	0	0	0	0	0	0	0	0	0	0	0	0	0	0	0	0	0	0	0	0	0	0	0	0	0	0	0	0	0	0	0	0	0	0	0	0	7	0	0	0	0	0	0	0	0	0	0	0	0	0	0	0	0	0	0	0	0	0	0	0	0	0	0	0	1	0	31	0	0	20	0	0	0	0	0	0	0	0	0	0	0	0	0	5	0	0	0	2	0	0	0	0	0	0	0	0	0	0	0	0	0	0	0	0	3	0	0	0	0	0	22	28	0	0	0	0	0	0	0	0	0	0	21	1	0	0	3	0	0	0	0	0	0	48	0	0	0	0	0	0	0	0	0	0	0	0	0	0	0	0	44	0	0	0	0	0	0	0	0	0	0	0	1	0	0	0	0	0	11	0	0	0	0	0	0	0	0	0	0	0	0	0	0	19	0	0	0	0	0	13	0	0	0	0	0	0	0	0	0	0	0	0	0	0	0	0	0	0	3	0	0	3	0	0	0	0	0	7	0	0	0	0	0	0	0	0	0	0	0	0	0	0	0	0	0	0	0	0	0	0	0	5	0	0	0	0	0	18	0	0	0	0	0	0	4	0	0	0	0	0	11	0	0	0	1	0	0	0	0	0	0	0	48	7	0	0	0	0	0	0	3	0	5	15	0	0	26	0	0	0	0	0	0	0	0	0	0	0	0	0	0	0	0	0	0	0	0	0	0	0	0	0	0	0	3	0	0	0	0	0	0	0	2	0	29	0	0	0	1	0	0	0	0	0	0	2	0	0	0	0	0	22	0	0	0	0	2	0	0	0	0	0	0	9	102	0	0	0	0	0	0	0	0	0	0	0	0	0	0	0	0	0	0	0	0	0	0	0	6	0	0	0	0	0	129	142	66	1	0	0	0	0	0	0	0	0	0	0	0	0	3	0	0	0	0	0	0	0	0	10	0	0	0	0	0	0	0	0	0	7	0	0	0	0	0	0	0	0	0	0	0	1	0	0	0	0	0	13	0	0	0	80	0	2	0	0	0	0	0	0	0	0	0	0	0	0	0	0	99	0	0	0	0	31	0	0	0	0	0	0	0	0	0	0	0	3	1	0	45	0	0	0	0	0	0	0	0	0	0	0	8	86	0	0	0	0	1	0	0	52	17	0	0	0	0	0	0	5	0	0	0	0	4	0	0	0	0	13	0	0	0	0	0	5	22	0	0	0	0	0	0	0	131	0	0	81	0	3	56	0	0	0	0	3	0	0	0	0	0	0	0	0	7	35	30	0	0	0	0	0	0	1	16	0	87	0	170	25	0	0	16	0	37	0	0	50	115	0	37	215	40	169	0	80	0	0	169	0	0	0	0	129	0	67	0	27	0	0	55	2	4	0	100	0	2	0	0	0	160	0	0	0	0	0	13	0	0	0	0	0	0	3	6	234	0	1	87	0	0	0	0	0	0	3	0	13	0	18	0	0	0	0	8	47	0	1	58	29	7	2	0	0	0	0	0	0	0	63	0	0	0	0	51	19	155	0	0	234	0	228	1	116	0	195	0	8	161	0	0	60	65	1	48	0	0	93	0	0	75	34	0	16	0	0	0	0	76	1	30	43	0	0	244	81	0	0	88	0	0	0	4	0	72	0	25	7	0	28	0	0	0	0	41	135	0	102	0	0	0	86	79	87	23	208	58	0	111	19	25	0	7	3	55	80	9	0	60	0	0	22	0	0
23	0	0	0	0	0	0	0	0	0	0	0	0	0	0	0	0	0	0	0	0	0	0	0	0	0	0	0	0	0	0	0	0	0	0	0	0	0	0	0	0	0	0	0	0	0	0	0	0	0	0	0	0	0	0	0	0	0	41	0	0	0	0	0	0	0	0	0	0	0	0	0	0	0	0	0	0	4	0	0	0	0	0	0	0	0	0	0	0	0	0	0	0	0	0	0	0	0	0	0	0	0	0	0	0	8	0	19	0	0	0	0	0	0	0	0	0	0	0	0	0	0	0	0	0	0	0	0	0	0	0	0	0	0	0	0	2	0	0	0	0	0	0	5	0	0	0	0	0	0	0	0	0	0	22	0	0	0	0	0	0	0	0	0	4	0	0	0	0	0	0	31	0	0	0	0	20	0	0	0	0	0	0	0	0	0	0	3	0	1	0	0	0	0	0	0	0	0	0	0	0	0	96	0	1	0	0	0	48	17	0	0	0	0	0	0	0	0	0	0	0	0	0	0	1	0	2	0	0	0	1	0	7	52	0	0	0	0	0	0	0	0	0	0	0	0	0	1	0	0	0	0	36	39	0	0	0	0	0	0	0	0	0	0	0	0	0	0	0	0	0	0	0	19	0	0	0	0	2	0	9	0	0	0	0	0	0	0	4	0	0	0	0	0	0	0	0	0	0	0	11	0	0	0	0	0	0	0	0	0	0	2	0	2	0	0	0	0	0	0	0	3	0	0	0	0	0	0	0	0	0	0	0	0	0	0	0	0	0	0	141	0	0	0	0	0	0	0	3	0	0	0	0	0	0	0	0	0	0	0	2	0	0	131	0	0	0	0	0	0	0	0	0	0	0	0	0	0	0	0	0	0	0	0	0	0	0	12	49	6	5	0	0	0	0	0	0	0	0	15	0	0	0	0	0	0	0	72	0	0	0	0	0	0	0	0	0	0	0	0	0	1	0	0	8	0	0	0	0	0	0	0	0	1	5	129	0	0	0	0	0	0	0	0	0	0	0	0	0	0	0	0	25	0	13	0	0	32	0	0	0	21	0	1	0	0	0	0	0	9	0	0	39	0	0	0	0	0	37	0	0	0	0	1	0	0	0	11	0	1	12	0	0	0	0	3	0	0	2	0	22	0	0	0	0	0	0	179	0	0	0	0	0	3	18	0	10	0	0	0	38	0	0	0	0	0	0	0	0	0	4	0	0	0	0	0	0	0	0	0	9	0	11	0	0	21	0	43	64	44	0	5	0	5	0	0	3	0	0	0	0	12	0	0	1	0	0	0	0	0	0	0	37	154	0	0	0	0	6	0	0	37	0	0	307	0	16	7	1	0	0	0	0	0	0	0	0	2	0	0	0	61	27	44	0	0	0	0	0	8	0	24	0	97	0	81	0	0	0	3	0	0	0	0	136	109	0	32	11	0	3	0	57	0	0	160	0	0	0	0	28	0	17	0	176	24	0	257	0	2	0	156	0	0	0	2	0	60	7	7	0	0	0	0	0	0	0	1	0	0	2	0	60	0	0	117	0	0	0	14	0	0	0	18	7	0	0	3	0	0	0	0	72	0	0	92	0	0	0	0	0	0	13	0	0	0	239	0	10	0	0	0	0	60	0	0	87	0	95	1	54	0	91	14	0	28	0	0	0	10	0	140	0	0	10	0	0	28	31	0	46	0	7	0	3	0	0	39	202	0	0	265	52	1	0	11	0	0	0	0	0	282	0	0	0	0	0	0	0	0	0	4	3	0	96	0	0	0	23	299	5	0	51	6	0	101	1	38	0	67	0	127	0	4	0	0	0	0	0	0	0
24	0	0	0	0	0	0	0	0	0	0	0	0	0	0	0	0	0	0	0	0	0	0	0	0	0	0	0	0	0	0	0	63	0	0	0	0	0	0	0	0	0	0	0	0	0	0	0	0	0	0	0	0	0	0	0	0	0	0	0	0	0	0	0	0	0	0	0	0	0	0	0	0	0	0	0	0	0	0	0	0	0	0	0	0	0	93	0	0	0	0	0	0	0	0	0	0	0	0	25	0	0	0	0	0	0	0	0	0	0	0	0	0	0	0	0	0	0	0	0	0	0	0	3	0	0	0	0	2	0	0	9	0	0	0	0	0	0	0	0	0	0	0	0	18	0	0	0	0	0	0	0	0	0	0	0	0	0	0	0	0	0	0	0	0	0	0	0	0	0	0	0	0	0	0	1	0	0	0	0	0	0	0	0	0	0	0	0	0	0	0	0	0	0	0	0	0	0	0	0	0	0	0	0	23	0	0	0	0	0	0	0	0	0	0	0	0	0	21	0	0	0	0	0	0	0	0	2	0	0	0	0	0	96	0	0	0	0	0	0	46	0	0	0	0	0	1	6	0	0	0	0	0	0	13	0	12	0	0	1	0	0	0	0	0	0	14	0	0	0	0	0	0	0	0	0	0	0	0	0	0	0	18	0	124	0	0	2	2	0	0	0	0	0	0	0	0	0	0	0	0	2	0	11	0	0	0	0	0	0	0	9	0	10	0	0	72	0	0	0	0	0	0	0	2	0	0	20	0	0	0	0	0	0	0	0	0	0	0	2	0	0	0	0	0	0	0	7	0	0	0	0	4	0	0	0	0	5	0	0	1	18	0	30	0	0	0	0	0	0	13	0	1	0	0	0	0	18	0	0	0	0	0	0	15	0	0	0	11	0	0	20	0	0	0	0	0	0	0	0	0	0	0	0	0	0	0	0	4	10	0	0	20	0	0	0	0	0	0	0	0	4	24	0	0	0	0	75	0	0	0	2	0	0	22	155	85	0	0	0	0	0	0	0	0	0	0	0	0	40	0	0	6	0	0	0	0	4	2	0	0	0	0	0	0	0	0	1	0	0	0	0	0	0	0	0	0	0	0	34	0	0	0	3	0	0	0	0	0	0	41	0	0	0	0	0	0	0	0	0	12	0	0	0	6	0	0	35	4	11	0	0	0	0	0	0	0	15	2	0	13	0	0	0	0	0	0	0	9	0	0	46	0	38	0	0	0	0	0	0	0	0	0	0	0	0	11	0	72	0	0	0	0	0	0	0	0	0	0	0	0	0	16	13	0	34	0	0	0	0	0	0	0	110	0	0	0	0	0	0	0	116	0	0	16	0	0	128	0	0	0	0	0	0	0	0	0	11	12	0	5	8	16	2	0	0	0	2	0	0	0	0	0	254	0	102	0	0	102	45	0	0	10	52	0	163	0	111	13	0	3	1	143	0	0	41	2	1	0	0	40	0	29	0	0	0	0	133	0	0	0	13	0	0	0	0	0	26	0	151	0	0	0	3	0	48	0	0	251	0	0	0	64	0	0	58	0	0	0	0	0	0	0	0	0	0	0	0	0	2	0	0	3	5	0	30	0	0	0	0	0	0	0	5	0	0	61	0	0	8	0	0	0	164	0	0	20	0	84	0	204	0	10	17	0	37	0	0	0	83	0	86	0	0	7	0	0	157	17	24	60	0	0	0	0	0	0	46	91	0	0	16	67	0	0	29	0	0	0	37	2	117	0	0	0	0	0	0	0	0	0	93	63	0	188	0	0	0	56	34	41	0	8	39	0	100	0	51	0	16	0	7	3	0	0	74	1	0	0	0	0
