0	0	0	0	0	0	0	0	0	0	0	0	0	0	0	0	0	0	0	0	0	0	0	0	0	0	0	0	0	0	0	0	0	0	0	0	0	0	0	0	0	0	0	0	0	0	0	0	0	0	0	0	0	0	0	0	0	0	0	0	0	0	0	0	0	0	0	0	0	0	0	0	0	0	0	0	0	0	0	0	0	0	0	0	0	0	0	0	0	0	0	0	0	0	0	0	0	0	0	0	0	12	12	12	12	12	12	12	12	12	12	12	12	12	12	12	12	12	12	12	12	12	12	12	12	12	12	12	12	12	12	12	12	12	12	12	12	12	12	12	12	12	12	12	12	12	12	12	12	12	12	12	12	12	12	12	12	12	12	12	12	12	12	12	12	12	12	12	12	12	12	12	12	12	12	12	12	12	12	12	12	12	12	12	12	12	12	12	12	12	12	12	12	12	12	12	12	12	12	12	12	24	24	24	24	24	24	24	24	24	24	24	24	24	24	24	24	24	24	24	24	24	24	24	24	24	24	24	24	24	24	24	24	24	24	24	24	24	24	24	24	24	24	24	24	24	24	24	24	24	24	24	24	24	24	24	24	24	24	24	24	24	24	24	24	24	24	24	24	24	24	24	24	24	24	24	24	24	24	24	24	24	24	24	24	24	24	24	24	24	24	24	24	24	24	24	24	24	24	24	24	48	48	48	48	48	48	48	48	48	48	48	48	48	48	48	48	48	48	48	48	48	48	48	48	48	48	48	48	48	48	48	48	48	48	48	48	48	48	48	48	48	48	48	48	48	48	48	48	48	48	48	48	48	48	48	48	48	48	48	48	48	48	48	48	48	48	48	48	48	48	48	48	48	48	48	48	48	48	48	48	48	48	48	48	48	48	48	48	48	48	48	48	48	48	48	48	48	48	48	48	72	72	72	72	72	72	72	72	72	72	72	72	72	72	72	72	72	72	72	72	72	72	72	72	72	72	72	72	72	72	72	72	72	72	72	72	72	72	72	72	72	72	72	72	72	72	72	72	72	72	72	72	72	72	72	72	72	72	72	72	72	72	72	72	72	72	72	72	72	72	72	72	72	72	72	72	72	72	72	72	72	72	72	72	72	72	72	72	72	72	72	72	72	72	72	72	72	72	72	72	96	96	96	96	96	96	96	96	96	96	96	96	96	96	96	96	96	96	96	96	96	96	96	96	96	96	96	96	96	96	96	96	96	96	96	96	96	96	96	96	96	96	96	96	96	96	96	96	96	96	96	96	96	96	96	96	96	96	96	96	96	96	96	96	96	96	96	96	96	96	96	96	96	96	96	96	96	96	96	96	96	96	96	96	96	96	96	96	96	96	96	96	96	96	96	96	96	96	96	96	120	120	120	120	120	120	120	120	120	120	120	120	120	120	120	120	120	120	120	120	120	120	120	120	120	120	120	120	120	120	120	120	120	120	120	120	120	120	120	120	120	120	120	120	120	120	120	120	120	120	120	120	120	120	120	120	120	120	120	120	120	120	120	120	120	120	120	120	120	120	120	120	120	120	120	120	120	120	120	120	120	120	120	120	120	120	120	120	120	120	120	120	120	120	120	120	120	120	120	120	144	144	144	144	144	144	144	144	144	144	144	144	144	144	144	144	144	144	144	144	144	144	144	144	144	144	144	144	144	144	144	144	144	144	144	144	144	144	144	144	144	144	144	144	144	144	144	144	144	144	144	144	144	144	144	144	144	144	144	144	144	144	144	144	144	144	144	144	144	144	144	144	144	144	144	144	144	144	144	144	144	144	144	144	144	144	144	144	144	144	144	144	144	144	144	144	144	144	144	144
0	0	0	0	0	0	0	0	0	0	0	0	0	0	0	0	0	0	0	0	0	0	0	0	0	0	0	0	0	0	0	0	0	0	0	0	0	0	0	0	0	0	0	0	0	0	0	0	0	0	0	0	0	0	0	0	0	0	0	0	0	0	0	0	0	0	0	0	0	0	0	0	0	0	0	0	0	0	0	0	0	0	0	0	0	0	0	0	0	0	0	0	0	0	0	0	0	0	0	0	0	100	100	100	100	100	100	100	100	100	100	100	100	100	100	100	100	100	100	100	100	100	100	100	100	100	100	100	100	100	100	100	100	100	100	100	100	100	100	100	100	100	100	100	100	100	100	100	100	100	100	100	100	100	100	100	100	100	100	100	100	100	100	100	100	100	100	100	100	100	100	100	100	100	100	100	100	100	100	100	100	100	100	100	100	100	100	100	100	100	100	100	100	100	100	100	100	100	100	100	100	100	100	100	100	100	100	100	100	100	100	100	100	100	100	100	100	100	100	100	100	100	100	100	100	100	100	100	100	100	100	100	100	100	100	100	100	100	100	100	100	100	100	100	100	100	100	100	100	100	100	100	100	100	100	100	100	100	100	100	100	100	100	100	100	100	100	100	100	100	100	100	100	100	100	100	100	100	100	100	100	100	100	100	100	100	100	100	100	100	100	100	100	100	100	100	100	100	100	100	100	100	100	100	100	100	100	100	100	100	100	100	100	100	100	100	100	100	100	100	100	100	100	100	100	100	100	100	100	100	100	100	100	100	100	100	100	100	100	100	100	100	100	100	100	100	100	100	100	100	100	100	100	100	100	100	100	100	100	100	100	100	100	100	100	100	100	100	100	100	100	100	100	100	100	100	100	100	100	100	100	100	100	100	100	100	100	100	100	100	100	100	100	100	100	100	100	100	100	100	100	100	100	100	100	100	100	100	100	100	100	100	100	100	100	100	100	100	100	100	100	100	100	100	100	100	100	100	100	100	100	100	100	100	100	100	100	100	100	100	100	100	100	100	100	100	100	100	100	100	100	100	100	100	100	100	100	100	100	100	100	100	100	100	100	100	100	100	100	100	100	100	100	100	100	100	100	100	100	100	100	100	100	100	100	100	100	100	100	100	100	100	100	100	100	100	100	100	100	100	100	100	100	100	100	100	100	100	100	100	100	100	100	100	100	100	100	100	100	100	100	100	100	100	100	100	100	100	100	100	100	100	100	100	100	100	100	100	100	100	100	100	100	100	100	100	100	100	100	100	100	100	100	100	100	100	100	100	100	100	100	100	100	100	100	100	100	100	100	100	100	100	100	100	100	100	100	100	100	100	100	100	100	100	100	100	100	100	100	100	100	100	100	100	100	100	100	100	100	100	100	100	100	100	100	100	100	100	100	100	100	100	100	100	100	100	100	100	100	100	100	100	100	100	100	100	100	100	100	100	100	100	100	100	100	100	100	100	100	100	100	100	100	100	100	100	100	100	100	100	100	100	100	100	100	100	100	100	100	100	100	100	100	100	100	100	100	100	100	100	100	100	100	100	100	100	100	100	100	100	100	100	100	100	100	100	100	100	100	100	100	100	100	100	100	100	100	100	100	100	100	100	100	100	100	100	100	100	100	100	100	100	100	100	100	100	100	100	100	100	100	100	100	100	100	100	100	100	100	100	100	100	100	100	100	100	100	100	100	100	100	100	100	100	100	100	100	100	100	100	100	100	100	100	100	100	100	100	100	100	100	100	100	100	100	100	100	100	100	100	100	100	100	100	100	100	100	100	100	100	100	100	100	100	100	100	100	100	100	100	100	100	100	100	100	100	100	100	100	100	100
1	0	0	0	0	0	0	0	34	0	0	0	0	0	0	0	0	0	0	0	0	0	0	0	0	0	0	0	0	0	0	0	0	0	0	0	0	0	0	0	0	0	0	0	0	0	0	0	0	0	0	0	0	0	0	0	0	0	0	0	0	0	0	0	0	0	0	0	0	0	0	0	0	0	0	0	0	0	0	0	0	0	0	0	0	0	0	0	0	0	0	0	0	0	0	0	0	0	0	0	0	5	0	14	0	37	0	10	8	0	2	50	0	0	15	168	15	167	0	0	3	0	32	10	30	0	14	0	8	0	17	67	114	0	0	0	0	0	0	0	0	42	35	0	30	87	0	60	0	0	0	0	89	67	6	16	1	3	62	19	3	16	10	15	230	25	0	0	49	0	0	0	67	0	82	0	5	21	37	21	25	10	0	0	0	2	64	0	10	0	8	17	0	54	3	0	0	0	0	0	0	3	0	13	41	1	24	85	0	23	2	0	0	0	6	24	82	0	235	77	0	192	3	0	0	0	3	0	108	8	0	0	11	17	45	10	1	1	0	0	0	0	14	12	0	36	0	0	44	0	0	134	24	0	0	20	0	121	0	0	0	63	0	56	74	7	0	48	0	32	30	3	53	151	6	70	0	0	298	0	49	0	4	11	84	5	0	204	0	19	64	6	61	20	18	69	17	29	0	0	9	46	27	20	0	21	36	165	51	181	4	0	2	10	72	27	7	164	20	75	13	162	160	2	146	11	32	120	0	32	92	90	0	0	66	142	157	2	15	109	60	4	12	0	8	0	186	65	6	0	3	0	1	40	24	0	173	73	9	1	235	85	0	9	1	280	0	17	48	23	28	40	44	0	0	11	80	119	281	102	1	1	6	23	203	0	11	0	38	26	2	0	4	15	179	0	9	82	146	0	165	67	116	31	13	6	112	172	2	177	115	142	85	45	63	93	225	16	2	0	2	2	226	0	76	19	1	4	81	4	40	196	0	99	43	3	82	65	61	0	105	26	23	6	101	46	85	104	121	2	42	0	0	48	40	0	49	1	95	238	91	18	0	140	46	64	0	219	13	83	40	24	10	130	93	1	54	119	174	0	94	7	1	5	11	94	4	36	88	128	14	0	41	0	256	10	116	195	57	79	2	37	172	42	0	60	23	96	145	82	3	198	33	179	0	45	89	19	0	2	32	216	85	14	165	4	21	134	52	88	93	49	181	12	220	35	121	103	0	233	174	29	101	63	62	0	43	2	139	10	62	110	183	61	31	0	57	124	100	46	92	156	0	319	130	106	221	4	13	166	70	225	63	113	0	18	283	229	201	67	59	100	0	95	188	148	91	176	17	25	76	86	10	18	127	14	112	40	17	29	54	66	228	12	66	0	93	19	18	70	32	75	155	0	1	98	30	28	173	0	12	39	107	11	84	144	206	104	30	9	29	1	174	35	208	160	76	112	7	133	19	82	49	81	0	23	35	89	131	26	52	27	29	265	209	106	180	7	56	1	1	148	188	142	39	91	186	0	44	47	0	23	121	0	36	86	45	22	52	23	65	277	95	66	1	165	36	131	176	21	68	37	160	189	73	21	28	78	113	3	176	45	21	112	66	69	55	60	52	11	170	85	222	25	37	2	81	172	22	42	115	42	100	117	8	157	53	111	56	130	105	0	36	0	67	5	87	94	2	123	221	2	139	177	102	84	6	186	57	23	326	74	87	95	41	136	56	27	74	104	89	30	455	74	35	10	86	202	210	0	160	13	72	67	135	1	113	157	52	18	55	73	130	62	103	32	84	112	161	158	167	79	249	0	211	133	43	199	49	54	129
2	0	0	0	0	0	0	0	0	0	0	0	0	0	0	0	0	0	0	0	0	0	0	0	0	0	0	14	0	0	0	0	0	0	0	0	0	0	0	0	0	0	0	0	0	0	0	0	0	0	0	0	0	0	0	0	0	0	0	0	0	0	0	0	0	0	0	0	0	0	0	0	0	0	0	0	0	0	0	0	0	0	0	0	0	0	0	0	0	0	0	0	0	0	0	0	0	0	0	0	0	0	15	15	0	96	0	1	0	2	0	0	1	0	0	22	20	0	0	1	0	0	0	57	0	0	0	18	0	37	3	0	0	0	15	0	0	0	54	4	0	36	11	0	42	0	58	0	1	12	0	3	0	0	0	0	0	19	15	10	0	55	0	5	41	22	0	0	73	0	0	25	13	41	0	168	0	13	5	8	0	4	0	4	0	149	28	6	0	19	22	157	0	5	0	15	0	15	0	0	74	3	0	17	42	4	6	4	45	8	3	9	112	0	0	0	0	2	0	105	15	23	102	11	0	6	0	26	21	78	54	25	0	0	47	0	13	58	0	20	0	0	1	53	13	0	40	23	0	5	2	0	49	5	6	1	0	60	0	0	4	2	64	0	69	108	2	8	82	89	70	9	0	0	100	1	0	38	4	0	138	89	0	0	23	4	47	31	12	0	108	58	37	197	6	0	43	76	0	0	21	13	0	159	56	0	165	55	243	62	0	22	107	0	51	0	13	65	40	146	0	102	43	6	47	0	168	3	0	2	14	149	0	4	20	23	30	48	45	1	44	2	88	6	1	75	153	8	0	209	8	67	0	103	26	5	260	539	41	20	98	115	18	0	102	9	18	2	0	32	126	59	0	113	66	37	145	7	87	8	0	1	2	80	1	12	16	0	0	85	0	20	8	99	0	11	5	0	6	0	43	91	254	23	13	93	75	190	2	133	82	27	44	84	39	47	27	85	1	4	79	8	257	4	38	211	27	15	129	0	2	29	13	3	27	105	203	84	74	8	165	45	0	36	136	150	343	24	172	19	75	19	107	101	61	149	38	21	40	43	24	31	195	62	81	64	29	138	173	153	144	1	49	59	12	177	129	176	18	1	86	4	39	17	80	53	8	19	59	146	106	163	131	45	53	8	18	129	20	99	11	135	121	92	1	25	7	30	159	93	4	46	4	10	95	62	44	6	0	16	154	68	47	2	72	33	136	31	70	100	41	173	46	0	49	96	67	29	4	88	39	113	32	120	70	24	52	4	22	37	4	111	59	22	161	15	66	55	0	255	33	108	1	132	327	35	36	39	0	126	189	107	172	104	1	189	27	81	80	24	284	40	7	45	30	20	132	120	4	1	28	16	0	264	52	197	96	43	158	68	104	231	0	5	66	0	19	23	39	260	64	133	149	0	44	158	1	206	7	17	168	68	48	140	325	73	137	39	129	38	49	55	84	38	154	33	38	112	0	227	93	322	56	49	51	31	137	132	79	198	212	73	42	44	103	133	45	39	78	0	70	22	10	47	147	45	36	19	93	4	26	37	190	0	44	30	126	78	31	133	80	116	178	94	76	155	71	46	57	6	74	71	12	88	40	33	22	102	145	3	87	53	47	47	40	69	69	135	148	39	25	60	115	144	70	20	60	67	31	102	144	1	89	299	21	169	122	147	179	0	93	0	108	44	84	92	17	86	39	24	124	17	18	96	193	53	14	283	105	2	119	45	114	238	134	77	83	28	99	48	96	59	76	91	155	325	28	90	40	0	30	57	73	27	49	64	28	48	181	193	159	7	322	136	115	109	285	75	77	168	28	70	0	14	13	73	39	124	68	52	134
3	0	0	0	0	0	0	0	0	0	0	0	0	0	0	0	0	0	0	0	0	0	0	0	0	0	0	0	0	0	0	0	0	0	0	0	0	0	0	0	0	0	0	0	0	0	0	0	0	0	0	0	0	0	0	0	0	0	0	0	0	0	0	0	0	0	0	0	0	0	0	0	0	0	0	0	0	0	0	0	0	0	0	0	0	0	0	0	0	0	0	0	0	0	0	0	0	0	0	0	0	0	0	0	0	0	0	0	0	0	0	0	0	0	0	0	0	0	0	0	0	0	0	0	0	0	0	0	0	0	0	0	0	0	0	0	0	0	0	0	0	0	0	0	0	0	0	0	0	0	0	0	0	0	0	0	0	0	0	0	0	0	0	0	10	0	0	0	0	0	0	0	0	0	0	0	0	0	0	0	0	0	0	0	0	0	0	0	0	0	0	0	0	17	0	0	0	0	0	0	0	0	0	0	0	0	0	90	0	0	0	0	0	0	0	0	0	0	0	5	0	0	0	0	0	0	0	0	44	0	0	0	0	0	0	21	0	0	0	0	0	0	0	0	0	0	1	0	0	0	0	0	0	0	0	0	0	18	0	0	0	0	0	0	0	0	5	26	0	0	0	0	0	0	0	5	0	0	0	0	25	0	0	0	0	0	0	0	0	0	0	0	0	0	0	0	0	0	0	0	0	62	0	69	0	0	0	134	159	29	0	0	3	0	5	0	0	44	38	63	1	23	0	0	62	0	0	0	0	2	8	111	0	0	3	0	3	0	69	0	115	0	47	0	0	0	53	3	0	23	0	0	0	0	31	0	114	0	26	0	35	3	8	0	0	133	0	0	0	50	2	16	0	1	0	0	189	0	12	0	0	0	0	1	0	0	0	0	0	0	0	0	0	7	2	0	0	35	0	0	214	46	1	11	0	0	48	56	0	36	104	0	13	69	64	40	79	61	0	0	0	0	69	0	22	177	26	0	145	0	0	9	3	4	0	150	52	3	9	0	29	104	12	0	54	4	190	0	85	10	172	0	1	91	59	0	14	0	0	89	79	0	0	0	75	46	0	33	252	78	38	0	0	20	54	0	61	109	96	0	122	2	25	0	46	17	0	0	0	53	9	0	178	0	0	0	85	205	0	69	0	166	29	133	0	99	0	101	160	112	66	96	3	4	0	87	139	0	0	0	76	29	103	0	80	23	14	173	87	103	126	155	62	0	0	95	39	261	0	230	64	20	27	47	64	0	111	0	162	67	55	44	93	0	86	1	0	45	0	152	94	181	0	10	79	0	228	14	5	158	90	39	97	169	0	314	210	78	152	118	65	4	0	44	59	53	125	253	0	2	23	4	0	54	123	208	58	6	47	4	32	1	0	48	152	0	13	0	36	37	17	54	308	0	0	62	0	126	120	0	70	33	17	69	28	183	60	44	33	0	36	29	212	0	63	10	8	67	0	78	186	247	87	103	0	47	156	147	57	0	212	120	0	33	48	66	64	0	55	0	135	72	9	162	0	33	18	0	69	0	0	152	87	0	121	273	15	63	52	0	156	39	44	121	20	26	13	123	268	0	300	171	59	26	0	109	124	145	91	0	123	97	50	46	42	64	55	65	158	47	34	80	20	6	33	0	72	44	93	19	37	0	60	48	0	41	76	140	74	2	27	0	119	0	76	45	70	47	0	40	82	0	6	180	101	4	0	85	34	0	45	57	59	0	29	58	105	35	6	52	40	104	39	89	33	58	47	486	28	0	65	70	186	149	120	97	204	66	274	58	88	48	74	1	297	44	88	128	16	101	52	190	0	0	102	49	88	39	141	145	12
4	0	0	0	0	0	0	0	0	0	0	0	0	0	0	0	0	0	0	0	0	0	0	0	0	0	0	0	0	0	0	0	0	0	0	0	0	0	0	5	0	0	0	0	0	0	0	0	0	0	0	0	0	0	0	0	0	0	0	0	0	0	0	0	0	0	0	0	0	0	0	0	0	0	0	0	0	0	0	0	0	0	0	0	0	0	0	0	0	0	0	0	0	0	0	0	0	0	0	0	0	0	0	0	0	0	0	0	0	0	0	0	0	0	0	0	9	0	0	0	0	16	0	0	0	0	0	0	0	0	0	84	0	0	0	0	0	0	0	0	0	40	0	0	0	0	0	0	0	0	0	0	0	0	0	0	0	0	0	0	0	0	0	0	40	0	0	0	0	0	0	0	0	0	0	0	0	0	1	0	0	0	0	0	0	0	0	0	0	0	0	0	0	0	0	0	0	0	0	0	0	0	0	0	0	0	0	0	0	0	0	0	0	0	0	0	0	0	0	0	0	1	0	0	0	0	0	0	0	0	0	0	0	0	0	0	0	0	0	0	0	0	0	0	0	0	0	0	0	0	0	0	0	0	0	0	0	0	0	0	0	0	0	0	0	0	0	0	0	0	0	0	0	0	0	0	0	0	0	0	0	0	0	0	0	0	0	0	0	0	0	0	0	0	0	0	0	0	0	0	0	0	0	0	0	0	0	0	0	0	0	130	0	0	0	0	0	0	0	0	0	10	0	0	141	0	0	0	0	0	0	0	1	0	0	0	0	0	0	0	0	0	1	1	0	0	0	21	0	0	0	0	0	0	1	0	0	0	0	0	101	0	0	0	0	50	0	0	0	0	0	0	0	0	0	0	0	0	9	0	0	0	0	0	0	0	0	0	0	0	0	0	0	0	0	0	0	0	0	0	17	81	0	9	0	0	0	0	0	3	0	0	0	114	29	0	0	3	0	0	0	0	0	0	45	0	0	0	163	0	0	0	0	0	0	154	0	107	0	0	20	0	0	0	0	0	6	0	21	0	0	0	0	0	0	0	0	1	0	11	108	0	0	0	3	0	0	48	0	0	0	79	0	0	0	0	27	6	43	0	0	0	0	0	0	6	0	0	0	41	0	0	0	0	0	0	0	0	0	10	0	6	0	0	0	0	0	0	11	22	0	276	0	0	0	0	2	0	0	0	15	14	3	0	0	0	1	10	1	0	121	78	0	0	0	0	0	0	0	4	6	47	4	41	2	0	0	0	20	0	0	105	73	0	12	0	0	0	0	15	0	3	0	0	0	0	4	0	0	5	30	3	0	14	0	0	192	0	3	0	0	0	0	0	4	35	0	0	0	0	0	4	0	7	1	0	3	0	0	0	4	2	0	0	17	0	84	0	0	35	48	0	0	0	0	0	0	0	107	0	10	9	4	0	0	0	51	61	8	0	0	0	0	0	115	20	0	4	0	1	11	23	0	0	0	19	0	37	56	0	0	8	0	0	22	39	0	0	146	0	6	0	0	17	0	8	165	0	0	0	0	0	0	0	0	0	16	25	4	0	44	146	76	0	0	10	0	0	1	0	0	0	1	30	0	1	0	24	0	0	18	11	121	28	0	0	0	5	0	9	54	0	2	0	0	0	1	41	1	0	72	0	0	0	0	52	66	6	3	0	55	0	38	0	0	0	3	31	0	60	0	0	1	71	85	21	0	117	66	0	53	8	5	0	0	0	0	8	0	13	0	0	0	1	1	0	0	85	3	0	57	0	16	77	14	0	5	19	0	10	2	0	8	0	0	1	44	25	0	9	0	0	0	0	0	6	9	0	59	0	120
5	0	0	0	0	0	0	0	0	0	0	0	0	0	0	0	0	0	0	0	0	0	0	0	0	0	0	0	0	0	0	0	0	0	0	0	0	0	4	0	0	0	0	0	0	0	0	0	0	0	0	0	0	0	0	0	0	0	0	0	0	0	0	0	0	0	0	0	0	0	0	0	0	0	0	0	0	0	0	0	0	0	0	0	0	0	0	0	0	0	0	0	0	0	0	0	0	0	0	0	0	0	0	0	0	0	0	0	0	0	0	0	0	0	0	0	0	0	0	0	0	0	0	0	0	0	0	0	0	0	0	0	0	0	0	0	9	0	0	0	0	0	4	0	0	0	0	0	0	0	0	0	0	0	0	0	0	0	0	0	0	0	0	0	0	0	0	0	0	0	0	0	0	0	0	0	0	22	0	0	0	0	0	0	0	0	0	0	0	0	0	0	0	0	0	0	0	0	0	0	0	0	0	0	2	0	0	0	0	0	0	0	0	0	0	0	0	0	0	0	0	0	0	0	0	0	0	0	71	1	0	13	0	0	0	0	0	0	0	0	0	0	0	0	0	0	0	0	0	0	0	0	0	0	0	0	0	52	0	0	0	4	0	0	0	32	0	0	0	0	0	0	23	76	32	0	0	0	31	0	0	0	0	0	0	0	0	1	0	0	0	0	0	0	0	0	0	0	0	0	0	65	0	0	0	0	0	187	20	0	0	0	46	0	9	0	0	80	104	66	1	124	0	0	46	0	0	19	0	0	0	167	0	0	101	3	1	0	90	0	6	0	104	0	0	0	19	63	0	228	0	8	0	0	35	0	83	0	0	0	66	96	2	0	0	28	0	0	0	148	0	101	0	70	0	0	162	0	26	0	0	0	5	170	0	0	0	0	0	49	0	0	0	9	8	0	0	0	0	0	62	169	17	58	0	0	180	172	0	42	181	28	63	2	171	24	53	0	0	0	0	0	38	0	112	12	9	0	154	0	0	129	0	65	0	50	34	243	81	0	178	20	7	0	169	62	133	6	30	11	170	0	3	65	27	0	125	0	63	381	146	0	0	0	9	63	0	110	89	50	62	0	0	0	3	0	1	30	114	0	105	3	11	0	70	53	0	30	0	94	72	0	126	0	39	4	42	103	0	110	0	57	49	251	0	122	0	276	76	150	1	122	0	0	0	14	177	0	0	2	118	44	33	0	151	0	2	71	69	21	37	36	142	2	22	182	78	73	0	252	65	197	186	63	14	29	140	0	46	5	0	101	239	0	80	2	202	53	0	38	86	93	0	13	243	0	49	84	69	43	67	96	66	237	0	219	72	95	8	119	66	8	18	61	153	133	64	82	0	8	20	43	0	23	79	301	52	128	40	0	141	11	10	0	99	0	122	0	166	34	8	135	281	0	0	10	0	96	346	1	68	0	33	67	21	176	74	10	174	0	143	27	145	0	310	124	96	239	0	163	68	65	79	120	0	113	47	115	105	0	14	121	16	53	132	59	30	0	145	0	52	76	25	9	0	40	56	0	253	0	0	31	185	0	136	38	75	97	107	0	22	83	75	65	101	147	14	19	49	28	120	172	180	79	0	121	23	153	8	0	18	82	147	42	42	97	10	57	223	79	21	86	96	1	98	0	39	31	39	121	79	0	123	62	9	150	139	12	24	2	89	6	364	0	57	21	24	169	0	128	122	0	43	52	104	8	3	211	184	0	196	320	135	5	110	130	73	232	28	52	10	95	222	68	79	17	332	28	40	0	109	78	189	67	213	155	108	84	84	32	139	39	91	8	98	169	83	30	17	63	84	105	0	0	86	18	26	55	36	38	51
6	0	0	0	19	0	0	0	0	0	0	0	0	0	0	0	0	0	0	0	0	0	0	0	0	0	0	0	0	0	0	0	0	0	0	0	0	0	0	0	0	0	0	0	0	0	0	0	0	0	0	0	0	0	0	0	0	0	0	0	0	0	0	0	0	0	0	0	0	0	0	0	0	0	0	0	0	0	0	0	0	0	0	0	0	0	0	0	0	0	0	0	0	0	0	0	0	0	0	0	0	0	0	0	0	0	0	0	0	0	0	0	0	0	8	0	0	0	0	0	0	0	0	0	0	0	0	0	0	0	0	0	0	0	0	0	0	0	0	0	0	0	0	0	0	0	0	0	0	0	0	0	0	0	0	0	0	0	0	0	0	0	0	0	48	0	0	0	0	0	0	0	0	0	0	0	0	0	0	0	0	0	0	0	0	0	0	0	0	0	0	0	0	0	0	0	0	0	0	0	0	0	0	0	0	0	0	0	0	0	0	0	0	0	6	0	0	0	7	21	0	79	0	0	0	0	0	0	122	0	0	0	0	0	0	0	0	0	0	0	0	0	0	0	0	0	0	0	0	0	0	0	0	0	0	0	0	195	0	0	0	0	0	0	0	0	0	0	0	0	0	19	42	0	5	0	0	0	0	0	0	0	0	0	0	0	0	0	0	0	13	0	0	0	0	0	0	0	0	0	0	58	0	78	0	0	138	175	5	0	0	0	31	0	41	0	0	32	5	62	8	30	0	0	182	0	0	2	0	0	0	106	0	0	0	0	1	0	67	0	8	0	54	0	0	0	79	228	0	68	0	0	0	0	44	0	29	0	0	0	141	20	35	0	0	126	0	0	0	26	44	83	0	0	0	0	145	1	30	0	0	0	8	3	5	0	0	0	0	0	0	0	0	0	0	0	0	5	0	0	45	43	43	31	0	0	63	45	3	33	92	119	13	98	106	132	122	0	0	1	0	0	103	0	13	106	68	0	36	0	0	48	5	0	0	143	63	120	3	0	7	71	57	0	107	176	179	0	20	8	13	1	0	20	38	0	189	0	37	117	133	0	0	0	155	131	0	54	99	78	37	0	18	1	58	5	93	48	49	0	56	0	11	0	111	45	0	0	75	60	11	2	202	0	5	0	132	79	0	99	0	117	70	15	0	70	0	36	54	53	0	152	0	0	0	115	16	0	0	4	170	53	69	0	82	0	0	63	18	31	115	51	46	2	27	178	35	88	0	46	7	54	102	26	0	0	45	0	114	51	0	125	98	3	19	0	174	136	0	137	90	40	0	49	110	0	69	116	0	112	155	36	50	88	0	118	46	30	10	140	84	173	0	147	14	132	38	114	0	24	25	17	0	159	136	271	89	42	15	22	72	2	39	0	106	0	174	0	65	36	316	247	276	0	0	24	0	253	49	0	33	0	37	70	75	85	85	63	85	0	44	6	147	0	37	62	67	118	0	39	30	182	176	205	0	37	44	8	85	0	57	114	60	253	88	45	64	9	214	0	102	172	4	46	0	80	186	0	99	0	0	12	11	0	170	235	109	94	69	0	63	125	168	124	64	102	60	199	83	0	70	10	241	76	0	51	75	1	27	0	60	151	77	41	19	53	265	66	151	141	68	57	177	55	37	0	116	144	37	66	140	0	116	59	0	51	19	224	87	0	62	0	136	0	55	20	59	110	0	200	77	0	208	66	35	248	0	87	25	0	99	92	10	0	64	170	199	183	135	123	90	36	30	26	44	72	94	97	209	0	217	168	119	137	120	47	95	83	64	112	59	56	257	8	35	75	147	54	95	66	164	182	17	0	18	43	116	54	104	53	16
7	0	0	0	0	0	0	0	0	0	0	0	0	0	0	0	0	0	0	0	0	0	0	0	0	0	0	0	0	0	0	0	0	0	0	0	0	0	0	0	0	0	0	0	0	0	0	0	0	0	0	0	0	0	0	0	0	0	0	0	0	0	0	0	0	0	0	0	0	0	0	0	0	0	0	0	0	0	0	0	0	0	0	0	0	0	0	0	0	0	0	0	0	0	0	0	0	0	0	0	0	0	0	0	0	0	0	0	0	0	0	0	0	0	0	0	0	0	0	0	0	0	0	0	0	0	0	0	0	0	0	0	0	0	0	0	0	3	0	0	0	0	0	0	0	0	0	0	0	0	0	0	0	0	0	0	0	0	0	0	0	0	0	0	15	0	0	0	0	0	0	0	0	0	0	0	0	0	0	0	0	0	0	0	0	0	4	0	0	0	0	39	0	0	0	0	0	0	0	0	0	0	0	15	0	0	0	0	16	30	0	0	0	0	0	0	0	0	0	0	0	0	0	0	0	0	0	0	198	0	0	0	0	0	0	0	0	8	0	0	0	0	0	0	0	0	0	0	0	0	0	0	0	0	0	0	0	72	0	0	0	1	0	0	0	0	0	0	0	0	0	0	15	0	0	0	0	0	0	0	6	0	124	0	0	0	0	0	0	0	0	0	0	0	4	0	0	0	0	0	0	58	0	93	0	0	0	26	15	0	0	0	31	0	0	0	0	18	59	175	0	114	0	0	69	0	0	0	0	0	0	84	0	0	0	0	0	0	34	0	7	0	38	0	0	0	46	28	0	29	16	0	0	31	68	0	61	0	0	0	10	10	78	0	0	107	0	76	0	48	0	38	0	0	0	0	104	0	102	0	0	0	7	25	0	0	0	0	0	2	0	0	1	1	0	0	0	0	0	0	39	53	63	137	0	0	73	33	0	91	155	21	4	127	83	133	69	134	0	0	0	0	7	0	176	10	164	0	109	0	0	42	0	1	0	7	170	109	2	0	208	117	93	0	196	122	113	0	189	100	9	0	0	200	39	0	92	1	3	46	180	0	0	0	20	137	0	56	43	123	155	0	0	3	8	0	19	235	106	0	160	0	42	0	30	46	0	0	0	21	125	2	158	0	18	26	27	37	0	122	0	73	25	102	8	123	10	32	31	105	0	45	0	0	0	179	131	0	0	4	43	74	63	0	138	0	1	247	12	100	258	63	23	0	87	48	76	91	0	41	117	106	96	116	19	0	29	0	38	145	0	156	136	0	15	2	17	73	0	86	234	220	0	75	80	0	89	4	99	63	120	59	15	111	0	285	293	137	25	116	11	60	0	100	192	528	13	188	0	14	0	32	0	48	180	111	36	0	101	61	3	1	0	0	49	0	37	0	124	390	334	151	140	0	0	55	13	82	232	0	51	19	69	18	54	61	23	70	82	0	21	0	56	2	146	195	33	48	0	32	110	323	59	349	0	11	65	145	167	0	39	131	0	66	18	139	68	0	85	0	84	42	1	158	0	69	111	22	275	0	0	52	45	0	27	57	121	74	48	0	7	48	182	64	14	174	53	29	97	2	271	120	154	37	2	183	111	117	17	0	75	126	51	105	14	99	35	56	130	162	32	8	158	43	41	0	99	66	47	266	35	0	15	136	0	51	124	84	157	0	128	4	140	0	145	21	24	59	0	110	89	0	68	111	52	91	0	91	22	0	124	137	116	0	46	48	138	79	57	34	253	29	200	174	41	52	145	23	120	0	10	38	63	35	38	105	100	120	22	110	263	68	138	48	6	166	289	107	123	24	143	46	0	0	50	30	26	70	329	202	182
8	0	0	0	0	0	0	0	0	0	0	0	0	0	0	0	0	0	0	0	0	0	0	0	0	0	0	0	0	0	0	0	0	0	0	0	0	0	0	0	0	0	0	0	0	0	0	0	0	0	0	0	0	0	0	0	0	0	0	0	0	0	0	0	0	0	0	0	0	0	0	0	0	0	0	0	0	0	0	0	0	0	0	0	0	0	0	0	0	0	0	0	0	0	0	0	0	0	0	0	0	0	13	0	0	0	0	0	0	0	0	0	0	0	0	0	0	0	0	0	0	0	0	0	0	0	0	0	0	0	0	0	0	0	0	0	0	0	0	0	0	0	0	0	0	27	0	0	0	0	0	0	0	0	0	0	0	0	0	0	0	0	0	0	8	0	0	0	0	0	0	0	0	0	0	0	0	0	0	0	0	0	0	0	0	0	0	0	0	0	0	0	0	0	0	0	0	0	0	0	0	0	0	0	0	0	0	0	0	0	0	0	0	0	0	0	0	0	0	0	0	0	0	0	0	0	0	0	86	0	0	15	0	0	0	0	0	0	0	0	0	0	0	0	0	0	0	0	51	0	0	0	0	0	0	0	0	67	0	0	0	0	0	0	49	0	0	0	0	0	0	0	62	0	0	0	0	0	0	0	1	0	0	0	0	0	0	52	0	0	8	0	9	0	0	0	0	0	0	0	0	94	0	19	0	0	0	49	36	7	0	0	82	0	61	0	0	87	3	121	0	56	0	0	363	0	0	13	0	1	8	69	0	0	0	6	0	0	93	0	3	0	18	1	0	0	95	0	0	36	0	0	0	0	20	0	4	0	0	0	64	8	4	0	23	84	0	0	0	36	0	23	0	0	0	0	146	0	65	4	0	1	0	0	0	0	0	0	0	0	0	0	0	0	14	11	0	0	0	0	52	23	28	40	0	0	113	44	0	223	25	32	0	63	41	160	25	0	0	0	0	0	55	0	64	21	47	0	292	0	0	63	0	0	0	38	19	16	0	1	38	38	0	0	153	132	6	0	17	7	29	0	0	14	0	0	7	0	66	50	105	0	15	0	132	15	0	74	10	105	3	0	0	0	0	14	367	61	79	0	2	14	0	0	14	12	0	0	0	12	16	0	4	0	0	0	202	11	0	39	0	113	104	39	0	35	0	43	51	44	0	136	0	8	0	109	175	0	0	4	192	124	44	0	105	0	4	0	107	50	159	52	20	0	4	44	25	26	0	80	22	147	222	195	4	0	52	0	82	8	16	186	60	0	32	0	44	125	0	146	125	138	0	35	177	1	59	25	0	53	45	267	80	38	0	44	139	72	137	110	79	0	0	138	180	94	31	155	0	0	0	1	2	48	44	52	0	46	83	55	67	0	14	0	94	0	30	0	33	69	22	143	90	0	0	133	0	62	275	0	44	5	42	107	123	1	3	16	1	0	0	17	143	0	35	26	127	11	0	32	145	84	52	34	0	112	97	34	55	51	32	46	0	122	204	78	214	0	75	0	169	32	0	249	0	10	78	0	27	0	0	102	70	0	52	134	78	104	128	0	113	193	113	89	28	130	28	29	124	0	96	109	215	110	0	60	143	53	44	0	139	97	166	62	8	34	41	305	83	329	70	63	122	0	8	0	22	21	107	23	103	0	21	95	16	26	116	39	259	0	188	0	131	0	40	0	22	0	0	94	164	4	161	170	18	5	14	1	48	0	15	247	103	1	45	132	210	140	84	122	70	31	145	53	143	23	128	67	8	0	253	187	63	7	67	144	105	102	130	47	43	54	27	67	58	136	67	67	90	158	215	56	0	0	73	65	51	34	33	129	67
9	0	0	0	0	0	0	0	0	0	0	0	0	0	0	0	0	0	0	0	0	0	0	0	0	0	0	0	0	0	0	0	0	0	0	0	0	0	0	0	0	0	0	0	0	0	0	0	0	0	0	0	0	0	0	0	0	0	0	0	0	0	0	0	0	0	0	0	0	0	0	0	0	0	0	0	0	0	0	0	0	0	0	0	0	0	0	0	0	0	0	0	0	0	0	0	0	0	0	0	0	0	0	0	0	0	0	0	0	0	0	0	0	0	0	0	0	0	0	0	0	0	0	0	0	0	0	0	0	0	0	0	0	0	0	0	0	6	0	0	0	0	0	0	0	0	0	0	0	0	0	0	1	0	0	0	0	0	0	0	0	0	0	0	0	0	0	0	0	0	0	0	0	0	0	0	0	0	0	0	0	0	0	0	0	0	33	0	0	0	0	0	0	0	0	0	0	0	0	0	0	0	0	0	0	0	0	0	0	0	0	0	0	0	0	0	0	0	0	0	0	0	0	0	0	0	0	0	0	0	0	0	0	0	0	0	0	0	0	0	0	0	0	0	0	0	0	0	0	0	0	0	0	0	0	0	0	0	0	0	0	0	0	0	0	0	0	0	0	0	0	5	0	0	0	0	0	0	0	0	0	0	0	0	0	0	0	0	0	0	0	0	0	0	0	0	0	0	0	0	0	5	0	0	0	0	5	0	8	0	0	0	0	0	0	0	0	0	1	0	0	0	0	0	35	0	0	0	0	0	0	20	0	0	0	0	0	0	0	0	0	0	19	0	0	0	130	0	0	0	0	0	0	49	45	0	0	0	0	0	98	6	4	0	0	0	0	0	0	0	0	10	0	0	4	0	18	0	0	0	0	0	0	0	0	0	0	0	0	0	0	0	0	0	0	0	0	0	0	0	0	14	1	0	0	0	0	10	0	1	1	0	0	48	65	72	0	45	0	0	0	0	0	0	0	25	0	0	118	0	1	166	0	0	0	0	10	0	0	0	0	0	0	0	4	0	0	0	0	2	0	0	0	0	0	0	0	0	0	86	40	0	0	0	1	0	0	51	6	0	0	0	0	0	0	0	28	133	0	0	0	0	0	0	3	0	0	0	0	59	0	0	0	0	0	0	0	0	0	9	0	13	1	0	0	0	0	0	5	96	0	168	0	0	0	0	26	0	0	0	49	46	184	0	0	0	5	0	13	213	118	14	0	0	15	0	0	0	0	41	60	163	0	37	0	0	4	0	134	21	0	0	25	0	0	0	0	0	0	188	0	0	0	55	5	0	97	0	0	28	0	0	0	49	0	9	7	81	61	0	0	0	0	0	0	44	0	4	0	0	0	0	0	52	0	235	14	0	0	0	0	0	0	0	40	0	240	0	17	164	63	13	12	0	0	0	0	71	10	0	84	0	44	0	0	0	15	12	0	0	0	0	0	0	4	148	0	12	0	27	0	54	0	24	0	110	45	22	108	0	55	287	0	3	0	19	15	0	36	0	21	58	0	72	0	107	76	0	0	0	0	57	0	0	86	18	0	182	0	0	2	126	92	4	0	21	0	0	21	0	0	108	114	6	0	38	133	14	0	0	28	207	210	69	0	9	52	0	73	259	3	0	4	0	0	0	0	63	0	192	2	0	0	42	0	56	31	22	6	0	91	0	0	0	138	0	113	0	0	74	0	0	296	56	36	0	0	123	66	0	2	22	152	0	29	61	0	82	0	0	0	0	120	15	8	118	7	46	1	0	89	327	100	72	61	207	0	47	18	0	33	0	180	0	235	73	95	14	47	30	5	0	0	0	0	101	66	107	0	115	2
10	0	0	0	0	0	0	0	0	0	0	0	0	0	0	0	0	0	0	0	0	0	0	0	0	0	0	0	0	0	0	0	0	0	0	0	0	0	0	0	0	0	0	0	0	0	0	0	0	0	0	0	0	0	0	0	0	0	0	0	0	0	0	0	0	0	0	0	0	0	0	0	0	0	0	0	0	0	0	0	0	0	0	0	0	0	0	0	0	0	0	0	0	0	0	0	0	0	0	0	0	0	0	0	0	0	0	0	0	0	0	0	0	0	0	0	0	0	0	0	0	0	0	0	0	0	0	0	0	0	0	0	0	0	0	0	0	0	0	0	0	0	0	0	0	0	0	0	0	0	0	0	0	0	0	0	0	0	0	0	0	0	0	0	0	0	0	0	0	0	0	0	0	0	0	0	0	0	0	0	0	0	0	0	0	0	0	0	0	0	0	0	0	0	0	0	0	0	0	0	0	0	0	0	0	1	0	0	0	0	0	0	0	0	0	0	0	0	0	0	0	0	0	0	0	0	0	0	0	0	0	0	0	0	0	0	0	0	0	0	0	0	0	0	0	0	0	0	0	0	0	0	0	0	0	0	0	0	0	0	0	0	0	0	0	0	0	0	0	0	0	0	0	0	0	0	0	0	0	0	0	0	0	0	0	0	0	0	0	0	0	0	0	0	0	0	0	0	0	0	0	0	0	0	0	0	0	0	0	0	0	0	0	0	0	0	0	0	0	12	0	0	0	0	51	0	0	0	0	0	0	107	0	0	6	0	0	0	0	0	0	0	0	0	0	0	0	0	0	0	0	0	0	0	22	0	0	0	0	0	55	13	0	0	0	0	0	0	0	0	0	0	0	0	0	0	0	0	0	0	0	0	0	0	0	0	0	0	0	0	0	0	0	11	0	0	0	0	0	0	0	0	5	0	0	0	0	28	0	0	0	0	0	129	20	0	0	0	0	0	0	0	0	0	1	0	0	0	44	0	0	53	0	0	0	0	0	0	0	0	0	4	0	0	0	0	17	0	0	0	0	0	0	0	0	0	0	0	0	0	0	0	0	0	23	0	0	14	0	61	0	0	0	0	0	0	0	54	0	0	0	0	0	0	0	0	0	0	0	40	0	46	0	0	0	0	0	0	0	4	0	0	89	0	0	0	0	0	0	63	0	65	0	0	0	1	0	0	0	0	0	162	148	0	0	0	0	8	23	0	54	104	0	0	7	0	0	0	0	54	38	44	0	18	0	0	1	0	29	0	0	0	0	51	0	0	0	0	0	121	0	2	0	0	0	0	58	0	0	41	0	27	0	11	0	0	2	0	81	0	0	0	0	0	0	22	0	7	0	0	0	0	0	49	0	134	0	0	0	0	9	0	0	0	23	0	153	0	254	23	24	141	95	0	0	0	0	15	1	0	191	0	56	0	0	0	0	0	0	0	0	0	2	0	226	63	0	76	0	201	0	53	0	0	0	82	0	110	57	0	47	65	0	6	68	148	8	0	11	0	28	0	0	10	0	217	8	0	0	0	0	143	6	0	86	0	1	105	73	0	11	8	184	0	0	46	0	0	265	0	1	0	230	100	0	12	114	0	0	0	75	32	46	91	0	3	0	0	155	260	47	1	0	0	0	10	0	88	0	43	91	0	0	183	0	93	96	98	71	0	150	0	0	0	32	15	82	0	0	52	0	0	161	106	31	0	0	219	18	0	47	270	4	0	88	113	7	80	0	0	0	0	0	25	0	190	37	84	1	0	39	17	124	83	86	85	0	97	104	0	2	0	84	0	23	35	96	0	260	0	0	2	0	0	12	68	36	142	0	42	28
11	0	0	0	0	0	0	0	19	0	0	0	0	0	0	0	0	0	0	0	0	0	0	0	0	0	14	0	0	0	0	0	0	0	0	0	0	0	0	0	0	0	0	0	0	0	0	0	0	0	0	0	0	0	0	0	0	0	0	0	0	0	0	0	0	0	0	0	0	0	0	0	0	0	0	0	0	0	0	0	0	0	0	0	0	0	0	0	0	0	0	0	0	0	0	0	0	0	0	0	0	0	0	0	0	0	0	0	0	0	0	0	0	0	0	0	0	0	0	0	0	0	0	0	0	46	0	0	0	0	0	20	61	0	0	0	0	0	0	0	0	0	84	0	0	0	0	0	0	0	0	0	0	0	0	0	0	0	0	0	0	0	0	0	0	0	0	0	0	0	0	0	0	0	0	0	0	0	0	0	0	0	0	4	0	0	0	0	0	0	0	0	0	0	0	0	0	0	0	0	0	0	0	0	0	0	0	0	0	0	0	0	0	0	0	0	1	0	0	0	0	0	0	0	0	0	0	0	0	0	0	0	0	0	0	0	0	0	0	0	0	0	0	4	0	4	0	0	0	0	0	0	0	0	0	0	0	0	0	0	0	0	0	0	0	0	0	0	0	0	0	0	0	0	0	0	0	0	0	0	0	0	0	0	0	0	0	0	0	0	0	0	0	0	0	0	11	0	0	0	0	0	0	0	0	0	0	0	5	0	0	0	0	0	0	0	1	0	0	0	0	0	0	25	0	0	0	0	0	0	0	74	0	0	0	0	0	0	0	0	0	0	0	0	0	0	0	0	0	0	53	0	0	0	20	0	0	19	0	0	0	0	0	0	0	0	0	0	0	0	0	0	0	0	0	0	0	0	0	0	0	0	0	0	0	0	0	19	0	0	0	0	0	0	0	0	1	0	0	0	0	0	0	0	0	0	0	0	0	0	0	0	0	0	0	0	0	90	0	0	0	0	0	0	0	0	0	0	14	0	0	18	0	0	0	0	0	0	14	0	0	21	0	0	0	0	0	0	0	1	0	0	0	0	0	0	0	0	0	0	20	3	2	0	0	0	4	5	0	2	0	0	0	0	3	0	0	14	0	0	0	0	0	0	0	0	13	0	0	0	0	0	0	0	0	0	0	0	0	0	0	0	0	0	0	0	0	0	0	158	0	108	0	0	0	0	5	0	0	0	0	37	170	3	0	0	1	0	0	0	294	0	0	0	0	0	0	0	0	0	8	55	0	5	0	5	0	0	0	0	0	0	0	0	0	0	0	0	0	140	0	0	0	0	0	0	0	0	0	1	0	0	0	1	0	0	0	0	0	0	0	0	0	0	0	30	0	0	0	0	0	0	14	0	0	95	0	0	0	0	0	0	0	0	0	0	189	0	115	0	99	100	33	0	0	0	1	0	0	0	92	0	89	5	33	0	0	0	0	0	0	0	0	0	0	54	0	49	0	16	0	134	0	0	0	107	0	4	89	0	149	37	0	0	0	133	3	0	0	0	30	0	0	0	0	163	0	1	10	0	0	110	0	0	43	0	0	172	0	0	0	0	21	0	1	50	0	0	13	0	1	0	93	79	0	0	22	0	0	0	89	74	100	51	0	3	0	0	38	143	0	0	0	0	0	0	0	47	0	34	1	0	0	126	0	144	66	0	96	0	54	0	0	0	127	0	122	0	0	190	0	0	183	34	1	0	0	122	0	0	99	147	95	0	127	113	0	135	0	0	0	0	0	0	0	79	0	79	0	0	0	116	109	203	130	137	0	0	74	0	0	0	75	0	61	132	147	0	67	8	0	0	0	0	0	66	0	43	0	193	102
12	0	0	0	0	0	0	0	0	29	0	0	0	0	0	0	0	0	0	0	0	0	0	0	0	0	0	0	0	0	0	0	0	0	0	0	0	0	0	0	0	0	0	0	0	0	0	0	0	0	0	0	0	0	0	0	0	0	0	0	0	0	0	0	0	0	0	0	0	0	0	0	0	0	0	0	0	0	0	0	0	0	0	0	0	0	0	0	0	0	0	0	0	0	0	0	0	0	0	0	0	0	0	0	0	0	0	0	0	0	0	0	0	0	0	0	0	0	0	0	0	0	0	0	0	0	0	0	0	0	0	0	0	0	0	0	0	0	0	0	0	0	0	0	0	0	0	0	0	0	0	0	0	0	0	0	0	0	0	0	0	0	0	0	0	0	0	0	0	0	0	0	0	0	0	0	0	0	0	0	0	0	0	0	0	0	0	0	0	0	0	0	0	0	0	0	0	0	0	0	0	0	8	0	0	0	0	0	0	0	0	0	0	0	0	0	10	0	0	0	0	0	0	0	0	0	0	0	0	0	0	0	0	0	0	0	0	0	0	0	0	0	0	0	0	0	0	0	0	0	0	0	0	0	0	0	0	0	0	0	0	0	0	0	0	0	0	0	0	0	0	0	0	0	0	0	0	0	0	0	0	0	0	0	0	0	0	0	0	0	0	0	0	0	0	0	0	0	0	0	0	0	0	0	0	0	0	0	0	0	0	0	0	0	0	0	1	0	0	0	0	0	0	0	23	0	0	0	0	0	0	2	0	0	0	0	0	0	0	0	0	0	0	0	0	0	3	0	0	0	0	0	0	7	0	0	0	0	0	0	0	0	0	0	0	0	0	0	0	0	0	2	0	0	0	0	0	0	0	0	0	0	0	0	0	0	0	0	0	0	0	0	0	0	0	0	2	0	0	0	0	0	0	0	0	0	0	0	0	0	0	0	0	30	0	0	0	0	0	0	0	27	0	0	0	0	0	0	41	0	0	121	0	0	0	0	0	0	0	0	0	0	0	0	0	0	0	0	0	0	0	0	0	0	0	0	0	0	0	0	0	0	0	0	0	0	0	7	0	0	0	0	0	0	0	21	0	0	0	0	0	0	0	0	0	0	0	0	0	0	0	0	0	0	0	0	0	0	0	0	0	0	0	0	0	0	0	0	0	67	0	97	6	0	0	0	0	0	0	0	0	5	122	0	0	0	0	0	0	0	167	0	0	0	0	0	0	0	0	0	29	62	0	15	0	2	0	0	0	0	0	0	0	0	0	0	0	0	0	51	0	0	0	0	0	0	0	0	1	0	0	0	0	0	0	0	0	0	0	0	0	0	0	0	0	0	0	0	0	0	0	0	0	30	0	62	0	0	0	0	0	0	0	0	2	0	129	0	50	0	31	31	0	0	0	0	0	0	0	0	149	0	95	0	0	0	0	0	0	0	0	0	0	0	0	0	0	158	0	0	0	39	0	0	0	58	0	12	198	0	96	201	0	0	0	116	0	0	19	2	100	0	0	0	0	23	0	0	0	0	0	13	0	0	219	0	69	87	0	0	0	0	39	0	0	129	0	0	161	0	0	0	11	9	0	101	36	0	0	0	0	91	46	217	0	6	0	0	57	104	0	0	0	0	0	0	0	115	0	90	0	0	0	170	0	171	106	0	30	0	32	0	0	0	6	0	121	0	0	39	0	0	33	67	0	2	0	36	0	0	0	310	43	0	132	65	0	37	0	2	0	0	0	4	0	35	0	2	3	0	0	53	252	378	165	74	0	0	62	0	0	0	107	0	76	2	18	0	93	0	0	0	11	0	0	66	0	72	0	56	34
13	0	0	0	0	0	0	0	0	0	0	0	0	0	0	0	0	0	0	0	0	0	0	0	0	0	0	0	0	0	0	0	0	0	0	0	0	0	0	0	0	0	0	0	0	0	0	0	0	0	0	0	0	0	0	0	0	0	0	0	0	0	0	0	0	0	0	0	0	0	0	0	0	0	0	0	0	0	0	0	0	0	0	0	0	0	0	0	0	0	0	0	0	0	0	0	0	0	0	0	0	0	0	0	0	0	0	0	1	0	0	0	4	0	0	0	0	0	0	0	0	0	0	10	0	0	0	0	0	0	0	0	0	0	0	0	0	0	0	0	0	0	0	0	0	0	0	0	0	0	0	0	0	0	0	0	0	0	0	0	0	0	0	0	0	0	0	0	0	0	0	0	0	0	0	0	0	0	0	0	0	0	0	0	0	0	0	0	0	0	0	0	0	0	0	0	0	0	1	0	0	0	0	0	0	14	0	0	0	0	0	13	21	0	0	0	0	0	0	0	0	0	0	0	0	0	0	0	0	0	0	0	13	0	0	0	0	0	0	0	0	0	0	0	0	0	0	0	0	0	0	0	0	0	5	0	0	0	0	0	0	0	0	0	0	0	0	0	0	0	0	0	0	0	0	0	0	0	3	0	0	7	0	0	0	0	0	0	0	0	0	0	0	0	0	0	0	0	0	0	0	0	0	0	0	0	0	0	0	0	0	0	0	0	0	0	0	0	0	0	0	0	0	0	0	0	0	0	0	0	0	75	0	0	0	0	0	0	0	0	0	0	0	0	0	0	0	0	0	0	0	0	0	16	0	0	0	0	0	0	0	0	0	0	0	0	0	2	0	0	0	0	0	0	0	0	0	0	0	0	0	0	0	0	0	0	0	2	0	1	0	0	0	5	0	0	0	0	0	0	0	0	0	0	0	0	0	5	0	0	0	0	0	0	0	0	0	0	0	0	0	0	0	0	0	0	0	0	83	0	0	166	0	6	0	0	0	0	0	0	0	0	0	0	0	0	0	0	0	0	0	0	0	0	0	0	0	0	0	0	0	0	0	0	0	0	0	0	0	0	0	0	0	0	0	0	0	0	0	0	0	0	0	0	0	0	0	0	0	12	0	0	0	0	0	0	27	0	0	0	0	0	0	0	0	0	0	0	0	8	0	161	1	0	0	0	4	0	0	0	0	0	114	0	0	0	0	0	0	0	9	0	0	0	0	0	0	0	0	0	0	187	0	104	0	0	2	0	14	0	0	0	0	0	0	0	0	0	0	37	0	0	0	0	0	0	0	0	0	17	0	0	0	10	0	0	1	0	0	0	0	0	46	0	0	1	0	0	0	0	0	0	0	0	0	59	0	0	0	0	0	0	0	0	0	0	0	0	95	0	72	113	0	0	0	0	0	0	15	0	164	0	86	0	0	0	0	0	0	0	0	2	0	0	0	132	0	52	0	20	0	7	0	0	0	54	33	0	90	0	109	66	0	0	0	30	0	0	0	0	43	24	0	0	0	46	0	0	3	0	0	130	16	0	261	0	0	38	0	0	0	0	230	3	0	129	0	0	73	0	0	0	41	31	13	0	45	0	0	0	119	52	45	34	0	0	0	0	183	24	0	0	0	0	0	0	0	94	0	146	0	0	0	157	0	90	109	0	19	0	10	0	0	0	1	0	82	0	0	97	0	0	395	218	4	0	0	40	29	1	0	236	33	0	72	113	0	57	0	0	0	0	0	0	0	154	12	219	0	0	0	47	113	117	166	58	0	0	21	0	0	0	227	6	129	0	128	0	79	0	0	0	0	0	0	78	0	58	0	80	1
14	0	0	0	0	0	0	0	4	0	0	0	0	0	0	0	0	0	0	0	0	0	0	0	0	0	0	0	0	0	0	0	0	0	0	0	0	0	0	0	0	0	0	0	0	0	0	0	0	0	0	0	0	0	0	0	0	0	0	0	0	0	0	0	0	0	0	0	0	0	0	0	0	0	0	0	0	0	0	0	0	0	0	0	0	0	0	0	0	0	0	0	0	0	0	0	0	0	0	0	0	0	0	0	0	0	0	0	0	0	0	0	0	0	0	0	0	0	0	0	0	0	0	0	0	0	0	0	0	0	0	0	0	0	0	0	0	0	0	0	0	0	0	0	1	0	0	0	0	0	0	0	0	0	0	0	0	0	0	0	0	15	0	0	0	0	0	0	0	0	0	0	0	0	0	0	0	0	0	0	0	0	0	0	0	0	0	0	0	0	0	0	0	0	0	0	0	0	0	0	0	0	21	0	0	0	0	0	0	0	0	0	0	15	0	0	0	0	0	0	0	0	0	0	0	0	0	0	0	0	0	0	0	0	0	0	0	0	0	0	7	0	5	0	0	0	0	0	0	0	0	0	0	0	0	0	0	84	0	0	0	0	0	0	0	0	0	0	0	0	0	3	0	0	0	0	0	0	0	0	0	0	0	0	0	0	0	0	0	0	0	0	0	0	0	0	0	0	0	0	1	0	0	0	0	0	1	0	0	0	0	0	0	0	0	0	0	0	0	0	0	0	0	0	0	0	0	0	0	0	0	0	0	0	0	0	0	0	0	0	0	0	0	0	2	0	3	0	0	0	0	0	3	74	0	0	0	0	0	0	0	0	0	0	0	0	0	0	0	0	0	6	0	0	0	0	0	0	0	0	0	0	0	0	0	0	0	0	0	0	0	0	0	0	0	28	1	0	0	0	0	0	0	0	0	0	0	0	0	0	0	0	0	0	0	0	0	3	0	0	0	0	0	0	0	63	20	4	21	0	0	14	0	0	0	0	0	0	0	0	0	0	52	0	0	0	0	0	0	0	0	0	0	0	0	0	0	0	0	0	0	0	0	0	0	0	0	23	0	0	0	0	0	10	0	0	0	0	0	0	0	0	1	0	15	0	0	0	0	0	0	0	0	0	0	0	0	0	0	0	0	0	0	0	2	0	0	0	0	53	0	55	0	0	0	0	0	0	0	0	0	215	218	0	0	0	0	0	0	0	83	23	0	0	4	0	0	0	0	0	0	64	0	2	0	47	0	7	7	0	0	0	0	0	0	0	0	0	0	235	0	0	0	45	0	0	0	0	0	39	0	0	0	33	0	0	0	0	0	0	0	0	0	0	0	50	0	0	0	0	0	0	0	0	0	164	0	0	0	3	0	0	0	0	0	0	72	0	38	0	0	8	0	0	0	0	2	0	0	0	126	0	34	0	8	0	6	0	0	0	0	1	0	0	0	5	1	132	0	0	0	183	0	0	3	130	0	5	31	0	64	57	0	0	0	363	0	0	1	0	122	0	0	0	0	8	0	0	0	0	0	177	0	0	68	0	0	136	0	0	5	0	58	0	0	4	0	0	57	0	0	0	129	13	0	0	66	0	0	0	101	140	68	277	0	0	0	0	91	64	0	0	0	0	0	0	0	28	15	119	0	0	0	52	0	83	159	0	55	0	5	0	0	0	105	0	84	0	0	86	0	0	27	28	5	0	0	186	0	0	0	107	150	5	81	60	0	197	0	0	0	0	0	0	0	59	0	134	4	0	0	328	51	79	39	131	0	0	151	0	0	0	39	0	108	0	169	0	183	0	0	0	0	0	0	23	0	13	0	67	0
15	0	0	0	0	0	0	0	0	0	0	0	0	0	0	0	0	0	0	0	0	0	0	0	0	0	0	0	0	0	0	0	0	0	0	0	0	0	0	0	0	0	0	0	0	0	0	0	0	0	0	18	0	0	0	0	0	0	0	0	0	0	0	0	0	0	0	0	0	0	0	0	0	0	0	0	0	0	0	0	0	0	0	0	0	0	0	0	0	0	0	0	0	0	0	0	0	0	0	0	0	0	0	0	0	0	0	0	0	0	0	0	0	0	0	0	0	0	0	0	0	0	0	0	0	0	0	0	0	0	0	0	0	0	0	0	0	0	0	0	0	0	17	0	0	0	0	0	0	0	0	0	0	0	0	0	0	0	0	0	0	0	0	0	0	0	0	0	0	0	0	0	0	0	0	0	0	0	0	0	0	0	0	0	0	0	0	0	0	0	22	0	0	0	0	0	0	0	0	0	0	0	0	0	0	0	0	0	0	0	0	0	0	0	0	0	0	0	0	0	0	0	0	0	0	0	0	0	0	0	0	0	0	0	0	0	0	0	0	0	0	0	0	0	0	0	0	0	0	0	0	0	0	0	0	0	0	0	0	0	0	0	0	0	2	0	0	0	0	0	0	0	0	0	0	1	0	0	0	0	0	0	0	0	0	0	0	0	0	0	0	0	0	0	0	0	0	0	0	0	0	0	0	0	0	0	0	0	0	0	0	0	0	0	0	0	0	0	0	0	0	0	0	0	0	0	0	0	0	0	0	0	0	0	0	0	0	0	0	0	0	0	0	0	0	0	0	0	0	0	0	0	1	0	0	0	0	0	0	0	0	0	0	0	0	0	0	0	0	0	0	0	0	0	0	0	0	0	0	0	0	0	0	0	0	0	0	0	0	0	0	0	0	0	0	0	0	0	0	0	0	0	0	0	0	0	0	0	3	0	0	0	0	4	0	0	0	0	0	0	0	0	0	0	0	0	0	0	85	0	0	133	0	0	29	0	0	0	0	0	0	0	0	0	0	0	0	0	0	0	0	0	0	0	0	0	0	0	0	0	0	0	0	0	0	0	0	87	0	3	0	0	0	0	0	1	0	0	0	0	0	0	0	0	0	0	0	0	0	26	0	0	0	0	0	0	18	0	0	0	0	0	0	0	0	0	0	0	0	111	0	96	0	0	0	0	0	0	0	0	0	0	303	0	0	0	0	0	0	0	132	0	0	0	0	0	0	0	0	0	10	255	0	0	0	0	0	0	3	0	0	0	0	0	0	0	0	0	0	68	0	0	0	0	1	0	0	0	0	0	0	0	0	0	0	0	0	1	0	0	0	0	0	0	0	0	0	0	0	0	0	0	0	0	0	85	0	0	0	0	0	0	0	0	0	0	182	0	46	0	42	60	15	0	0	0	0	0	0	0	93	0	14	0	0	0	0	0	0	0	0	0	0	0	0	12	0	166	0	0	0	46	0	0	0	68	0	9	106	0	90	148	0	0	0	84	0	0	0	0	48	0	0	0	0	111	0	0	0	0	0	20	0	0	21	0	0	119	7	0	3	0	112	0	0	111	0	0	218	0	0	0	161	0	0	0	72	0	0	0	101	67	253	161	0	3	4	0	140	181	1	0	0	0	0	0	0	191	0	42	0	0	0	49	0	62	39	0	76	0	24	0	0	0	55	0	30	0	0	87	0	0	149	15	0	0	0	62	0	0	33	67	77	0	148	73	0	200	0	0	0	0	0	0	0	34	0	11	0	0	0	110	54	115	38	33	0	0	132	0	0	0	91	0	29	0	89	0	79	0	0	0	0	0	0	32	0	106	0	8	0
16	0	0	0	0	0	0	0	0	0	0	0	0	0	0	0	0	0	0	0	0	0	0	0	0	0	0	0	0	0	0	0	0	0	0	0	0	0	0	0	0	0	0	0	0	0	0	0	0	0	0	0	0	0	0	0	0	0	0	0	0	0	0	0	0	0	0	0	0	0	0	0	0	0	0	0	0	0	0	0	0	0	0	0	0	0	0	0	0	0	0	0	0	0	0	0	0	0	0	0	0	0	0	0	0	0	0	0	0	0	0	0	0	0	0	0	0	0	0	0	0	0	0	0	0	0	0	0	3	0	0	0	0	0	0	0	0	0	0	0	0	0	0	0	0	0	10	0	0	0	0	0	0	7	0	0	0	0	0	0	0	0	0	0	0	0	0	0	0	0	0	0	0	0	0	0	0	0	0	0	0	0	0	0	0	0	0	0	0	0	0	0	0	0	0	0	0	0	0	0	0	0	0	0	0	0	0	0	0	0	0	0	0	0	0	0	0	0	0	0	0	0	0	0	0	0	0	0	0	0	0	0	0	0	0	0	0	0	0	0	1	0	53	0	0	0	0	0	8	0	0	0	0	0	0	0	0	0	0	0	0	0	0	0	0	0	0	0	0	0	0	0	0	0	0	0	0	0	0	0	0	0	0	0	0	0	0	0	0	0	0	0	0	0	0	0	0	0	0	0	0	0	0	0	0	0	0	0	0	0	0	1	0	0	0	0	0	0	0	0	0	0	0	5	0	0	0	0	0	0	0	3	0	0	0	0	0	0	0	1	0	0	0	3	0	0	46	0	0	0	0	0	0	65	0	0	0	0	0	0	0	0	0	0	0	0	0	0	0	14	0	0	0	23	0	0	0	0	0	0	0	0	0	0	0	0	0	0	0	0	4	0	0	7	6	0	0	0	0	151	0	0	0	0	30	0	0	0	0	0	0	0	0	36	0	0	0	0	0	0	0	0	0	0	2	0	0	0	30	0	0	192	0	0	0	0	0	4	0	0	0	0	0	23	0	0	0	0	0	0	0	0	0	0	0	26	1	0	0	0	0	0	0	0	0	0	0	29	0	0	0	0	0	5	0	0	0	0	72	0	0	0	0	0	0	0	0	0	0	11	0	0	0	0	0	0	0	0	0	0	0	0	0	0	0	0	0	0	0	46	0	134	0	0	0	0	0	0	2	0	0	130	95	0	0	0	3	0	0	0	228	0	0	0	0	0	0	0	0	0	22	90	0	13	0	28	0	0	127	0	0	0	0	0	10	0	0	0	0	178	0	0	0	0	0	0	0	0	0	0	0	26	0	17	0	0	0	0	0	0	0	0	0	0	0	0	0	0	0	0	0	0	0	0	0	50	0	0	0	0	0	0	0	0	0	0	28	0	94	0	111	549	18	0	0	0	1	0	0	0	114	0	62	0	0	0	0	0	0	0	0	0	0	0	0	212	0	107	0	12	0	100	0	0	0	143	0	29	41	0	70	49	0	0	0	196	0	0	27	0	91	0	0	0	0	79	12	0	0	0	0	75	0	0	30	0	0	48	0	0	84	0	164	0	0	113	0	0	50	0	0	19	61	66	0	0	85	0	0	0	161	78	92	112	0	0	0	0	181	136	0	0	0	0	0	0	0	199	0	11	0	0	0	258	0	120	49	1	75	13	32	0	0	0	10	1	27	0	0	49	0	0	3	33	0	0	0	169	0	0	8	171	66	68	120	16	0	139	0	0	0	0	10	0	0	246	10	89	0	0	34	43	60	47	133	17	0	0	111	0	0	0	47	0	43	0	105	0	387	0	0	0	0	0	0	72	0	138	0	141	29
17	0	0	0	0	0	0	0	0	0	0	0	19	0	0	0	0	0	0	0	0	0	0	0	0	0	0	0	0	0	0	0	0	0	0	0	0	0	0	0	0	0	0	0	0	0	55	0	0	0	0	0	0	0	0	0	0	0	0	0	0	0	0	0	0	0	0	0	0	0	0	0	0	0	0	0	0	0	0	0	0	0	0	0	0	0	0	0	0	0	0	0	0	0	0	0	0	0	0	0	0	13	0	0	0	0	0	0	0	0	0	0	44	0	0	0	0	0	32	0	0	0	0	0	0	0	0	0	0	225	0	0	0	0	0	0	0	0	0	0	0	0	0	0	0	0	0	0	0	0	0	0	0	0	0	0	10	0	0	0	0	0	0	0	0	0	0	16	0	0	0	0	0	0	0	0	0	6	0	0	0	0	0	0	0	0	0	0	0	0	0	0	0	0	0	1	0	0	0	0	0	0	0	0	0	0	0	0	0	11	0	0	0	0	0	1	0	0	0	0	0	0	0	0	0	0	0	0	0	0	0	0	0	0	0	0	6	0	0	0	0	0	0	0	0	1	0	0	4	0	0	0	0	0	0	0	0	0	0	12	0	0	36	0	0	0	0	0	0	0	0	4	0	2	0	0	0	0	0	0	0	0	0	0	0	0	0	0	0	0	9	0	0	0	0	0	0	0	0	0	0	0	0	0	0	0	0	0	0	0	0	0	0	0	0	0	0	0	0	0	0	0	0	0	14	0	0	0	0	0	0	0	0	0	0	0	0	0	0	0	0	1	0	0	0	0	0	0	0	0	0	0	15	0	0	0	0	0	0	0	0	0	0	0	0	0	0	0	0	0	0	2	0	0	0	0	2	0	0	0	0	0	0	0	0	0	0	0	0	18	0	0	0	8	0	0	0	0	0	0	0	19	0	28	0	0	0	8	0	102	0	1	0	135	0	0	0	5	0	0	0	0	0	0	0	0	0	4	147	0	0	13	0	0	0	0	0	0	1	0	0	0	0	0	3	0	0	74	0	0	0	0	6	0	0	2	0	0	0	0	8	21	0	0	0	0	0	0	0	0	0	0	0	0	0	0	0	23	0	0	1	0	0	0	0	0	0	0	0	2	0	0	0	0	0	0	0	0	0	0	0	0	0	0	0	0	4	0	0	0	153	45	42	0	0	0	0	0	0	51	0	174	127	0	0	0	2	1	54	0	3	24	0	0	0	0	0	0	0	0	26	64	0	0	0	0	8	2	127	0	0	0	0	0	2	0	0	0	0	57	0	0	0	0	0	0	12	0	0	0	0	0	0	0	0	0	0	29	0	0	0	0	0	0	0	36	0	0	0	14	20	0	0	0	0	110	0	0	0	0	0	4	0	0	0	2	9	0	18	1	30	38	16	30	0	0	0	0	0	12	140	8	133	0	0	73	0	0	0	0	0	0	0	0	0	101	62	55	0	59	72	59	0	0	0	27	0	0	66	0	34	84	0	0	0	156	0	0	0	0	105	0	0	0	0	98	34	0	0	0	431	34	0	0	29	0	0	46	0	0	0	0	138	65	2	42	1	0	221	0	0	0	132	124	0	75	151	2	0	0	25	349	108	1	5	0	0	0	99	66	0	29	0	0	0	0	0	57	0	250	9	0	0	52	0	14	103	0	319	0	111	0	3	0	98	0	27	0	0	136	0	0	152	173	0	82	65	131	0	0	0	217	137	0	34	89	0	61	0	1	0	0	0	30	0	61	0	83	0	0	0	308	68	40	118	206	0	0	104	0	0	0	177	0	54	0	163	0	75	215	0	0	0	0	0	18	0	163	0	28	0
18	0	0	0	0	0	0	0	0	0	0	0	0	0	0	0	0	0	0	0	0	0	0	0	0	0	0	0	0	0	0	0	0	0	0	0	0	0	0	0	0	0	0	0	0	0	0	0	0	5	0	0	0	0	0	0	0	0	0	0	42	0	0	0	0	0	0	0	0	0	0	32	0	0	0	0	0	0	0	0	0	0	0	0	0	0	0	0	0	0	0	0	0	0	0	0	0	0	0	0	0	0	0	0	0	0	0	0	0	0	0	0	0	0	0	0	0	0	0	28	0	0	0	0	0	0	0	0	0	0	0	0	0	0	0	0	0	0	33	0	0	0	0	0	0	0	0	0	0	0	0	0	0	0	0	0	4	0	0	0	0	0	0	0	0	0	0	0	0	0	0	0	0	0	0	0	15	26	0	0	0	0	0	0	0	0	0	0	0	0	0	0	0	0	0	0	0	0	0	0	0	0	0	0	0	0	0	0	0	0	0	0	0	0	0	0	0	0	0	0	10	0	0	0	0	12	4	0	0	1	19	0	0	0	0	0	0	0	0	0	0	17	0	0	0	0	0	0	0	0	0	0	0	0	0	3	0	0	0	0	0	0	0	0	0	0	0	0	0	6	0	0	0	0	0	0	0	0	0	0	0	0	0	3	0	0	0	0	10	0	0	0	0	0	0	0	0	0	0	0	0	0	0	0	0	0	0	0	0	0	0	0	0	0	0	0	0	0	0	0	0	0	0	0	0	0	0	0	0	0	0	12	0	0	0	0	0	1	0	0	0	0	0	0	0	0	0	0	0	0	0	0	0	0	0	0	87	0	0	0	0	0	0	0	0	0	0	0	0	5	0	0	0	0	0	0	38	3	0	0	0	0	0	1	0	0	0	0	0	0	0	0	0	20	0	0	0	0	0	0	0	0	0	52	0	0	0	0	0	0	0	0	0	0	0	0	1	0	0	0	0	1	0	0	0	0	0	0	102	0	0	60	0	0	0	0	0	0	0	0	0	0	0	0	0	0	0	7	4	0	0	0	1	0	0	0	0	0	0	0	0	0	0	0	0	1	0	22	0	3	0	0	0	14	0	0	0	35	0	0	0	0	0	0	0	0	0	0	0	7	1	0	0	0	0	0	0	0	0	0	0	0	0	0	0	0	52	0	0	0	99	32	2	0	0	0	0	0	0	0	0	57	22	0	0	0	0	0	0	0	71	20	2	3	0	0	0	0	0	0	15	24	0	0	0	0	17	0	0	0	0	0	0	0	8	0	0	0	0	137	0	0	0	0	0	0	208	6	0	0	0	0	0	45	0	0	14	0	22	0	0	0	0	0	0	0	0	0	0	0	0	0	0	5	0	54	0	0	0	0	0	8	0	0	0	0	21	0	45	0	51	237	150	44	0	0	0	51	26	0	3	5	66	7	0	0	0	0	0	0	0	2	0	0	0	42	0	64	1	24	0	92	0	0	0	33	0	0	38	0	49	39	16	0	8	12	0	1	3	0	60	0	0	0	0	81	68	0	0	0	86	229	0	0	172	0	0	110	0	0	23	0	53	0	0	74	0	0	41	0	5	0	55	69	0	0	102	0	0	0	111	122	6	46	0	9	0	0	102	57	0	0	0	0	0	0	20	38	0	262	0	0	2	344	0	190	52	0	69	0	87	0	0	0	29	0	28	0	0	86	0	0	99	38	0	6	1	20	30	0	47	78	39	0	175	157	0	47	0	5	5	0	0	103	0	103	0	39	0	0	0	145	75	5	13	48	0	1	102	0	1	0	78	0	16	47	53	0	34	93	0	0	0	0	0	118	10	157	0	62	7
19	0	0	0	0	0	0	0	0	0	0	0	0	0	0	0	0	0	0	0	0	0	0	0	0	0	0	0	0	0	0	0	2	0	0	0	0	0	0	0	0	0	0	0	0	0	0	0	5	0	0	0	0	0	0	0	0	0	0	0	0	0	0	0	0	0	0	0	0	0	0	0	0	0	0	0	0	0	0	0	0	0	0	0	0	0	0	0	0	0	0	0	0	0	0	0	0	0	0	0	0	0	0	0	0	0	23	65	0	0	1	0	36	0	0	0	0	0	0	0	0	7	0	0	0	0	0	0	2	0	0	0	0	0	0	1	0	0	0	0	0	10	37	0	0	0	21	0	0	0	0	0	0	0	0	0	0	1	0	2	0	0	0	0	0	0	0	0	0	0	0	0	0	0	0	0	6	0	0	0	0	0	0	0	0	0	0	0	30	67	0	0	8	0	0	0	0	0	1	6	0	0	0	0	0	0	0	0	0	0	0	4	0	0	0	0	0	0	1	0	0	0	0	0	0	0	0	29	0	0	0	0	0	3	0	1	0	0	16	31	0	0	0	0	0	15	0	0	1	0	1	0	0	0	0	4	0	0	0	0	0	0	0	0	0	0	0	0	0	0	0	0	0	0	0	0	0	0	0	0	0	0	0	0	0	0	0	0	0	0	0	2	0	0	0	1	0	5	0	0	0	19	0	0	0	0	0	0	8	0	6	0	6	0	6	0	0	0	5	0	0	2	0	0	0	0	0	0	0	0	0	0	0	0	0	10	0	2	0	0	0	0	0	0	0	0	0	0	0	0	0	0	0	0	0	0	0	0	0	0	8	0	0	0	0	0	20	0	0	0	0	0	0	16	0	5	0	7	0	0	3	0	0	0	0	24	0	0	20	0	0	0	0	0	0	0	0	0	0	0	3	0	0	237	0	0	0	0	19	0	0	5	0	0	5	0	0	0	0	2	0	0	0	0	0	0	0	0	0	5	0	99	10	9	0	0	0	0	0	0	0	0	0	0	0	1	0	5	23	0	4	0	163	0	0	0	0	0	0	0	80	16	0	0	10	0	0	49	0	0	0	0	8	0	0	0	0	0	0	0	6	0	0	0	8	0	0	0	0	0	1	0	0	1	0	0	0	0	0	1	0	0	0	0	0	0	0	0	0	0	26	11	56	0	0	0	0	0	0	0	0	10	121	0	5	0	0	22	0	0	76	1	0	0	0	0	0	0	0	0	9	89	0	0	0	0	0	3	0	0	0	0	0	0	0	0	0	0	0	61	0	0	0	0	0	0	21	0	0	44	0	0	0	4	0	46	2	0	0	0	0	0	0	0	0	36	0	0	0	1	0	0	0	9	0	89	0	0	8	0	0	26	11	0	0	0	61	0	42	0	24	205	47	20	0	0	52	0	0	0	121	3	22	0	0	0	0	14	0	1	1	0	0	0	0	0	0	153	2	33	0	7	0	0	0	0	0	0	129	0	10	30	0	0	0	75	0	1	49	0	29	0	0	0	0	153	70	1	0	0	131	0	10	0	37	23	0	90	0	0	0	0	44	0	0	204	127	0	65	0	2	0	137	0	0	6	83	0	0	0	0	304	0	0	0	0	17	0	124	242	0	23	0	0	1	0	69	0	0	47	16	0	0	33	0	145	110	13	50	37	0	0	1	0	0	0	122	0	0	263	0	25	172	68	2	1	0	13	0	0	0	116	132	0	24	53	0	219	0	0	0	42	0	10	0	107	0	147	0	0	26	13	69	0	31	309	0	0	112	0	0	1	29	0	182	0	76	0	20	99	0	0	0	0	0	1	0	87	0	110	3
20	0	0	0	0	0	0	11	0	0	0	0	10	0	0	0	0	0	0	0	0	0	0	0	0	0	0	0	0	0	0	0	70	0	0	0	0	0	0	0	0	0	0	0	0	0	0	0	0	0	0	0	0	0	0	0	0	0	0	5	0	0	0	25	0	0	14	0	0	0	0	0	0	0	0	0	0	0	0	0	0	0	0	0	0	0	0	0	0	22	0	0	0	0	0	0	0	0	0	0	0	0	0	0	0	0	0	0	0	0	0	0	73	0	0	0	0	0	0	0	0	6	0	0	0	0	0	0	0	124	18	0	0	0	0	0	0	0	0	0	0	0	0	0	0	0	0	0	0	0	0	6	0	0	0	0	0	0	0	0	17	0	0	0	17	0	14	0	0	0	0	0	0	0	0	0	0	0	0	0	0	0	0	0	0	0	0	0	0	0	0	0	0	9	0	0	0	0	0	0	13	0	0	0	0	0	0	0	0	69	1	0	0	1	0	0	0	0	0	0	0	0	0	0	0	0	0	12	0	0	0	0	0	0	0	0	0	0	0	0	0	0	0	0	0	0	0	1	0	0	0	0	2	0	1	0	0	0	0	0	0	0	0	0	0	0	0	0	0	0	0	0	0	0	0	0	0	0	0	0	1	0	0	0	0	0	0	3	0	0	0	0	0	0	0	0	1	0	0	0	0	0	18	0	0	0	0	0	0	0	0	0	0	0	0	0	0	0	0	0	0	0	0	0	0	65	0	0	15	0	0	2	0	0	0	0	1	0	12	0	0	0	0	0	3	0	0	0	0	0	7	0	0	0	0	0	0	0	0	0	0	14	0	0	0	0	0	5	0	0	0	0	0	0	0	0	0	0	0	1	1	0	0	0	0	0	0	0	0	0	0	34	0	0	0	0	0	0	0	0	0	0	0	47	0	0	0	0	19	1	13	24	0	0	0	0	0	0	0	3	28	0	0	0	0	15	0	0	0	0	0	67	0	0	0	0	0	1	0	0	0	0	0	0	0	0	0	0	1	0	0	0	16	0	0	0	0	0	0	0	39	0	0	0	0	0	0	77	0	14	0	8	1	0	0	0	0	0	0	0	3	19	0	0	90	0	0	0	0	0	1	0	0	42	0	0	2	3	0	0	10	0	0	28	0	0	0	0	0	0	25	50	8	0	0	0	0	0	0	0	0	3	203	0	0	0	0	0	2	0	0	0	0	0	3	7	0	0	0	0	20	43	0	0	0	0	0	19	0	0	0	0	0	0	0	51	1	1	0	78	0	0	0	2	0	3	1	0	0	3	72	0	0	1	0	0	0	0	35	0	0	0	0	0	0	1	0	0	1	28	0	0	1	0	0	85	4	0	0	4	0	0	0	0	9	0	0	0	308	0	0	26	39	83	0	1	4	0	0	0	66	0	0	29	0	0	0	0	0	0	0	0	3	0	0	1	0	85	0	0	0	0	0	0	0	0	0	0	164	0	0	0	0	0	0	55	0	1	0	0	12	0	61	0	0	87	16	0	0	0	31	0	0	0	12	0	0	227	2	0	0	0	173	7	0	162	16	0	38	0	0	0	82	0	0	0	2	0	0	0	0	99	0	27	0	0	0	6	53	96	0	20	0	0	0	2	2	0	0	81	6	1	0	69	0	62	169	0	123	2	0	0	2	3	0	0	0	38	0	36	0	0	11	49	0	199	20	105	0	0	5	238	45	0	0	72	0	18	0	0	0	160	0	35	0	65	0	64	0	0	2	88	194	1	71	31	0	0	227	1	0	86	6	0	177	0	184	0	19	54	0	0	0	0	0	17	0	120	0	90	4
21	19	0	0	0	0	0	0	0	0	0	0	0	0	0	0	0	0	0	0	0	0	0	0	0	0	0	0	0	0	0	0	0	0	0	0	0	0	0	0	0	0	0	0	0	0	0	0	0	0	0	0	0	0	0	0	0	0	0	0	0	0	0	0	0	0	0	0	0	0	0	0	0	0	0	0	0	0	0	0	0	0	0	0	0	0	0	0	0	0	0	0	0	0	0	0	0	0	0	0	0	0	16	0	10	11	0	0	0	0	0	1	0	0	0	33	0	0	0	16	0	0	0	15	0	0	2	81	0	11	0	7	0	0	0	3	0	0	0	0	0	0	0	0	0	0	0	0	34	0	0	0	0	0	0	0	0	0	50	0	0	12	0	0	0	0	0	0	0	0	10	0	13	0	0	0	0	0	0	0	0	0	0	0	0	0	0	0	0	0	0	0	0	0	0	0	9	0	0	0	0	1	0	0	0	0	0	0	0	0	0	15	7	0	0	0	0	0	0	1	0	0	0	0	0	0	0	0	0	0	0	0	0	29	0	0	20	2	2	0	0	0	0	0	0	1	7	0	0	0	0	0	0	0	0	0	0	0	0	0	0	0	10	0	0	0	0	55	0	0	0	0	0	0	0	0	1	0	5	0	0	0	7	0	0	0	0	0	0	0	0	0	0	0	0	0	0	0	0	0	0	1	0	0	0	0	0	0	0	0	1	0	0	0	0	0	0	1	0	0	29	0	0	0	3	0	0	0	0	0	0	0	0	0	0	2	0	0	0	0	0	0	9	0	0	0	0	0	0	0	0	0	0	0	0	0	1	0	0	0	23	1	0	0	0	1	0	0	1	0	0	0	0	0	0	0	0	0	0	0	0	0	0	2	85	0	0	0	0	0	0	0	0	29	0	2	0	8	0	0	0	0	0	57	0	11	0	0	0	32	0	0	3	0	0	0	0	0	0	9	0	0	0	0	0	0	0	0	24	0	1	41	0	0	0	0	0	2	0	1	0	0	0	0	0	0	0	0	0	20	0	0	0	4	0	7	0	0	6	0	0	0	0	0	0	0	0	0	0	0	0	1	0	1	0	0	0	0	28	0	0	0	0	0	0	13	0	16	0	0	0	0	0	0	0	0	0	0	0	0	0	0	2	0	0	1	0	0	0	0	104	4	1	1	0	2	4	0	0	0	0	4	107	0	0	0	0	2	0	19	48	7	3	5	0	0	0	0	0	3	0	134	0	0	0	0	0	0	0	0	0	0	0	0	0	0	4	6	0	41	0	0	0	0	0	0	39	0	0	0	0	0	0	5	0	36	34	0	0	0	2	1	0	0	0	8	0	0	0	0	0	0	0	0	0	105	1	0	0	0	0	0	0	0	0	54	49	1	48	0	0	19	49	332	0	0	0	0	4	0	67	3	0	0	3	0	0	0	0	0	7	0	0	17	0	0	0	60	0	0	0	0	0	0	0	8	10	0	46	0	10	2	0	0	0	65	0	20	0	0	101	0	0	0	1	18	27	4	0	0	129	6	0	0	104	0	0	24	0	0	0	0	43	0	0	117	0	9	303	0	0	0	23	0	0	0	72	0	0	0	3	40	0	13	0	0	0	0	183	207	0	0	0	0	0	0	0	15	0	208	14	3	0	46	0	54	100	0	34	0	0	0	31	0	39	0	2	0	0	42	0	0	11	103	0	0	0	88	0	0	0	71	150	0	14	74	0	131	0	4	0	0	0	0	0	86	0	124	0	0	0	255	160	0	16	118	0	2	31	42	0	0	107	0	122	0	178	0	63	182	0	48	0	0	8	13	0	157	0	54	0
22	0	0	0	0	0	0	0	0	0	0	0	0	0	0	0	0	0	0	0	0	0	0	128	0	0	0	0	0	0	0	0	0	0	0	0	0	0	0	0	0	0	0	0	0	0	0	0	0	0	0	0	0	0	0	0	0	0	0	0	0	0	0	0	0	0	0	0	0	2	0	0	0	0	0	0	0	0	0	0	0	0	0	0	0	0	0	0	0	32	0	0	0	0	0	0	0	0	0	0	0	0	0	0	0	0	0	1	0	0	0	0	48	0	0	1	0	0	0	0	0	1	0	0	0	0	0	0	0	0	17	0	0	0	0	0	0	0	0	0	0	0	0	0	0	0	0	0	0	0	0	0	0	0	0	0	0	0	0	0	0	0	6	0	0	0	0	1	0	11	0	0	0	0	2	0	0	0	1	0	0	0	0	0	0	0	6	0	0	1	0	0	0	0	3	0	0	0	0	0	0	0	0	0	0	0	13	0	0	0	0	0	0	0	0	0	0	0	0	0	0	0	0	0	0	0	0	0	0	0	0	0	0	15	0	0	0	0	0	0	0	0	0	0	0	0	0	33	0	0	0	0	0	0	0	0	0	0	0	0	0	0	0	0	0	0	0	0	0	0	0	0	0	9	0	0	0	0	0	0	0	0	0	0	0	0	0	0	0	0	0	0	0	0	0	0	0	0	0	0	0	0	0	0	4	8	0	0	0	0	0	0	0	0	0	0	0	0	0	0	0	0	0	0	0	0	0	0	0	0	0	0	0	0	4	0	0	0	0	0	0	0	0	0	0	0	0	0	0	0	0	0	0	0	0	0	0	0	0	0	17	0	0	0	0	0	0	0	0	0	1	0	0	0	0	0	0	0	0	1	0	0	0	0	0	0	4	0	4	0	1	42	1	0	7	0	0	0	0	0	0	0	0	48	0	97	0	0	0	160	0	0	0	0	0	101	0	0	0	0	0	0	19	0	0	0	0	2	0	0	0	26	0	0	0	0	0	0	0	13	0	0	1	0	0	0	0	0	0	15	0	0	73	0	0	0	1	0	0	0	0	0	0	0	2	0	0	0	0	0	2	0	0	0	0	0	0	0	2	0	1	0	0	0	0	0	0	1	2	0	0	0	0	0	13	7	0	0	0	0	0	0	0	6	0	0	0	0	0	0	75	71	10	0	0	0	0	0	0	82	0	0	112	0	0	0	0	8	0	0	124	17	5	4	0	1	0	0	0	0	6	156	0	0	0	0	0	0	0	6	0	0	0	0	0	0	0	0	0	65	0	0	0	0	2	0	127	0	0	0	0	0	0	0	0	0	55	0	0	1	0	0	0	39	0	0	0	0	0	0	0	0	0	0	36	38	0	0	0	0	0	0	3	0	0	0	31	0	163	0	0	13	178	23	0	0	0	6	0	0	131	0	79	0	181	0	0	0	0	14	0	0	0	0	0	0	0	143	0	0	0	0	0	9	0	2	0	0	28	0	60	0	0	0	0	194	0	0	0	0	0	0	1	0	13	29	188	1	0	0	33	5	0	0	84	0	0	36	0	0	0	0	188	1	0	81	2	0	84	4	0	0	46	0	0	0	27	0	0	2	6	154	0	0	0	2	0	0	185	67	0	2	0	0	0	0	0	0	5	22	0	0	0	72	0	117	169	0	176	0	0	0	0	2	17	0	109	0	0	39	0	0	233	2	0	0	0	71	3	0	0	22	344	0	4	77	0	42	0	1	0	34	0	0	0	57	0	43	0	0	6	14	56	0	54	27	1	0	51	0	0	0	115	0	143	0	216	0	31	182	0	0	0	0	0	1	0	145	1	299	0
23	0	0	0	0	0	0	0	0	0	18	0	0	0	0	0	0	0	0	0	0	0	0	0	0	0	0	0	0	0	0	0	0	0	0	0	0	0	0	0	0	0	0	0	0	0	0	0	0	0	0	0	0	0	0	0	7	0	0	0	0	0	0	0	0	0	0	0	0	0	0	0	0	0	0	0	0	0	0	0	0	0	0	0	0	0	62	151	0	0	0	0	0	0	0	0	0	0	0	0	0	0	0	0	0	0	0	32	0	0	0	0	0	0	0	0	0	0	0	0	0	0	0	0	0	0	0	0	0	0	0	0	0	0	0	0	0	0	0	0	0	0	0	0	0	0	0	0	0	0	0	0	0	0	0	0	0	0	0	0	0	0	0	0	0	0	0	0	0	4	0	0	0	0	0	0	0	0	0	0	0	0	0	1	0	0	0	0	0	0	0	0	0	0	0	0	0	0	0	0	0	0	69	0	0	0	0	0	2	0	0	0	0	0	0	0	0	0	0	0	0	0	0	0	0	0	0	0	0	0	0	0	0	0	0	0	0	20	14	0	4	4	0	0	0	0	0	5	0	0	0	0	134	0	0	3	0	2	0	1	0	0	0	0	0	0	0	13	1	0	0	0	0	0	0	0	0	0	0	0	0	0	0	0	0	12	0	7	0	0	0	0	2	3	1	2	0	0	0	0	0	0	0	0	0	0	0	4	0	0	0	0	3	0	0	0	0	0	0	0	0	0	0	0	0	1	0	0	0	4	4	0	0	0	0	0	13	0	0	0	0	0	0	0	0	0	0	0	1	0	0	0	0	0	0	0	0	0	0	0	0	2	0	0	0	0	0	0	0	0	0	0	0	0	0	0	0	0	0	3	17	0	0	0	5	12	0	0	9	0	0	14	0	0	3	0	0	0	0	0	0	0	10	42	0	0	0	0	5	0	0	0	0	0	0	0	0	0	0	0	0	0	0	41	3	0	0	0	0	0	0	66	0	0	0	0	0	0	0	0	0	0	3	0	0	0	0	0	0	1	0	0	0	0	0	0	0	0	0	0	0	0	0	0	0	0	0	0	0	0	0	0	0	0	0	0	0	0	4	0	0	0	0	0	0	0	0	0	0	0	0	0	1	0	0	0	35	0	0	0	0	0	0	0	0	0	0	0	2	38	123	64	1	0	0	0	0	0	4	9	0	102	53	2	0	0	4	0	0	0	22	0	2	0	3	0	0	0	0	1	29	7	0	0	2	0	0	0	0	0	0	0	0	0	0	0	0	0	0	118	0	0	56	0	0	0	0	0	0	0	0	2	0	2	0	0	0	0	1	0	0	0	0	0	0	7	0	0	0	0	4	6	0	0	8	35	0	0	3	4	0	5	0	0	0	0	24	0	192	0	0	192	44	164	0	0	0	0	0	0	31	1	54	0	7	1	0	0	0	4	0	0	0	36	0	0	3	58	0	0	0	0	21	0	0	0	0	0	83	0	19	0	0	0	0	190	0	0	0	0	19	0	0	0	0	87	123	0	0	0	25	97	0	0	10	0	0	114	0	0	0	0	48	0	0	26	11	0	46	3	0	0	20	0	2	6	0	0	0	0	12	98	0	0	0	0	0	0	47	106	0	7	0	0	0	0	0	0	14	92	1	0	0	47	0	155	122	2	54	0	0	0	0	0	19	0	37	0	2	43	0	0	108	63	0	1	0	23	0	2	57	86	74	0	1	168	0	410	0	12	0	0	0	0	0	130	0	371	0	0	0	131	13	0	15	47	61	0	156	0	0	0	266	0	20	0	105	0	122	39	0	0	0	0	0	43	0	81	0	101	0
24	0	0	0	0	0	78	0	0	0	0	0	0	0	0	0	0	0	0	0	0	0	0	0	0	0	0	0	0	0	0	0	0	0	0	0	0	0	0	0	0	0	0	0	0	0	0	0	0	0	0	0	0	0	0	0	0	0	0	0	0	0	0	0	0	0	0	24	0	0	0	0	0	0	0	0	0	0	0	0	0	0	0	0	0	0	0	0	0	0	6	0	0	0	0	0	0	0	0	0	0	0	0	0	0	0	0	0	0	0	20	0	0	0	0	0	0	0	2	0	0	0	0	0	0	0	0	0	0	14	2	0	0	0	0	0	0	0	0	0	0	0	0	0	0	0	0	3	0	0	0	0	0	0	0	0	0	0	0	0	0	0	0	23	0	0	0	0	0	0	0	0	4	0	0	0	0	0	0	0	1	0	0	0	0	0	0	0	0	0	118	0	0	0	0	0	0	0	0	0	0	0	0	0	0	0	0	0	0	0	0	1	0	0	0	0	0	0	0	0	0	0	2	0	0	0	0	0	0	1	0	0	0	0	0	0	5	0	0	12	2	6	0	0	0	0	0	0	0	0	0	0	0	0	0	0	0	0	2	0	0	0	0	0	0	0	0	0	0	0	0	0	0	1	0	0	0	0	0	0	0	0	0	0	0	0	0	0	0	0	0	0	0	0	0	4	0	0	0	0	0	0	0	0	0	0	0	0	0	0	0	1	0	0	1	0	3	0	0	0	0	0	0	0	0	0	0	0	0	0	0	0	0	0	0	0	0	0	0	0	0	0	0	0	0	0	0	0	0	0	0	0	8	4	0	0	0	0	0	0	0	0	1	0	4	0	0	5	0	4	0	2	0	0	0	0	49	0	13	0	0	0	5	2	0	0	0	0	0	1	0	0	0	20	0	0	0	0	0	0	6	0	0	22	0	0	0	0	2	29	0	0	0	0	0	0	0	0	0	1	0	0	1	0	0	0	0	0	5	0	0	44	0	0	0	0	0	2	0	0	0	0	0	0	0	0	0	0	1	4	0	0	161	0	0	0	1	0	0	3	0	0	0	0	2	0	0	8	0	3	0	0	0	0	0	1	0	0	0	0	10	0	34	0	0	0	0	0	0	0	0	0	0	3	0	0	0	0	0	0	0	0	0	0	0	0	18	0	0	0	69	71	7	0	0	0	0	0	0	0	83	0	33	0	0	0	0	0	16	0	98	0	0	0	0	0	0	0	0	0	0	46	0	0	0	0	0	6	0	0	0	0	0	0	0	0	0	9	19	211	0	0	0	0	0	0	3	0	0	0	0	0	0	3	0	0	11	19	22	0	0	0	0	12	0	0	0	0	1	0	0	0	0	0	0	461	0	0	0	12	8	0	6	0	2	0	0	0	38	0	0	116	239	104	0	1	4	3	0	0	38	1	0	0	25	0	0	0	0	2	0	0	0	0	0	0	0	50	0	0	0	0	0	0	0	0	0	0	199	0	0	0	0	0	0	106	0	0	0	0	0	0	0	0	49	56	56	0	0	0	23	0	0	0	27	0	0	76	0	0	0	0	125	0	0	62	0	0	171	0	0	0	77	0	0	3	5	0	0	0	0	120	0	0	3	0	0	0	52	173	0	77	0	0	0	0	0	0	0	224	3	0	0	16	1	85	75	0	116	0	40	0	2	48	4	0	42	0	0	5	0	0	73	228	0	4	0	31	0	4	0	193	36	0	21	196	0	67	0	0	0	0	3	57	0	91	0	286	0	0	0	51	45	0	7	54	0	0	205	0	0	0	1	0	19	2	259	0	109	133	0	1	0	0	0	51	0	287	0	59	0
