0	0	0	0	0	0	0	0	0	0	0	0	0	0	0	0	0	0	0	0	0	0	0	0	0	0	0	0	0	0	0	0	0	0	0	0	0	0	0	0	0	0	0	0	0	0	0	0	0	0	0	0	0	0	0	0	0	0	0	0	0	0	0	0	0	0	0	0	0	0	0	0	0	0	0	0	0	0	0	0	0	0	0	0	0	0	0	0	0	0	0	0	0	0	0	0	0	0	0	0	0	12	12	12	12	12	12	12	12	12	12	12	12	12	12	12	12	12	12	12	12	12	12	12	12	12	12	12	12	12	12	12	12	12	12	12	12	12	12	12	12	12	12	12	12	12	12	12	12	12	12	12	12	12	12	12	12	12	12	12	12	12	12	12	12	12	12	12	12	12	12	12	12	12	12	12	12	12	12	12	12	12	12	12	12	12	12	12	12	12	12	12	12	12	12	12	12	12	12	12	12	24	24	24	24	24	24	24	24	24	24	24	24	24	24	24	24	24	24	24	24	24	24	24	24	24	24	24	24	24	24	24	24	24	24	24	24	24	24	24	24	24	24	24	24	24	24	24	24	24	24	24	24	24	24	24	24	24	24	24	24	24	24	24	24	24	24	24	24	24	24	24	24	24	24	24	24	24	24	24	24	24	24	24	24	24	24	24	24	24	24	24	24	24	24	24	24	24	24	24	24	48	48	48	48	48	48	48	48	48	48	48	48	48	48	48	48	48	48	48	48	48	48	48	48	48	48	48	48	48	48	48	48	48	48	48	48	48	48	48	48	48	48	48	48	48	48	48	48	48	48	48	48	48	48	48	48	48	48	48	48	48	48	48	48	48	48	48	48	48	48	48	48	48	48	48	48	48	48	48	48	48	48	48	48	48	48	48	48	48	48	48	48	48	48	48	48	48	48	48	48	72	72	72	72	72	72	72	72	72	72	72	72	72	72	72	72	72	72	72	72	72	72	72	72	72	72	72	72	72	72	72	72	72	72	72	72	72	72	72	72	72	72	72	72	72	72	72	72	72	72	72	72	72	72	72	72	72	72	72	72	72	72	72	72	72	72	72	72	72	72	72	72	72	72	72	72	72	72	72	72	72	72	72	72	72	72	72	72	72	72	72	72	72	72	72	72	72	72	72	72	96	96	96	96	96	96	96	96	96	96	96	96	96	96	96	96	96	96	96	96	96	96	96	96	96	96	96	96	96	96	96	96	96	96	96	96	96	96	96	96	96	96	96	96	96	96	96	96	96	96	96	96	96	96	96	96	96	96	96	96	96	96	96	96	96	96	96	96	96	96	96	96	96	96	96	96	96	96	96	96	96	96	96	96	96	96	96	96	96	96	96	96	96	96	96	96	96	96	96	96	120	120	120	120	120	120	120	120	120	120	120	120	120	120	120	120	120	120	120	120	120	120	120	120	120	120	120	120	120	120	120	120	120	120	120	120	120	120	120	120	120	120	120	120	120	120	120	120	120	120	120	120	120	120	120	120	120	120	120	120	120	120	120	120	120	120	120	120	120	120	120	120	120	120	120	120	120	120	120	120	120	120	120	120	120	120	120	120	120	120	120	120	120	120	120	120	120	120	120	120	144	144	144	144	144	144	144	144	144	144	144	144	144	144	144	144	144	144	144	144	144	144	144	144	144	144	144	144	144	144	144	144	144	144	144	144	144	144	144	144	144	144	144	144	144	144	144	144	144	144	144	144	144	144	144	144	144	144	144	144	144	144	144	144	144	144	144	144	144	144	144	144	144	144	144	144	144	144	144	144	144	144	144	144	144	144	144	144	144	144	144	144	144	144	144	144	144	144	144	144
0	0	0	0	0	0	0	0	0	0	0	0	0	0	0	0	0	0	0	0	0	0	0	0	0	0	0	0	0	0	0	0	0	0	0	0	0	0	0	0	0	0	0	0	0	0	0	0	0	0	0	0	0	0	0	0	0	0	0	0	0	0	0	0	0	0	0	0	0	0	0	0	0	0	0	0	0	0	0	0	0	0	0	0	0	0	0	0	0	0	0	0	0	0	0	0	0	0	0	0	0	100	100	100	100	100	100	100	100	100	100	100	100	100	100	100	100	100	100	100	100	100	100	100	100	100	100	100	100	100	100	100	100	100	100	100	100	100	100	100	100	100	100	100	100	100	100	100	100	100	100	100	100	100	100	100	100	100	100	100	100	100	100	100	100	100	100	100	100	100	100	100	100	100	100	100	100	100	100	100	100	100	100	100	100	100	100	100	100	100	100	100	100	100	100	100	100	100	100	100	100	100	100	100	100	100	100	100	100	100	100	100	100	100	100	100	100	100	100	100	100	100	100	100	100	100	100	100	100	100	100	100	100	100	100	100	100	100	100	100	100	100	100	100	100	100	100	100	100	100	100	100	100	100	100	100	100	100	100	100	100	100	100	100	100	100	100	100	100	100	100	100	100	100	100	100	100	100	100	100	100	100	100	100	100	100	100	100	100	100	100	100	100	100	100	100	100	100	100	100	100	100	100	100	100	100	100	100	100	100	100	100	100	100	100	100	100	100	100	100	100	100	100	100	100	100	100	100	100	100	100	100	100	100	100	100	100	100	100	100	100	100	100	100	100	100	100	100	100	100	100	100	100	100	100	100	100	100	100	100	100	100	100	100	100	100	100	100	100	100	100	100	100	100	100	100	100	100	100	100	100	100	100	100	100	100	100	100	100	100	100	100	100	100	100	100	100	100	100	100	100	100	100	100	100	100	100	100	100	100	100	100	100	100	100	100	100	100	100	100	100	100	100	100	100	100	100	100	100	100	100	100	100	100	100	100	100	100	100	100	100	100	100	100	100	100	100	100	100	100	100	100	100	100	100	100	100	100	100	100	100	100	100	100	100	100	100	100	100	100	100	100	100	100	100	100	100	100	100	100	100	100	100	100	100	100	100	100	100	100	100	100	100	100	100	100	100	100	100	100	100	100	100	100	100	100	100	100	100	100	100	100	100	100	100	100	100	100	100	100	100	100	100	100	100	100	100	100	100	100	100	100	100	100	100	100	100	100	100	100	100	100	100	100	100	100	100	100	100	100	100	100	100	100	100	100	100	100	100	100	100	100	100	100	100	100	100	100	100	100	100	100	100	100	100	100	100	100	100	100	100	100	100	100	100	100	100	100	100	100	100	100	100	100	100	100	100	100	100	100	100	100	100	100	100	100	100	100	100	100	100	100	100	100	100	100	100	100	100	100	100	100	100	100	100	100	100	100	100	100	100	100	100	100	100	100	100	100	100	100	100	100	100	100	100	100	100	100	100	100	100	100	100	100	100	100	100	100	100	100	100	100	100	100	100	100	100	100	100	100	100	100	100	100	100	100	100	100	100	100	100	100	100	100	100	100	100	100	100	100	100	100	100	100	100	100	100	100	100	100	100	100	100	100	100	100	100	100	100	100	100	100	100	100	100	100	100	100	100	100	100	100	100	100	100	100	100	100	100	100	100	100	100	100	100	100	100	100	100	100	100	100	100	100	100	100	100	100	100	100	100	100	100	100	100	100	100	100	100	100	100	100	100	100	100	100	100	100	100	100	100	100	100	100	100	100	100	100	100	100	100	100	100	100	100	100	100	100	100	100	100	100	100	100	100	100	100	100	100	100	100
1	0	0	0	0	0	0	0	0	0	0	0	0	0	0	0	0	0	0	0	0	0	0	0	0	0	0	0	0	0	0	0	0	0	0	0	0	0	0	0	0	0	0	0	0	0	0	0	0	0	0	0	0	0	0	0	0	0	0	0	0	0	0	0	0	0	0	0	0	0	0	0	0	0	0	0	0	0	0	0	0	0	0	0	0	0	0	0	0	0	0	0	0	0	0	0	0	0	0	0	0	74	28	0	0	0	0	12	10	25	0	0	0	34	0	0	25	0	11	0	9	0	16	2	0	9	49	43	64	0	0	0	6	38	3	74	57	94	0	0	13	4	1	42	0	0	0	77	19	11	0	47	0	3	0	0	8	0	9	0	0	3	1	0	0	0	120	12	2	0	0	12	12	0	0	0	0	30	0	1	0	0	113	0	0	18	12	34	50	0	53	0	10	0	0	0	0	3	0	0	7	0	16	44	79	0	72	41	0	1	105	24	5	46	118	0	68	7	63	12	17	49	1	3	0	0	0	6	0	20	13	3	167	103	8	3	2	52	8	0	52	47	14	72	0	0	6	129	0	58	12	1	0	121	0	0	44	0	9	5	73	0	22	191	34	19	53	85	2	0	7	0	15	1	165	0	229	0	21	1	120	19	9	0	116	6	0	12	3	35	48	0	0	1	6	0	32	17	0	22	25	62	13	43	40	89	11	3	25	169	118	0	100	9	0	39	37	1	11	5	45	15	60	0	143	68	36	1	2	57	29	3	0	68	0	118	185	1	62	5	141	1	25	0	11	136	29	100	2	25	13	0	31	3	0	1	180	8	95	132	0	0	0	115	132	0	0	33	0	38	26	1	0	0	77	0	86	1	9	124	0	3	0	30	19	67	59	2	29	41	88	0	2	113	3	42	15	97	26	2	41	85	33	6	114	37	107	9	0	95	12	65	2	14	7	134	304	15	36	8	71	112	0	23	92	96	44	25	33	280	55	0	159	15	88	59	0	190	185	38	25	37	0	59	34	8	0	14	124	113	4	92	4	1	78	83	163	91	17	67	19	0	108	37	43	84	22	410	17	0	51	0	3	48	1	5	191	11	0	108	0	1	69	1	0	1	70	0	72	3	11	200	38	0	59	85	206	118	43	51	79	139	61	58	44	229	71	71	58	53	38	68	0	75	0	187	181	201	107	35	319	135	24	34	105	71	150	5	109	67	0	6	5	10	69	120	41	108	114	114	3	34	2	28	5	120	142	55	72	76	4	24	77	57	0	101	63	69	47	27	118	43	150	124	150	133	144	228	155	9	17	47	13	0	176	35	73	20	91	111	119	100	14	85	0	15	208	56	0	82	9	82	49	81	27	223	264	64	2	20	36	21	32	19	99	76	132	15	52	31	156	6	8	167	48	246	253	23	0	6	109	96	3	21	97	173	5	29	47	0	133	48	80	136	7	61	0	5	19	24	42	125	77	127	45	10	56	43	119	22	96	34	100	22	38	137	255	60	223	110	15	105	3	50	153	48	42	58	291	23	142	48	69	0	334	134	26	51	134	16	0	73	214	72	61	81	209	126	54	210	24	81	95	24	275	27	28	176	111	101	75	251	70	157	40	128	97	238	0	44	142	122	5	145	267	151	304	50	102	5	135	98	34	67	78	65	45	291	26	30	143	235	100	244	148	50	53	122	32	39	154	9	54	188	311	31	128	58	27	88	43	69	105	76	63	90	82	97	0	4	46	135	159	94	116	161	41	195	80	191	43	1	29	67	35	112	23	100	15	55	107	207	15	64	20	336	135	100	39	203	350	5	270	16	342	59	52	86	51	65	14
2	0	0	0	0	0	0	0	0	0	0	0	0	0	0	0	0	0	0	0	0	0	0	0	0	0	0	0	0	0	0	0	0	0	0	0	0	0	0	0	0	0	0	0	0	0	0	0	0	0	0	0	0	0	0	0	0	0	0	0	0	0	0	0	0	0	0	0	0	0	0	0	0	0	0	0	0	0	0	0	0	0	0	0	0	0	0	0	0	0	0	0	0	0	0	0	0	0	0	0	0	136	0	244	95	0	10	169	0	0	0	35	0	0	5	0	18	27	0	17	0	1	44	0	47	0	0	39	0	25	12	25	0	70	0	0	0	35	0	15	41	0	35	0	4	36	6	0	13	0	239	0	32	0	0	0	27	34	0	0	1	53	16	43	0	0	104	30	0	7	0	63	0	0	0	50	0	0	0	0	0	0	0	85	0	0	0	0	0	127	4	62	0	0	0	53	3	37	0	0	0	12	43	1	0	0	0	10	1	0	1	0	0	5	0	0	0	253	1	0	6	25	0	0	0	34	0	33	0	0	106	0	24	18	1	0	0	8	1	11	14	12	51	0	14	1	3	6	0	87	57	0	6	0	0	63	0	0	93	4	0	0	0	1	14	0	0	67	0	0	124	11	4	20	33	54	2	33	37	0	40	0	78	16	83	3	0	16	0	0	89	57	39	0	5	64	226	0	18	0	22	88	0	16	129	105	3	1	4	137	18	7	2	2	4	141	59	2	71	8	98	248	90	0	1	0	20	0	13	2	11	51	47	2	54	71	177	32	27	61	67	15	47	127	11	176	2	18	0	81	4	0	0	0	0	90	4	10	48	0	0	28	0	0	88	0	76	19	35	16	0	228	3	37	29	21	1	22	0	1	14	24	0	61	207	20	10	137	30	51	40	0	52	103	2	10	1	4	10	67	64	87	56	4	235	87	73	117	34	38	1	8	14	12	60	0	84	34	35	0	48	26	88	0	150	1	39	43	84	305	100	38	145	0	60	42	33	86	23	69	17	88	112	31	58	94	126	0	77	190	19	56	16	0	31	30	63	16	222	80	56	105	23	218	24	0	105	40	0	0	198	3	1	80	13	72	41	32	0	76	52	0	68	0	39	0	71	0	26	54	88	44	101	129	34	60	76	130	78	52	98	211	104	101	61	181	110	29	69	81	76	28	34	94	0	8	47	140	63	3	82	48	20	0	240	41	115	0	198	46	8	178	1	0	74	64	198	17	109	30	1	72	30	0	142	54	116	39	11	34	106	187	28	182	69	68	30	161	73	17	22	166	8	60	165	139	95	57	12	0	72	72	58	0	44	17	42	56	184	78	67	46	130	129	38	28	177	26	0	72	29	7	35	42	4	124	9	104	67	9	78	46	39	0	33	35	55	64	67	10	59	178	63	1	50	45	211	0	4	24	34	59	0	3	158	159	57	22	58	0	165	62	213	0	6	80	75	40	58	173	19	188	112	78	74	215	45	33	78	19	19	69	100	0	55	124	51	54	46	91	166	62	80	74	118	30	53	154	21	19	91	37	154	43	49	1	3	170	181	10	0	40	46	73	116	129	218	47	176	56	166	134	22	0	110	75	0	197	75	50	172	106	162	3	39	154	75	185	5	219	23	121	70	20	198	91	55	3	372	7	44	219	88	25	227	74	25	43	182	146	25	18	142	89	174	214	92	22	163	5	54	0	31	194	36	107	48	80	62	90	38	107	156	69	153	25	17	45	137	15	64	111	163	0	7	50	47	153	56	168	110	0	125	44	54	134	49	81	194	44	78	192	102	66	65	40	51	40	54	53	112	9	74	77	72	113	50	121	247	143	48
3	0	0	0	0	0	0	0	0	0	0	0	0	0	0	0	0	0	0	0	0	0	0	0	0	0	0	0	0	0	0	0	0	0	0	0	0	0	0	0	0	0	0	0	0	0	0	0	0	0	0	0	0	0	0	0	0	0	0	0	0	0	0	0	0	0	0	0	0	0	0	0	0	0	0	0	0	0	0	0	0	0	0	0	0	0	0	0	0	0	0	0	0	0	0	0	0	0	0	0	0	0	0	0	1	0	0	0	0	0	0	0	0	0	0	0	0	0	0	0	0	0	0	0	0	0	0	0	0	0	0	0	0	0	0	0	0	0	0	0	0	0	0	0	0	0	0	0	0	0	0	0	0	0	0	0	0	0	0	0	0	0	0	0	0	0	0	0	0	0	0	0	0	0	0	0	0	0	0	0	0	0	0	0	0	0	5	0	0	0	0	13	0	0	0	0	0	0	0	0	0	0	0	0	0	0	3	0	0	0	0	0	0	0	0	0	4	6	0	0	0	0	0	0	0	0	0	0	0	0	94	0	0	41	0	0	0	0	0	0	0	0	0	0	0	0	0	48	0	0	0	0	0	0	0	0	0	0	0	0	0	0	0	0	0	0	0	6	0	0	0	0	0	0	0	0	0	0	0	0	180	0	0	0	1	0	0	0	83	0	0	0	0	0	0	0	0	0	0	0	43	20	0	0	5	5	0	0	0	62	39	0	0	0	0	35	21	0	104	0	0	0	104	0	0	0	0	0	0	24	0	0	0	0	1	0	217	0	100	0	163	0	44	26	0	160	0	7	0	127	0	0	0	0	0	17	1	0	0	2	0	0	0	112	99	0	0	0	0	0	0	0	0	0	0	0	0	0	0	8	31	0	0	56	24	25	2	2	38	67	5	0	0	0	0	12	0	0	0	0	63	38	3	0	46	2	77	136	1	33	0	70	0	0	0	0	0	130	153	0	61	6	0	0	86	0	8	0	88	38	41	0	127	0	128	9	0	135	4	262	45	62	0	40	50	0	0	0	82	46	0	36	0	0	32	57	274	0	11	13	84	0	26	6	12	0	55	118	0	0	123	0	0	151	0	26	54	0	0	169	0	0	39	0	0	0	145	0	71	0	0	88	73	2	203	6	75	45	176	0	87	98	111	45	47	13	100	109	29	17	148	0	0	171	0	35	37	241	266	0	73	149	172	0	14	27	211	0	24	3	0	79	2	0	80	148	23	77	49	63	0	67	0	0	12	69	154	23	113	30	44	48	103	82	0	45	0	66	0	78	0	61	29	117	158	51	418	92	5	0	2	57	130	0	104	4	65	90	75	104	24	72	4	35	0	96	126	67	0	53	0	25	0	47	0	141	0	121	0	0	56	106	48	0	161	19	0	42	136	30	143	3	16	0	23	27	93	0	0	0	51	101	0	0	54	229	5	111	24	0	64	11	210	0	0	91	0	0	22	173	22	147	98	227	50	137	75	80	10	46	24	104	205	0	11	85	194	3	56	72	167	29	0	268	220	62	43	44	179	67	135	17	45	0	3	0	0	146	31	0	0	73	185	76	91	125	39	36	259	37	116	132	24	0	95	25	0	15	153	101	88	75	208	223	167	185	45	99	0	49	29	130	24	19	70	6	123	131	133	0	129	80	19	73	110	48	49	160	165	46	177	165	91	139	225	38	78	93	23	148	51	0	24	157	51	154	114	149	0	114	64	66	46	69	88	86	170	69	36	0	0	81	27	1	52	80	24	71	184	68	75	0	136	160	195	38	104	130	30	90	37	85	154	0	23	14	67	112	49	14	78	0	124	104	77	42	25	61	271	92	96
4	0	0	0	0	0	0	0	0	0	0	0	0	0	0	0	0	0	0	0	0	0	0	0	0	0	0	0	0	0	0	0	0	0	0	0	0	0	0	0	0	0	0	0	0	0	0	0	0	0	0	0	0	0	0	0	0	0	0	0	0	0	0	0	0	0	0	0	0	0	0	0	0	0	0	0	0	0	0	0	0	0	0	0	0	0	0	0	0	0	0	0	0	0	0	0	0	0	0	0	0	0	0	0	0	0	0	0	0	0	0	0	0	0	0	0	0	0	0	0	0	0	0	0	0	0	0	0	0	0	0	0	0	0	0	0	0	0	0	0	0	0	0	0	0	0	0	0	0	0	0	0	0	0	0	0	0	0	0	0	0	0	0	0	0	0	0	0	0	0	0	0	0	0	0	0	0	0	0	0	0	0	0	0	0	0	0	0	0	0	0	0	0	0	0	0	0	0	0	0	0	0	0	0	0	0	0	0	0	0	5	0	0	0	0	0	0	0	0	0	0	0	0	10	0	0	0	0	0	0	0	0	0	0	0	0	0	0	0	0	0	0	0	0	0	0	0	0	0	0	0	0	0	0	0	0	0	0	0	0	0	0	0	0	58	0	0	0	0	0	0	0	0	0	0	0	0	0	0	0	0	0	0	0	0	0	0	0	0	0	0	0	0	0	0	0	0	0	0	0	0	0	0	0	0	25	0	0	0	0	0	0	0	0	0	8	0	0	0	0	0	0	4	0	0	0	0	0	0	0	0	0	0	0	0	0	15	3	0	0	37	0	0	0	0	0	0	0	0	0	0	1	0	0	0	0	0	0	0	0	0	0	0	0	0	0	0	0	0	0	0	0	0	0	0	0	4	0	0	0	0	0	0	0	0	1	0	0	0	0	0	0	0	0	0	0	0	0	0	0	0	7	0	0	159	0	0	0	0	0	0	0	0	0	0	0	0	5	1	0	3	0	0	0	0	0	0	0	0	4	37	0	0	0	1	0	0	49	0	60	22	0	17	0	0	0	0	0	0	15	0	0	0	0	1	27	36	0	0	0	0	0	0	0	0	0	8	1	0	0	25	0	0	2	0	0	0	0	0	0	0	0	7	0	0	0	0	0	1	0	0	0	0	0	0	0	0	18	0	0	0	9	15	125	20	19	0	75	2	0	0	0	0	43	0	0	0	4	0	0	74	0	0	0	17	1	35	11	0	0	0	0	0	0	15	37	12	0	0	44	0	0	0	0	0	3	21	8	47	6	0	0	0	4	0	81	0	0	0	0	0	1	0	7	25	89	1	1	11	0	0	1	53	0	2	0	0	0	0	1	54	0	0	77	0	0	10	0	0	0	0	0	0	2	0	6	0	0	0	0	0	0	0	0	46	0	0	0	29	0	17	3	0	0	0	82	21	49	0	0	0	19	0	0	79	55	6	18	4	0	0	0	0	0	0	0	1	0	10	0	0	0	29	0	162	0	7	4	0	0	0	111	0	0	6	3	0	144	0	31	1	0	0	0	51	3	8	10	0	0	6	50	30	0	0	0	0	35	0	0	0	0	0	0	0	11	47	29	0	0	0	0	0	0	3	0	0	0	83	68	59	0	48	0	0	2	0	0	0	33	0	17	0	0	11	0	30	3	209	0	0	36	0	75	65	0	0	0	2	7	11	0	25	18	0	0	0	5	10	23	0	0	49	0	21	5	20	12	0	29	9	12	53	0	86	30	26	48	0	0	0	0	7	0	0	2	23	6	71	48	0	0	1	10	9	69	23	42	0	110	1	20	3	0	86	8	0	4	6	6	0	0	0	0	132	0	0	0	3	0	0
5	0	0	0	0	0	0	0	0	0	0	0	0	0	0	0	0	0	0	0	0	0	0	0	0	0	0	0	0	0	0	0	0	0	0	0	0	0	0	0	0	0	0	0	0	0	0	0	0	0	0	0	0	0	0	0	0	0	0	0	0	0	0	0	0	0	0	0	0	0	0	0	0	0	0	0	0	0	0	0	0	0	0	0	0	0	0	0	0	0	0	0	0	0	0	0	0	0	0	0	0	56	0	0	0	0	0	0	0	0	0	0	0	0	0	0	0	0	0	0	0	0	0	0	0	7	0	0	0	0	0	0	0	0	0	0	0	0	0	0	0	0	0	0	0	0	0	0	0	0	11	0	0	0	0	0	0	0	0	0	0	0	0	53	0	0	0	0	0	0	0	0	0	0	0	0	0	0	0	4	0	0	0	0	0	0	0	0	0	0	0	0	0	0	0	0	0	0	0	0	0	0	0	6	0	0	0	0	0	0	0	0	0	0	0	0	0	57	0	0	0	0	0	0	0	0	0	0	0	0	0	0	0	0	0	0	0	0	0	0	0	0	0	0	0	0	0	134	0	0	0	0	0	17	0	0	0	0	43	0	0	0	0	0	0	0	0	4	0	0	0	0	0	0	0	0	0	0	0	0	14	0	0	0	1	0	0	0	0	0	0	0	0	0	0	0	0	0	0	0	0	49	0	0	0	52	0	0	0	132	51	0	0	0	12	0	35	0	0	0	31	0	145	0	0	52	53	0	0	62	0	0	0	0	0	0	17	1	14	0	147	0	27	69	0	156	0	4	0	200	0	0	0	0	0	6	35	0	0	0	0	0	0	121	152	0	0	0	0	0	0	0	0	0	0	22	31	0	0	28	28	0	0	75	10	18	0	0	141	32	129	0	0	0	0	46	0	9	0	0	69	84	0	4	9	0	170	138	0	53	0	72	0	0	0	0	14	77	123	0	161	26	0	0	44	0	58	24	39	114	92	0	72	0	126	154	0	57	3	166	185	1	0	4	61	0	0	0	0	56	0	226	0	0	58	108	295	16	67	0	1	0	173	1	0	0	1	49	0	0	71	0	0	115	1	0	12	0	0	32	0	0	81	0	0	0	241	0	163	0	0	45	124	32	27	27	111	103	6	35	35	133	127	119	194	85	93	214	202	65	130	0	5	71	0	47	16	251	16	23	204	49	14	0	85	27	120	0	178	30	0	43	0	0	18	86	95	86	34	95	109	140	6	0	174	84	13	204	90	324	0	172	115	27	0	22	16	5	0	54	0	27	61	130	103	101	41	73	0	0	0	44	163	0	73	9	26	79	176	292	90	61	41	352	0	84	61	38	0	144	0	45	7	17	0	81	0	99	0	0	100	90	45	0	71	189	4	141	18	22	97	124	258	0	119	52	97	0	4	0	185	92	0	0	160	65	117	103	163	0	181	17	244	17	0	76	0	0	79	183	105	18	115	24	150	102	157	107	224	74	67	29	38	0	140	179	151	52	35	201	38	182	0	247	42	127	62	61	187	26	23	185	104	0	2	31	0	177	143	0	0	91	244	284	19	137	97	8	44	41	76	58	264	0	96	84	0	79	70	114	97	60	49	44	144	150	210	41	0	49	62	86	346	78	61	117	26	82	26	2	25	121	8	128	191	114	65	51	90	68	81	93	79	98	80	77	133	80	228	137	83	0	162	62	57	103	109	21	78	72	84	32	42	130	70	261	51	72	102	0	33	46	21	0	64	241	35	155	22	97	114	0	13	97	128	170	29	94	100	71	140	182	47	39	51	23	207	28	77	91	157	0	113	45	26	36	0	46	59	74	111
6	0	0	0	0	0	0	0	0	0	0	0	0	0	0	0	0	0	0	0	0	0	0	0	0	0	0	0	0	0	0	0	0	0	0	0	0	0	0	0	0	0	0	0	0	0	0	0	0	0	0	0	0	0	0	68	0	0	0	0	0	0	0	0	0	0	0	0	0	0	0	0	0	0	0	0	0	0	0	0	0	0	0	0	0	0	0	0	0	0	0	0	0	0	0	0	0	0	0	0	0	0	0	0	0	0	0	0	0	0	0	0	0	0	0	0	0	0	0	0	0	0	0	0	0	0	0	0	0	0	0	0	0	0	0	0	0	0	0	0	0	0	0	0	0	0	0	0	0	0	0	0	0	0	0	0	0	0	0	0	0	0	0	0	0	0	0	0	0	0	0	0	0	0	0	0	0	0	0	0	0	0	0	0	0	0	0	0	0	0	0	0	0	0	0	0	0	0	0	0	0	0	0	0	0	0	0	0	0	0	0	0	0	0	0	0	31	174	0	0	0	0	0	0	0	0	0	0	0	0	5	0	0	0	0	0	0	0	0	0	0	0	0	0	29	0	0	79	0	0	1	0	0	0	12	0	0	0	0	0	0	0	0	0	0	0	0	0	0	0	0	0	0	0	0	0	2	0	0	0	21	0	0	0	3	0	0	0	0	0	0	0	0	0	0	0	0	0	0	0	0	56	0	6	72	35	0	0	0	37	45	0	0	0	151	0	31	0	281	0	0	0	108	0	0	0	0	0	0	11	0	0	0	0	0	0	0	0	88	0	37	0	50	15	0	0	0	0	0	57	0	0	0	0	0	0	0	0	0	0	0	39	0	48	123	0	0	0	0	0	1	0	0	0	94	0	0	0	0	0	0	0	0	24	0	121	0	0	170	25	117	0	0	5	0	0	0	0	0	0	160	20	0	0	47	2	491	30	0	36	0	111	0	82	0	35	7	19	22	0	30	35	24	0	19	0	117	0	334	80	193	0	209	0	27	205	0	9	0	29	94	0	0	22	40	0	0	0	0	62	0	19	0	0	296	89	16	0	86	7	0	0	77	3	33	0	10	120	0	0	165	0	0	151	0	3	352	6	0	312	0	0	38	0	0	0	140	0	76	0	14	96	40	0	103	36	19	110	51	7	219	48	61	248	37	14	40	177	140	0	144	0	0	171	0	58	121	147	26	0	116	19	21	0	95	76	267	0	298	31	0	54	0	0	44	80	38	13	142	13	0	57	0	0	4	206	30	53	25	0	0	107	33	34	0	115	35	100	0	290	112	121	165	122	43	28	103	96	26	0	0	65	52	0	40	21	35	82	48	68	104	395	1	54	0	91	31	39	0	232	37	126	0	121	0	50	0	250	0	0	88	36	89	0	322	137	19	125	134	17	1	21	75	0	53	67	154	0	11	0	26	44	0	0	74	43	33	48	44	0	134	0	26	8	52	38	0	1	103	57	96	211	30	141	109	60	146	120	54	26	3	94	89	0	103	184	81	132	107	114	35	44	0	113	98	119	60	74	46	31	115	361	182	0	25	0	0	172	60	0	0	329	56	41	66	51	53	121	108	23	65	187	45	0	29	87	0	24	75	248	64	37	82	6	106	38	17	97	0	57	87	147	73	22	117	3	101	194	118	3	84	192	63	74	110	43	26	14	249	80	80	42	19	87	113	27	24	37	128	268	125	0	23	43	22	53	66	21	0	137	3	52	41	100	50	283	125	23	5	29	25	75	112	65	30	47	12	43	22	86	57	0	50	46	46	160	182	108	225	44	60	61	17	13	42	208	70	102	73	216	7	0	82	116	237	368	0	36	34	143	33
7	0	0	0	0	0	0	0	0	0	0	0	0	0	0	0	0	0	0	0	0	0	0	0	0	0	0	0	0	0	0	0	0	0	0	0	0	0	0	0	0	0	0	0	0	0	0	0	0	0	0	0	0	0	0	0	0	0	0	0	0	0	0	0	0	0	0	0	0	0	0	0	0	14	0	0	0	0	0	0	0	0	0	0	0	0	0	0	0	0	0	0	0	0	0	0	0	0	0	0	0	96	0	0	0	0	0	0	0	0	0	0	0	0	0	0	0	0	0	0	0	0	0	0	0	0	0	0	0	0	0	0	0	0	0	0	0	0	0	0	0	0	0	0	0	0	0	0	0	0	0	0	0	0	0	0	0	0	0	0	0	0	0	0	0	0	0	0	0	0	0	0	0	0	0	0	0	0	0	0	0	0	0	0	0	0	0	0	0	6	0	0	0	0	0	0	0	0	0	0	0	0	0	0	0	0	0	0	0	0	0	0	0	0	140	0	0	53	198	0	0	0	0	0	0	0	0	0	0	0	0	0	0	50	0	0	0	0	0	0	0	0	0	0	0	0	0	101	0	0	0	11	0	0	0	0	0	0	0	0	0	0	0	0	0	0	0	0	0	0	0	0	52	0	0	0	0	0	0	0	20	0	0	0	0	0	0	0	0	0	0	3	0	0	0	0	0	0	0	0	0	0	0	0	1	73	0	0	0	42	26	0	0	0	0	4	1	0	19	0	0	0	159	0	0	0	0	0	0	111	1	0	0	0	125	0	103	0	53	0	109	0	61	51	0	50	0	0	0	37	0	3	0	0	0	8	0	0	0	0	0	0	0	59	36	0	0	0	0	0	9	0	0	0	0	1	13	2	0	12	84	0	0	0	0	24	0	0	80	28	0	0	0	0	0	8	0	0	0	0	62	58	0	0	62	36	124	57	0	195	0	88	0	0	0	0	45	184	59	0	15	14	12	0	92	0	15	4	74	65	39	0	84	0	30	24	0	51	0	16	211	1	0	4	71	0	0	1	59	13	0	143	0	0	58	60	120	0	15	0	14	0	210	0	1	0	103	143	0	0	96	0	2	155	2	0	6	0	0	41	0	0	151	0	0	0	3	0	76	0	0	131	11	0	120	55	17	177	20	0	31	39	65	334	52	51	176	120	60	84	214	2	0	183	0	37	2	128	155	0	189	87	0	0	113	53	135	9	80	65	0	76	0	0	17	136	91	13	52	26	0	161	2	0	37	72	21	69	83	128	0	275	121	5	0	197	53	141	0	88	0	78	86	5	89	41	85	29	1	0	0	63	93	0	90	47	25	164	84	102	99	84	6	105	0	74	87	35	0	182	0	103	10	73	0	113	0	73	0	0	51	7	231	0	41	10	9	176	70	0	146	0	34	16	48	59	268	0	2	48	19	72	0	0	29	391	11	98	63	0	17	0	15	0	9	200	18	0	87	26	105	57	44	271	143	20	88	118	89	160	9	118	146	0	94	164	52	31	52	142	47	21	0	38	14	181	21	31	34	179	57	22	15	0	2	0	0	109	243	4	0	70	65	123	132	38	34	88	31	109	248	73	81	0	21	86	0	32	31	114	13	152	50	147	40	69	241	18	0	120	67	25	277	341	143	5	310	68	54	0	140	130	85	47	95	35	30	72	14	21	45	205	92	23	86	44	197	42	137	98	66	0	222	104	58	28	249	175	4	117	143	95	121	126	72	93	28	25	0	19	53	191	12	0	81	77	11	62	184	104	29	0	93	41	52	92	20	65	92	72	80	64	127	0	102	79	71	46	267	44	69	6	18	95	31	78	0	64	58	50	12
8	0	0	0	0	0	0	0	0	0	0	0	0	0	0	0	0	0	0	0	0	0	0	0	0	0	0	0	0	0	0	0	0	0	0	0	0	0	0	0	0	0	0	0	0	0	0	0	0	0	0	0	0	0	0	0	0	0	0	0	0	0	0	0	0	0	0	0	0	0	0	0	0	0	0	0	0	0	0	0	0	0	0	0	0	0	0	0	0	0	0	0	0	0	0	0	0	0	0	0	0	0	0	0	0	0	0	0	0	0	0	0	0	0	0	0	0	0	0	0	0	0	0	0	0	0	0	0	0	0	0	0	0	0	0	0	0	7	0	0	0	0	0	0	0	0	0	0	0	0	0	0	0	0	0	0	0	0	0	0	0	0	0	0	0	0	0	0	0	0	0	0	0	0	0	0	0	0	0	0	0	0	0	0	0	0	0	0	0	0	0	0	0	0	0	0	0	0	0	0	0	0	0	0	0	0	0	0	0	0	0	0	0	0	0	0	0	87	0	0	0	0	0	0	0	0	0	0	0	0	58	0	0	145	0	0	0	0	0	0	0	0	0	0	0	0	0	230	0	0	0	0	0	0	0	0	0	0	25	0	0	0	0	0	0	0	0	0	0	0	0	0	0	0	0	0	1	0	0	0	0	0	0	0	0	0	0	0	0	0	0	0	0	0	0	0	0	0	0	0	0	6	0	0	0	258	0	0	0	30	55	0	0	0	0	133	1	67	70	8	0	31	132	0	0	0	0	0	0	29	0	0	0	0	0	0	61	0	55	0	188	0	0	34	0	54	0	37	0	0	0	0	0	0	0	0	0	0	0	0	0	0	0	14	32	0	0	0	0	0	0	0	0	0	0	0	19	0	0	0	57	0	0	18	38	87	1	0	43	91	5	0	0	129	0	6	0	0	0	0	20	15	0	0	48	0	28	172	0	54	0	11	0	0	0	2	23	32	38	0	65	99	0	0	18	0	71	1	231	148	94	0	83	1	210	1	40	18	16	36	188	0	0	77	10	0	0	0	22	287	0	17	0	0	53	51	72	0	68	3	58	4	44	21	6	0	44	101	0	0	150	0	0	56	0	0	75	0	0	124	0	0	108	0	0	0	181	0	99	0	0	112	65	8	100	5	0	39	0	0	16	135	49	195	68	65	71	99	89	0	114	0	10	33	0	86	34	106	42	0	224	117	0	0	120	290	295	0	37	92	0	18	0	0	4	161	82	0	36	108	0	164	1	0	36	163	20	44	163	127	28	26	45	79	0	21	8	94	0	29	0	19	37	103	4	28	25	206	0	0	0	69	61	0	154	77	28	34	9	147	222	188	1	66	0	11	101	48	0	27	2	62	42	66	0	271	0	5	0	0	20	103	39	0	106	47	148	6	45	48	3	0	32	0	36	33	92	0	0	0	260	148	0	0	83	105	63	139	202	0	73	2	45	0	0	8	0	0	181	1	13	160	51	91	70	46	215	41	82	3	14	54	35	0	72	26	6	10	65	35	200	73	0	99	86	142	124	38	33	85	70	127	120	0	11	0	0	321	26	0	0	11	44	81	177	158	166	15	81	89	48	88	375	30	60	31	0	179	51	35	162	20	376	491	19	231	42	72	0	60	57	41	171	153	69	0	77	11	125	0	90	40	113	27	188	233	85	0	58	34	48	186	57	112	59	0	202	77	58	100	74	0	74	194	36	61	52	263	1	81	25	232	50	81	154	43	36	76	50	0	11	77	68	0	76	72	26	329	10	66	88	0	134	211	106	45	48	111	140	128	248	72	202	86	112	191	27	69	62	125	104	5	76	418	242	78	0	22	190	78	63
9	0	0	0	0	0	0	0	0	0	0	0	0	0	0	0	0	0	0	0	0	0	0	0	0	0	0	0	0	0	0	0	0	0	0	0	0	0	0	0	0	0	0	0	0	0	0	0	0	0	0	0	0	0	0	0	0	0	0	0	0	0	0	0	0	0	0	0	0	0	0	0	0	0	0	0	0	0	0	0	0	0	0	0	0	0	0	0	0	0	0	0	0	0	0	0	0	0	0	0	0	0	0	0	0	0	0	0	0	0	0	0	0	0	0	0	0	0	0	0	0	0	0	0	0	0	0	0	0	0	0	0	0	0	0	0	0	0	0	1	0	0	0	0	0	0	0	0	0	0	0	0	0	0	0	0	0	0	0	0	0	0	0	0	0	0	0	0	0	0	0	0	0	0	0	0	0	0	0	0	0	0	0	0	0	0	0	0	0	0	0	0	0	2	0	0	0	0	0	0	0	0	0	0	0	0	0	0	0	0	0	0	0	0	0	0	0	0	0	0	0	0	0	0	0	0	0	0	0	0	0	0	0	0	0	0	0	0	0	0	0	0	0	0	0	0	0	30	0	0	0	0	0	0	0	0	0	0	0	0	0	0	0	0	0	0	0	0	0	0	0	0	0	0	0	0	0	0	0	0	0	0	0	0	0	0	0	0	0	0	0	0	0	0	0	0	88	0	0	0	0	2	0	0	0	3	0	0	0	0	0	0	0	0	0	0	0	0	0	0	0	50	0	0	1	0	0	0	0	0	0	0	0	0	0	0	31	0	0	0	30	0	0	0	0	0	0	0	0	0	0	0	0	0	0	0	0	0	0	0	0	0	0	0	49	0	0	0	0	0	0	0	0	0	0	0	0	0	0	0	0	0	0	0	0	0	0	0	1	0	1	0	0	0	0	0	0	0	0	0	0	4	0	0	33	0	35	0	0	0	0	0	0	0	0	0	0	12	6	0	0	0	0	0	55	0	0	0	0	84	4	0	0	0	0	0	0	23	0	219	65	0	0	0	0	0	0	0	0	7	0	0	0	0	0	9	300	5	20	0	0	0	0	0	0	0	0	14	0	0	9	0	0	180	0	0	0	0	0	13	0	0	6	0	0	0	51	0	0	64	0	0	0	0	0	0	1	0	12	0	0	19	0	63	34	38	0	37	11	0	0	0	0	5	0	4	17	128	0	0	209	0	0	0	60	0	43	0	0	0	0	3	0	0	74	346	0	2	0	40	0	3	0	0	0	5	0	47	125	16	0	54	3	0	0	4	0	19	0	306	0	61	22	33	53	5	0	48	0	0	0	0	46	0	164	0	0	0	1	0	105	0	0	57	0	0	133	0	0	2	0	2	0	7	0	25	0	0	0	0	0	101	0	0	71	0	0	0	79	81	57	1	8	0	72	51	21	0	1	0	4	7	0	0	165	69	0	143	11	0	0	0	0	0	0	0	0	0	134	0	0	54	23	11	112	0	81	6	78	0	0	2	28	0	85	127	4	0	89	52	99	0	0	1	8	0	8	162	0	8	52	5	0	0	0	0	0	18	9	0	0	15	250	3	0	95	99	0	56	304	24	72	19	0	0	74	0	0	76	53	39	66	56	33	83	0	0	2	0	0	0	69	67	93	50	0	96	0	2	0	0	105	106	0	0	0	117	5	151	141	194	80	93	266	73	0	9	31	60	23	8	0	2	12	10	212	150	14	0	14	210	0	64	0	55	30	146	114	0	0	0	5	0	0	8	7	0	1	45	98	6	0	234	61	1	247	98	105	14	119	48	169	48	1	203	0	0	22	51	160	0	0	54	0	48	28	0	68	0	57	47
10	0	0	0	0	0	0	0	0	0	0	0	0	0	0	0	0	0	0	0	0	0	0	0	0	0	0	0	0	0	0	0	0	0	0	0	0	0	0	0	0	0	0	0	0	0	0	0	0	0	0	0	0	0	0	0	0	0	0	0	0	0	0	0	0	0	0	0	0	0	0	0	0	0	0	0	0	0	0	0	0	0	0	0	0	0	0	0	0	0	0	0	0	0	0	0	0	0	0	0	0	0	0	0	0	0	0	0	0	0	0	0	0	0	0	0	0	0	0	0	0	0	0	0	0	0	0	0	0	0	0	0	0	0	0	0	0	0	0	0	0	0	0	0	0	0	0	0	0	0	0	0	0	0	0	0	0	0	0	0	0	0	0	0	0	0	0	0	0	0	0	0	0	0	0	0	0	0	0	0	0	0	0	0	0	0	0	0	0	0	0	0	0	18	0	0	0	0	0	0	0	0	0	0	0	0	0	0	0	0	0	0	0	0	0	0	0	0	0	0	0	0	0	0	0	0	0	0	0	0	0	0	0	0	0	0	0	0	0	0	0	0	0	0	0	0	0	11	0	0	0	0	0	0	0	0	0	0	0	0	0	0	0	0	0	0	0	0	0	0	0	0	0	0	0	0	0	0	0	0	0	0	0	0	0	0	0	0	0	0	0	0	0	0	0	0	0	0	0	0	0	0	9	0	0	0	0	0	0	61	11	0	8	0	0	0	0	0	15	0	0	0	0	0	0	0	0	0	0	0	0	0	0	0	0	0	0	0	0	0	17	0	0	0	0	0	0	0	0	0	0	0	0	0	0	0	0	0	0	0	0	0	0	0	0	0	0	0	0	0	0	0	0	0	0	0	0	0	0	0	0	0	0	0	0	0	0	0	0	8	0	0	0	0	0	0	0	0	0	0	0	0	0	0	19	0	275	0	0	0	0	0	0	0	0	0	0	0	99	0	1	0	0	0	28	0	0	0	46	34	2	0	0	0	0	3	0	0	0	124	1	0	12	0	0	0	0	0	0	222	0	0	0	0	13	15	32	0	19	0	0	0	23	0	2	0	1	36	0	0	137	0	0	73	0	0	0	0	2	58	0	0	52	0	2	0	78	0	0	0	0	0	0	7	0	0	0	0	0	0	0	72	9	17	0	18	2	105	222	0	0	0	0	0	0	5	0	84	0	0	0	0	0	0	27	15	193	0	0	26	0	0	0	0	171	75	4	78	0	43	0	4	0	0	0	0	0	0	250	0	0	22	12	0	0	15	0	0	0	62	0	51	0	37	46	8	0	21	0	0	0	0	74	0	203	0	0	0	0	0	86	0	0	200	0	3	21	0	0	9	0	0	0	54	0	63	0	0	0	0	0	0	0	0	58	0	0	0	52	0	38	0	94	0	57	136	96	0	0	0	13	78	0	0	74	31	0	27	0	0	0	0	25	0	0	113	0	0	95	0	0	0	98	123	256	22	93	4	18	0	0	1	17	0	3	7	30	0	40	66	66	1	0	0	72	0	48	72	14	1	37	0	117	0	0	0	0	57	58	0	0	3	30	0	0	30	378	0	134	255	77	25	0	0	69	0	0	0	72	170	137	23	2	7	226	8	0	21	0	0	21	95	8	16	164	0	101	0	2	0	0	97	46	38	1	14	250	0	21	191	46	134	7	84	84	0	6	77	12	43	0	0	0	107	0	112	78	1	0	0	217	5	56	3	149	1	80	37	0	0	0	6	0	0	0	58	5	0	30	78	0	0	42	107	0	88	127	115	9	300	0	8	87	0	32	0	1	0	180	98	0	0	8	0	21	95	0	153	0	0	57
11	0	0	0	0	0	0	0	0	0	0	0	0	0	0	0	0	0	0	0	0	0	0	0	0	42	0	0	0	0	0	0	0	0	0	0	0	0	0	0	0	0	0	0	0	0	0	0	0	0	0	0	0	0	0	0	0	0	0	0	0	0	0	0	0	0	0	0	0	0	0	0	0	0	0	0	0	0	0	0	0	0	0	0	0	0	0	0	0	0	0	0	0	0	0	0	0	0	22	0	0	0	0	0	0	0	0	0	0	0	0	0	0	0	0	0	0	0	0	0	0	0	0	0	0	0	0	0	0	0	0	0	0	0	0	0	0	0	0	0	0	0	0	0	0	0	0	0	0	0	0	0	0	0	0	0	0	0	0	0	0	0	0	0	0	0	40	10	0	0	0	0	0	0	0	0	0	0	0	0	0	0	0	0	0	0	0	0	0	0	0	0	0	0	0	0	0	0	0	0	0	0	0	0	0	0	0	0	0	0	0	0	0	0	0	0	0	0	0	0	0	0	0	0	0	0	0	0	0	0	0	0	0	0	0	0	0	0	0	3	0	0	0	0	0	0	0	0	0	0	0	0	0	0	0	0	0	0	0	0	36	0	0	0	0	0	0	0	3	0	0	0	0	0	0	0	0	0	0	0	5	0	0	0	0	0	0	0	0	0	0	0	0	0	0	0	0	0	0	0	0	0	0	0	0	0	0	1	0	0	0	0	0	0	0	0	0	0	0	0	0	0	2	0	0	0	0	0	0	0	0	0	0	9	0	0	0	0	0	0	1	0	0	0	0	0	0	0	0	0	0	0	0	0	0	0	0	0	0	0	6	12	0	0	7	0	0	0	14	0	0	0	0	0	0	0	0	0	0	0	0	0	0	0	0	0	0	0	0	0	0	2	22	0	0	0	1	0	0	0	0	0	0	0	23	0	19	1	0	0	2	0	0	0	0	0	0	0	11	0	37	0	0	0	0	0	0	0	0	0	0	0	0	0	0	0	0	0	0	42	0	21	0	0	0	0	0	0	0	0	0	0	0	0	0	0	285	0	0	0	0	0	0	0	0	0	0	0	0	0	10	0	12	0	0	4	0	0	0	0	0	0	0	0	0	0	69	0	0	0	0	59	0	0	0	0	0	0	0	0	0	0	32	20	0	3	0	155	66	0	0	0	0	0	0	0	0	6	45	0	7	0	0	0	1	0	42	0	0	0	0	0	0	0	216	110	0	0	0	180	0	0	0	0	0	0	0	0	12	0	0	71	0	0	0	0	0	5	0	318	0	0	8	30	0	0	0	1	0	0	1	0	79	0	214	0	0	0	0	1	44	0	0	0	0	0	53	0	0	0	0	0	0	0	0	0	0	0	0	0	0	0	0	0	0	0	0	0	0	0	50	1	103	0	106	240	0	0	0	0	0	88	0	0	2	0	0	31	0	0	0	0	0	0	0	0	0	0	0	0	0	0	55	144	44	0	129	0	0	0	0	0	25	0	55	0	0	0	0	66	113	0	0	0	200	0	19	9	0	10	145	2	0	0	0	0	0	52	0	0	0	5	56	0	0	87	29	0	146	252	19	37	61	0	0	0	0	1	27	13	75	0	0	0	48	0	0	25	0	0	0	71	13	118	297	0	75	0	0	0	0	0	7	48	0	0	174	0	99	112	44	78	125	178	22	4	0	29	45	24	0	0	0	126	33	37	150	0	0	0	43	0	0	0	159	0	49	9	0	0	0	0	0	0	2	103	0	0	22	221	0	0	0	59	0	80	133	158	11	84	0	111	67	0	0	0	0	0	71	169	0	0	104	0	0	51	0	31	0	0	86
12	0	0	0	0	0	0	0	0	0	0	0	0	0	0	0	0	0	0	0	0	0	0	0	0	0	0	0	0	0	0	0	0	0	0	0	0	0	0	0	0	0	0	0	0	0	0	0	0	0	0	0	0	0	0	0	0	0	0	0	0	0	0	0	0	0	0	0	0	0	0	0	0	0	0	0	0	0	0	0	0	0	0	0	0	0	0	0	0	0	0	0	0	0	0	0	0	24	0	0	0	0	0	0	0	0	0	0	0	0	0	0	0	0	0	0	0	0	0	0	0	0	0	0	0	0	0	0	0	0	3	0	0	0	0	0	0	0	0	0	0	0	0	0	0	0	0	0	0	0	60	0	0	0	0	0	0	0	0	0	0	0	0	0	0	0	0	0	0	57	0	3	0	0	0	0	0	0	0	0	0	0	0	0	0	0	0	0	0	0	0	0	0	6	0	0	0	0	0	0	0	0	0	0	0	0	0	0	0	0	0	0	0	0	0	0	0	0	0	0	0	0	0	0	0	0	0	0	0	0	0	0	0	0	0	0	0	0	0	0	0	0	0	0	0	0	0	0	0	0	0	0	0	0	0	0	0	0	0	0	0	0	0	0	0	0	0	0	0	0	0	0	0	0	0	0	0	0	0	0	0	0	0	0	0	0	0	0	0	0	0	0	0	0	0	0	0	0	0	0	0	0	0	0	0	0	0	0	0	0	0	0	0	0	0	0	0	0	0	14	0	0	0	0	0	0	0	9	0	0	0	0	0	0	0	3	0	0	0	0	0	0	0	0	0	0	0	0	0	0	0	0	0	0	0	0	0	0	0	0	0	0	0	0	0	0	0	0	0	0	0	0	0	0	0	0	0	0	0	0	0	0	0	0	0	0	0	0	0	0	0	0	4	0	0	0	0	0	0	0	0	0	0	0	3	0	0	0	0	0	0	0	0	0	0	0	0	24	0	0	0	0	0	0	0	0	0	0	0	0	0	0	0	0	2	0	4	0	0	32	0	0	0	0	0	0	1	0	10	0	0	0	0	0	0	0	22	0	0	0	0	0	0	0	0	0	0	0	0	0	238	0	0	0	0	0	0	0	57	0	0	0	0	0	0	0	125	0	0	0	0	0	0	0	0	0	0	0	0	0	0	0	0	0	0	28	0	117	8	0	0	0	0	0	0	0	0	135	0	0	0	0	0	0	0	0	88	0	0	0	0	0	0	0	151	92	0	0	0	186	0	0	0	0	0	0	0	0	0	0	0	0	0	0	0	0	0	0	0	39	0	234	10	48	0	0	0	54	0	0	0	0	85	0	224	0	0	0	0	14	106	0	0	10	0	0	157	0	0	0	0	0	0	0	0	0	0	0	0	0	1	0	0	0	13	0	14	0	0	17	45	0	14	0	149	122	0	0	0	0	0	37	0	0	0	0	0	205	0	0	4	0	0	0	0	0	0	0	21	0	0	0	35	35	136	0	152	0	0	0	0	3	35	0	63	0	0	0	0	28	30	0	0	0	78	0	0	92	0	3	18	0	0	0	0	0	0	98	93	0	0	29	15	0	0	40	78	0	5	84	79	0	3	0	2	0	0	0	60	100	89	0	11	11	29	0	0	126	0	0	0	63	0	68	15	0	33	0	0	0	0	0	33	20	0	0	157	0	160	44	2	70	13	35	146	0	35	97	56	5	0	0	0	48	0	206	14	0	0	0	56	0	0	0	30	0	225	14	0	0	0	2	0	0	0	81	0	0	0	41	0	0	0	69	0	64	131	17	1	90	0	64	104	0	0	0	0	0	69	30	0	0	164	42	0	265	0	27	0	0	47
13	0	0	0	0	0	0	0	0	0	0	0	0	0	0	0	0	8	0	0	0	0	0	0	0	0	0	0	0	0	0	0	0	0	0	0	0	0	0	0	0	0	0	0	0	0	0	0	0	0	0	0	0	0	0	0	0	0	0	0	0	0	0	0	0	0	0	0	58	0	0	0	0	0	6	0	0	0	0	0	0	0	78	0	0	0	0	0	0	0	0	0	0	0	0	0	0	0	0	0	0	0	0	0	0	0	0	0	2	0	0	0	0	0	0	0	6	0	0	0	0	0	0	0	0	0	0	0	0	0	0	0	0	0	0	0	0	0	0	0	0	0	0	0	0	0	0	0	0	0	0	0	0	0	0	0	0	0	0	0	7	0	0	0	0	0	0	0	0	0	0	0	0	0	0	0	0	0	0	0	0	3	0	0	0	0	0	0	0	0	0	0	0	0	0	0	0	0	0	0	0	0	0	0	0	0	0	0	0	0	0	0	0	0	0	0	0	2	0	0	0	0	0	0	0	0	0	0	0	0	0	0	0	0	0	0	1	0	0	0	0	0	0	0	0	0	0	18	0	0	0	0	0	0	0	0	0	0	0	0	0	0	0	0	0	0	0	0	0	0	0	0	0	0	0	0	0	0	0	0	0	0	0	0	0	0	0	0	0	0	0	0	0	0	0	0	0	0	0	0	0	0	0	0	0	0	0	0	2	0	0	0	0	0	0	0	0	0	0	0	0	0	0	0	0	0	0	0	0	0	0	0	0	0	0	0	0	0	0	0	0	0	0	0	0	0	0	29	0	0	0	0	0	0	0	0	18	0	0	0	0	0	0	0	0	0	0	0	0	0	0	0	0	0	0	0	0	0	0	0	0	0	0	0	0	0	0	0	0	0	0	0	0	0	0	1	0	0	0	0	0	0	0	3	0	0	64	2	0	0	0	0	0	0	0	0	0	7	15	0	2	0	0	0	0	0	0	0	0	0	0	0	0	0	0	0	0	0	0	0	0	0	0	0	0	0	0	0	0	0	0	0	0	0	0	0	50	0	0	0	0	0	0	0	0	0	0	0	0	0	130	0	0	0	0	0	1	0	0	0	0	0	0	0	0	0	4	0	0	0	0	0	0	0	0	0	0	0	0	0	0	0	0	0	0	6	0	189	4	0	0	0	0	0	0	0	0	73	0	0	0	0	0	0	0	0	42	0	0	0	0	4	0	0	17	168	0	0	6	100	0	0	0	0	0	0	0	0	11	0	0	0	0	0	0	0	0	0	0	55	0	0	0	66	0	2	0	0	0	0	0	0	98	0	85	0	0	0	10	0	36	0	0	12	0	0	67	0	0	0	0	0	0	0	0	0	0	0	0	0	0	0	0	0	9	0	0	0	0	13	257	0	35	0	70	89	0	0	0	0	6	57	0	0	0	39	0	150	0	0	0	0	0	0	0	0	0	0	10	0	0	0	1	80	31	0	159	3	0	0	0	0	72	0	38	0	0	0	0	46	179	3	0	0	30	0	0	119	0	0	5	0	0	0	0	0	0	16	0	0	0	0	49	0	0	57	225	0	30	129	64	0	0	0	0	0	0	0	61	14	33	0	0	4	255	0	0	99	0	0	0	130	3	116	78	0	129	0	0	0	0	0	180	63	0	0	130	0	175	102	0	113	279	16	252	0	2	201	34	11	0	0	0	13	1	1	247	0	0	0	23	0	0	0	71	0	7	65	0	2	0	0	0	0	0	98	0	0	0	65	0	0	0	32	0	96	75	119	11	143	0	104	21	0	0	0	0	0	107	117	0	0	82	0	0	75	0	28	0	0	4
14	0	0	0	0	0	0	0	0	0	0	0	0	0	0	0	0	0	0	0	0	0	0	0	0	0	0	0	0	0	0	0	0	0	0	0	0	0	0	0	0	0	0	0	0	0	0	0	0	0	0	0	0	0	0	0	0	0	0	0	0	0	0	0	0	0	0	0	0	0	0	0	0	0	0	0	0	0	0	0	0	0	0	0	0	0	0	0	0	0	0	0	0	0	0	0	0	0	0	0	0	0	0	0	6	0	0	0	4	0	0	0	0	0	0	0	0	0	0	0	0	0	0	0	0	0	0	9	0	0	0	2	0	0	0	0	0	0	0	1	0	0	0	12	0	0	0	0	1	0	0	0	0	0	0	0	0	0	0	0	0	0	0	0	0	0	0	0	0	0	0	0	0	0	0	0	0	0	0	0	0	0	0	0	0	0	1	0	0	0	0	0	0	12	0	0	0	0	0	0	13	0	0	0	0	0	0	0	0	0	0	0	0	0	0	0	0	0	0	0	0	0	0	0	0	0	0	0	0	0	0	0	11	0	0	0	0	0	0	0	0	0	0	0	0	0	0	0	0	0	0	0	0	0	0	0	0	0	0	0	0	0	0	0	0	12	0	0	0	0	0	0	0	0	0	0	0	0	0	6	0	0	0	0	0	0	0	0	0	0	0	0	0	0	0	0	25	0	0	2	0	0	0	0	0	80	0	0	0	0	0	0	0	0	0	0	0	0	0	0	0	0	0	0	0	0	0	0	0	5	0	0	0	0	0	0	0	2	0	0	118	0	0	0	0	0	0	0	0	0	0	0	1	0	0	0	0	0	0	0	0	0	0	0	0	0	0	0	0	0	0	0	0	0	0	0	0	0	0	0	0	0	0	0	0	0	0	0	0	0	0	0	0	0	0	0	0	0	0	0	0	0	6	0	0	0	0	0	0	0	2	0	0	0	0	0	0	6	0	0	0	0	0	0	0	0	0	0	0	0	0	0	0	0	0	0	0	0	0	48	131	0	0	0	29	0	3	0	0	0	0	0	0	0	0	0	64	0	0	0	0	0	0	0	0	0	0	0	0	0	0	0	0	0	0	0	0	0	0	7	0	0	0	0	0	0	60	0	0	0	0	0	3	0	0	0	0	0	0	0	0	0	7	35	0	12	0	67	0	0	0	0	0	0	0	0	0	9	0	0	0	0	0	0	0	0	98	0	0	0	0	0	0	0	40	47	0	0	0	138	0	0	0	0	0	0	0	0	42	0	0	20	0	0	0	0	0	1	0	124	0	68	0	34	0	0	0	35	0	0	0	0	88	0	121	0	0	0	0	0	34	0	0	6	0	0	57	2	0	0	0	0	0	0	0	0	0	0	0	0	0	0	0	0	15	0	0	0	0	98	134	0	47	0	43	127	2	0	0	0	0	68	0	0	0	0	0	143	30	0	0	0	0	0	0	0	0	0	131	0	0	0	55	69	6	0	116	3	0	0	0	0	96	0	400	0	0	0	10	68	68	0	0	0	83	0	0	35	0	18	81	0	6	1	0	0	0	30	70	0	0	5	0	0	0	157	186	0	45	130	101	0	0	0	0	0	0	0	67	0	186	0	0	0	157	0	0	156	0	0	1	84	0	74	48	0	89	0	0	4	0	0	109	0	0	0	126	0	71	105	136	242	35	30	55	0	48	151	23	84	0	0	0	40	0	44	17	0	0	0	66	0	0	0	476	0	148	172	0	0	0	17	0	0	0	35	0	0	34	89	0	0	0	125	0	94	140	75	0	139	6	48	145	0	0	0	0	0	93	47	0	0	143	0	0	44	0	90	0	1	181
15	0	0	0	0	0	0	0	0	0	0	0	0	0	0	0	0	0	0	0	0	0	0	0	0	0	0	73	0	0	0	0	0	0	0	0	0	0	0	0	0	0	0	0	0	0	0	0	0	0	0	0	0	0	0	0	0	0	0	0	0	0	0	0	0	0	0	0	0	0	0	0	0	0	0	0	0	0	0	0	0	0	0	0	0	0	0	0	0	0	0	0	0	0	0	0	0	0	0	0	0	0	0	0	0	0	0	0	0	0	0	0	0	0	0	0	0	0	0	0	0	0	0	0	0	0	0	0	0	0	0	0	0	0	0	0	0	0	0	0	0	0	0	0	0	0	0	0	0	0	0	0	0	0	0	0	0	0	0	0	0	0	0	0	0	0	0	0	0	0	0	0	0	0	0	0	0	0	0	0	0	0	0	0	0	0	0	0	0	0	0	0	0	0	0	0	1	0	0	0	0	2	0	0	0	0	0	0	0	0	0	0	0	0	0	0	0	0	2	0	0	0	0	0	0	0	0	28	0	0	0	0	0	0	0	0	0	0	0	0	0	0	0	0	0	0	0	0	0	0	0	0	0	0	2	0	0	0	0	0	0	0	0	1	0	0	0	0	0	0	0	0	0	0	0	0	0	0	0	0	0	0	0	0	0	0	0	0	47	0	0	0	0	0	0	0	67	5	0	0	0	0	0	0	7	0	0	0	0	0	0	0	0	0	0	0	0	0	0	0	0	0	0	0	0	0	0	0	0	0	0	0	0	0	6	0	0	0	0	0	0	0	0	0	0	0	0	0	0	1	0	0	0	0	0	0	3	0	0	0	0	0	0	0	0	0	0	0	0	0	0	0	0	0	0	0	0	0	0	0	0	0	0	0	0	0	0	0	0	0	0	0	0	0	0	0	0	0	0	0	0	0	0	9	0	0	0	0	0	0	0	0	0	0	0	0	0	0	17	0	0	0	0	0	0	0	0	0	0	0	0	0	0	0	0	0	0	6	2	30	0	0	0	0	0	0	0	0	0	0	0	0	0	0	0	0	223	6	0	0	0	0	0	0	0	0	18	0	0	0	24	0	0	0	0	0	0	0	0	0	0	0	0	0	0	0	64	0	0	0	0	0	0	0	0	0	0	0	0	0	0	0	0	0	0	29	0	134	0	0	0	0	0	0	0	0	0	101	0	0	0	0	0	0	0	0	48	0	0	0	0	0	0	0	216	24	0	0	0	95	0	0	0	0	0	0	0	0	3	0	0	0	0	0	0	0	0	0	0	14	0	93	0	142	0	0	0	201	0	0	0	0	141	0	161	0	0	0	0	0	87	0	0	0	0	0	55	0	0	0	0	0	0	77	0	0	0	0	0	0	0	0	0	0	29	0	0	0	0	0	38	0	81	0	65	19	0	0	0	0	0	179	0	0	0	18	0	21	0	0	0	0	0	10	0	0	0	0	91	0	0	0	1	46	19	0	210	12	0	0	0	0	129	0	28	0	0	0	2	32	78	0	0	0	176	0	0	73	0	14	0	0	0	0	0	0	0	90	144	0	0	17	0	0	0	125	160	0	29	73	79	0	0	0	0	0	0	0	34	28	0	0	0	0	183	0	0	86	0	0	0	229	2	19	139	0	0	0	0	0	0	0	6	3	0	1	70	0	4	78	26	28	76	57	142	0	91	115	21	0	0	0	0	210	0	247	102	0	0	0	47	0	34	1	286	0	102	66	0	4	0	0	0	0	0	37	0	0	0	0	0	0	0	80	0	96	149	180	2	56	34	18	49	0	64	0	0	0	50	77	0	0	190	0	0	59	0	64	0	0	94
16	0	0	0	0	0	0	0	0	0	0	0	0	0	0	0	0	0	0	0	0	0	0	0	0	0	0	0	0	0	0	0	0	0	0	8	0	0	0	0	0	0	0	0	0	0	0	0	0	0	0	0	0	0	0	0	0	0	0	0	0	0	0	0	0	0	0	0	0	0	0	0	0	0	0	0	0	0	0	0	0	0	0	0	0	0	0	0	0	0	0	0	0	0	0	0	0	0	0	0	0	0	8	0	0	0	95	0	0	0	0	0	0	0	64	0	0	0	0	0	0	0	0	0	0	0	0	0	0	0	0	0	0	0	0	0	0	0	0	0	0	0	0	0	0	0	0	0	0	0	0	0	0	0	0	0	0	0	0	0	0	0	0	0	0	0	0	0	0	0	0	0	0	4	0	0	0	15	0	0	0	0	0	0	0	0	0	0	0	0	0	0	0	4	0	0	0	0	0	0	0	2	0	0	0	0	0	0	0	0	0	0	0	0	0	0	0	0	0	0	0	0	0	0	2	0	0	0	0	0	0	0	15	0	0	0	0	0	0	0	0	0	0	0	0	0	0	44	0	0	0	0	0	0	0	0	0	0	0	0	0	0	0	0	0	0	0	0	0	0	0	0	0	0	0	0	2	1	0	0	0	0	0	0	0	0	0	0	0	0	0	0	0	0	0	6	0	4	0	0	0	0	0	0	24	0	0	0	0	0	0	0	0	0	0	0	0	0	0	0	0	0	0	0	0	0	0	0	0	0	0	0	0	0	0	0	0	26	1	0	3	0	0	0	0	0	0	0	0	0	0	0	0	0	0	0	9	0	0	0	0	0	0	0	0	0	0	0	0	0	0	0	0	0	0	0	0	1	0	0	0	0	1	0	0	0	0	0	0	0	0	0	22	0	0	0	0	0	0	0	0	21	0	0	0	0	86	0	0	0	0	0	0	2	0	0	0	116	0	0	0	0	0	0	0	0	0	0	0	0	0	0	0	0	0	0	0	0	66	144	6	0	1	0	0	0	0	0	0	0	0	0	0	1	0	0	93	0	4	0	0	0	0	0	0	0	0	0	0	0	20	0	0	0	0	0	0	0	0	0	0	14	0	3	0	0	0	0	0	0	0	0	0	0	0	0	0	0	0	0	0	19	0	140	0	22	0	56	19	0	0	0	0	0	0	2	0	123	0	0	26	0	0	0	0	0	23	0	0	0	0	0	0	0	72	62	0	0	0	28	0	0	0	0	0	0	0	0	0	1	0	14	0	0	0	0	0	0	0	120	0	5	0	60	0	0	0	27	0	0	0	0	75	0	114	0	0	0	0	2	98	0	0	0	0	0	169	0	0	0	1	0	0	0	0	0	0	0	0	0	0	0	0	0	11	0	0	0	0	0	39	0	145	0	122	48	0	0	0	0	0	73	0	0	0	0	0	104	0	0	0	0	0	0	0	0	0	1	37	0	0	0	1	18	75	0	176	5	0	0	0	0	103	0	37	0	0	11	0	53	145	0	0	0	65	0	0	14	0	3	54	0	0	0	0	0	0	147	207	0	0	0	9	0	0	124	38	0	161	145	119	0	19	0	0	0	0	0	179	2	31	0	0	0	199	29	0	12	0	0	3	102	0	117	168	0	118	0	0	0	0	0	35	18	0	0	37	10	87	103	56	14	26	152	164	3	23	18	93	0	0	0	0	189	0	88	100	0	0	0	118	0	0	0	82	0	93	49	0	0	0	0	0	14	0	220	0	0	0	109	0	0	0	83	0	58	117	70	0	8	0	65	113	0	0	0	0	0	21	55	0	0	15	0	0	89	0	136	0	0	55
17	0	0	0	0	0	0	0	0	0	0	0	0	0	0	0	0	0	0	0	0	0	0	0	0	0	0	0	0	0	0	0	0	0	0	0	0	0	0	0	0	0	0	0	0	0	0	0	0	0	0	0	0	0	0	0	0	0	0	0	0	0	0	0	0	0	0	0	0	0	0	0	0	0	0	0	0	0	0	0	0	0	0	0	0	0	0	0	0	0	0	0	0	0	0	0	0	0	0	0	0	0	0	0	0	0	0	0	0	0	0	0	0	0	0	0	0	0	0	0	0	0	0	0	0	0	0	0	0	0	0	0	0	0	0	0	0	0	0	0	0	0	0	0	0	0	0	0	0	0	0	0	0	0	0	0	0	0	0	0	0	0	0	0	0	0	0	0	0	0	0	0	0	3	0	0	0	0	0	0	0	0	0	0	0	0	0	13	0	0	0	0	0	0	0	0	0	0	0	0	0	0	1	0	0	0	0	11	0	0	0	2	0	0	0	0	0	0	0	0	0	0	0	0	0	0	0	0	0	0	0	0	0	0	0	1	5	0	0	0	0	0	0	0	0	0	0	0	0	0	0	0	0	0	0	0	0	0	8	0	0	0	0	0	0	0	0	0	0	0	0	0	0	0	0	0	0	0	0	0	0	0	0	3	0	0	0	0	0	0	0	0	1	7	0	0	0	0	2	0	0	6	0	0	0	17	10	0	0	0	0	0	0	0	0	0	0	12	0	0	0	0	0	1	0	0	0	0	0	0	0	0	0	0	0	0	0	0	0	0	39	0	0	0	1	0	0	0	0	0	0	0	0	0	19	0	0	1	0	0	0	0	0	1	0	0	0	0	0	0	0	0	0	0	0	13	0	0	0	0	1	0	0	0	6	0	0	0	0	0	5	0	0	0	0	0	0	0	0	25	0	0	0	0	0	16	0	0	0	0	0	0	0	0	0	0	0	2	18	0	22	193	0	0	0	0	0	0	23	0	0	0	0	0	0	0	0	43	0	211	32	0	0	0	0	1	0	0	2	0	0	0	0	0	100	13	118	0	4	0	0	0	23	3	0	0	0	0	0	0	9	0	0	0	0	0	0	0	0	0	5	0	0	0	0	0	70	0	0	0	2	0	0	0	0	0	0	0	0	0	0	2	6	16	0	99	0	68	0	0	0	0	0	0	0	0	0	113	0	0	0	0	0	0	0	187	40	6	0	0	0	0	0	0	10	20	1	0	0	2	0	1	0	0	0	0	1	2	16	0	0	0	0	53	2	0	0	0	0	117	0	48	0	6	6	0	1	23	0	0	0	0	58	1	220	0	0	0	50	1	138	0	0	32	0	0	127	0	0	0	0	0	0	0	0	0	6	0	0	0	0	0	0	0	11	0	0	75	0	0	225	0	0	0	65	56	0	1	0	0	0	192	0	0	0	30	0	95	42	0	0	0	0	0	0	0	0	0	27	0	0	0	20	59	65	0	75	33	0	9	0	0	112	0	114	0	0	1	0	107	73	0	0	0	197	0	3	262	0	0	0	0	6	0	0	53	0	197	39	0	0	135	0	0	0	117	175	0	14	117	137	0	1	0	0	0	0	0	58	2	110	19	10	0	79	0	0	71	0	0	3	121	0	127	129	0	48	0	0	0	0	0	0	97	0	0	97	0	95	58	0	58	58	33	58	0	128	202	130	0	0	0	0	56	8	82	33	0	1	0	130	0	0	0	80	0	157	128	0	0	0	4	0	0	0	16	0	0	38	122	11	0	0	42	0	76	168	242	92	109	67	48	61	38	25	0	1	0	158	188	0	0	26	0	0	16	0	115	0	0	14
18	0	0	0	0	0	0	0	0	0	70	0	0	0	0	0	0	0	0	0	0	0	0	0	0	0	0	0	0	0	0	0	0	0	0	0	0	0	0	0	0	0	0	0	0	0	0	0	0	0	0	0	0	0	0	0	0	0	0	0	0	0	0	0	0	0	0	0	0	0	0	0	0	0	0	0	0	0	0	0	0	0	0	0	0	0	0	0	0	0	0	0	0	0	0	0	0	0	0	0	0	0	0	0	0	3	0	0	0	0	0	0	0	0	0	0	0	0	0	0	0	0	0	28	0	0	0	0	0	0	0	0	0	0	0	0	0	0	0	0	0	0	0	0	0	0	0	0	0	0	0	1	2	0	0	0	0	0	0	0	0	0	0	0	0	0	0	1	0	0	0	0	0	41	0	0	0	0	0	0	3	0	0	0	0	0	0	0	0	0	0	0	0	0	0	0	0	0	0	0	0	0	0	0	0	0	0	0	5	0	0	4	0	0	0	0	0	0	0	0	0	0	0	0	0	0	0	0	0	0	0	9	0	0	0	0	0	0	0	0	0	0	0	0	0	0	0	0	0	0	0	0	0	0	0	0	0	0	0	0	0	0	0	0	0	0	0	0	2	0	0	0	0	0	0	0	0	0	0	0	0	0	0	0	0	0	0	4	72	132	0	0	0	0	0	0	0	0	0	0	0	0	0	0	0	0	0	0	0	0	4	0	0	0	0	0	0	1	1	0	0	0	0	0	1	0	0	0	0	0	0	21	0	0	0	0	0	0	0	0	2	0	0	0	0	0	0	0	0	0	0	0	0	0	0	0	0	0	0	0	0	0	0	0	0	0	1	0	0	0	0	0	0	0	0	0	0	0	0	0	0	0	0	0	0	0	0	0	1	0	3	0	0	0	0	0	0	2	0	7	0	6	5	0	0	0	6	0	0	0	0	0	0	0	0	0	0	0	14	0	15	0	0	0	0	0	0	0	0	57	0	0	0	0	0	0	0	0	0	2	0	0	0	0	4	0	0	0	0	0	0	0	8	0	13	87	103	25	17	0	0	0	0	0	0	0	0	0	0	0	156	0	0	0	0	0	0	0	0	0	1	0	0	0	0	0	22	0	0	0	0	0	0	0	0	0	0	0	0	0	0	2	0	22	0	20	0	125	15	0	0	0	0	0	12	9	0	133	2	0	0	0	0	0	0	88	99	0	0	22	0	0	0	0	12	188	0	0	0	63	0	0	1	0	0	0	0	11	57	0	0	0	0	11	0	0	0	0	0	60	0	0	0	8	0	0	0	0	0	0	0	0	39	0	50	0	0	0	0	0	268	0	0	4	0	0	112	0	0	0	0	0	0	21	0	0	0	0	24	0	0	0	0	0	162	0	0	0	0	165	200	0	26	0	28	34	0	0	0	0	0	225	0	1	0	147	0	19	38	0	0	0	0	0	0	0	0	0	53	0	2	0	40	44	36	0	120	187	14	0	0	0	37	0	72	0	0	0	0	197	66	1	0	0	110	0	48	39	10	0	1	0	0	0	0	1	0	150	57	0	0	78	70	0	0	89	59	0	134	227	277	4	0	0	0	0	0	1	181	35	72	0	70	14	90	0	0	187	0	0	0	110	0	119	46	0	107	0	0	0	0	52	114	70	0	0	94	11	46	55	73	21	35	41	106	0	2	76	37	56	0	0	0	47	0	20	0	0	0	0	21	0	0	0	155	8	17	117	0	0	0	6	0	0	0	175	0	0	0	158	0	0	0	23	16	29	42	50	2	62	0	16	187	0	0	0	0	13	60	41	0	0	22	0	0	146	0	176	0	0	24
19	0	0	0	0	0	0	37	0	0	0	0	0	0	0	0	0	0	0	0	0	0	0	0	0	0	0	0	0	0	0	0	0	0	0	0	0	0	0	0	0	0	0	0	0	0	0	0	0	0	0	0	0	0	0	0	0	0	0	0	0	10	0	0	0	0	0	0	0	0	0	0	0	0	0	0	0	0	15	0	0	0	0	0	0	0	0	0	0	0	0	0	0	0	0	0	0	0	0	0	0	0	0	0	1	0	0	0	0	0	0	0	0	31	12	0	0	0	0	0	0	1	0	0	4	0	0	0	0	0	0	0	6	0	0	0	2	0	16	0	0	0	0	0	0	0	37	0	0	0	1	16	18	0	0	0	0	0	0	0	0	0	0	43	0	0	286	0	0	0	0	0	0	0	0	51	0	0	0	0	0	0	0	59	0	0	0	0	0	0	0	0	0	34	0	0	0	124	0	0	0	0	0	0	0	0	0	0	0	3	0	33	0	0	0	0	0	2	7	21	6	4	0	0	0	0	0	0	0	0	3	0	0	10	0	0	0	0	0	0	0	9	0	6	0	0	0	0	0	0	0	0	0	0	0	0	0	0	0	0	1	0	0	0	0	0	0	0	4	17	0	0	0	0	0	8	0	0	0	0	0	0	0	0	0	0	0	0	0	0	0	0	0	0	0	0	0	0	0	0	0	0	0	5	3	0	0	0	0	0	0	0	0	0	0	0	0	12	0	0	0	0	0	0	0	63	0	3	0	0	2	0	0	0	0	0	0	0	0	0	0	0	9	0	0	0	0	9	7	0	0	0	6	0	0	0	0	0	0	0	0	0	0	10	0	0	0	0	0	0	0	0	0	0	0	0	0	0	0	5	0	0	0	0	0	0	0	0	3	0	0	0	0	0	0	0	0	0	0	6	0	0	0	12	0	0	6	0	0	0	0	0	0	0	0	0	0	0	53	0	122	4	0	0	0	0	0	0	0	1	0	0	0	0	0	0	0	0	0	12	0	0	50	0	21	0	0	0	0	1	0	0	0	0	0	73	32	0	1	0	0	0	111	0	0	111	0	0	0	35	0	0	0	0	0	0	0	1	3	0	0	0	0	0	0	0	360	0	0	0	6	0	41	0	0	0	0	0	0	0	0	8	0	0	2	1	1	105	2	0	0	1	8	3	0	0	0	206	83	32	0	0	1	0	0	104	73	3	0	0	0	0	21	0	9	0	6	1	2	20	0	0	0	0	0	0	0	7	0	0	2	0	0	60	7	8	0	0	0	137	0	0	0	0	0	0	0	0	0	0	10	0	141	0	30	0	0	0	3	0	179	0	0	0	0	0	27	0	0	0	0	0	0	1	11	0	9	0	0	9	0	0	0	0	0	0	0	0	0	0	101	11	2	0	386	60	0	0	0	0	0	110	0	2	0	0	0	1	60	1	0	0	0	0	0	0	7	0	72	0	0	0	53	13	1	0	64	84	0	0	0	1	18	0	19	0	0	3	0	276	97	0	0	0	86	0	0	0	0	0	0	0	0	0	0	0	0	88	0	0	4	0	115	0	0	101	16	0	0	24	60	6	0	0	0	0	0	0	22	0	2	0	11	0	3	0	36	9	28	0	0	107	0	52	101	0	0	0	0	26	0	0	26	0	0	0	226	0	101	71	0	8	198	112	26	2	0	203	98	50	0	2	0	13	0	4	0	0	0	0	14	0	2	6	0	0	18	196	0	0	42	0	0	0	0	39	0	0	54	27	0	0	2	103	0	69	15	39	0	94	2	87	43	0	5	0	1	15	131	34	0	0	1	0	0	66	0	138	1	0	67
20	0	0	0	0	0	0	0	0	0	0	0	0	0	0	0	0	0	0	0	0	0	0	0	0	0	0	0	0	0	0	0	0	0	19	0	0	0	0	0	0	0	0	0	0	0	0	0	0	0	0	0	0	0	0	0	0	0	0	0	0	23	0	0	0	0	0	0	0	0	0	0	0	0	0	0	0	0	0	0	0	0	0	0	0	0	0	0	0	0	0	0	38	0	0	0	0	0	0	0	0	0	0	0	1	0	0	0	0	0	21	0	0	0	0	0	0	0	0	0	0	0	0	3	0	0	47	0	0	0	0	0	0	0	0	0	0	0	0	0	0	0	0	0	0	0	0	0	0	0	0	0	0	0	0	0	0	0	0	0	0	0	0	0	0	0	0	0	0	0	0	0	0	0	0	0	0	93	0	0	0	0	73	0	0	0	0	0	0	0	0	0	0	0	0	0	0	0	25	0	0	10	0	0	0	16	0	0	0	4	0	46	0	0	0	0	0	0	0	1	0	0	0	2	0	0	0	0	0	0	0	0	3	16	3	0	12	0	0	0	0	0	0	0	0	0	0	0	0	0	0	0	0	0	0	0	0	2	0	0	17	0	0	0	0	0	0	0	0	0	0	0	0	0	0	0	0	0	0	0	0	0	0	0	0	0	0	0	0	0	40	1	0	0	0	0	0	0	0	0	0	0	0	0	0	0	10	0	1	0	0	0	0	0	0	0	0	7	0	0	1	0	0	0	0	0	1	4	0	6	0	0	0	0	0	0	0	0	0	0	0	0	0	0	0	0	4	0	0	0	12	0	26	0	0	0	1	0	0	0	0	0	0	0	0	0	0	0	0	1	0	0	0	5	1	0	0	1	0	0	0	0	0	0	0	0	0	0	0	0	11	0	0	0	0	0	1	4	0	0	0	0	0	0	0	0	0	0	0	7	77	0	162	0	0	0	0	0	0	0	11	0	0	0	0	0	0	0	0	0	0	0	0	11	0	0	0	0	0	1	0	0	0	0	2	0	0	0	0	0	0	0	2	0	0	83	37	0	0	0	13	14	34	0	8	0	0	0	12	0	0	0	5	0	0	0	0	0	0	0	5	0	0	0	0	0	0	0	71	0	0	0	0	0	0	11	36	0	0	2	0	0	0	0	0	0	0	85	0	0	0	0	0	37	52	6	0	83	1	0	0	0	0	0	0	374	192	0	0	0	0	0	0	1	46	143	0	0	0	61	0	62	0	0	9	0	0	40	0	0	0	0	0	91	0	0	0	0	0	47	0	0	0	0	0	0	0	0	0	0	0	0	201	1	2	0	80	0	0	0	131	0	0	0	0	0	28	0	0	0	0	0	0	0	1	0	0	0	0	0	0	3	0	0	1	0	0	0	111	0	25	0	0	14	56	77	0	0	31	0	0	93	0	0	1	0	0	16	279	27	0	0	0	0	0	0	21	4	121	0	0	0	0	58	0	0	3	14	0	0	0	0	12	0	155	0	0	0	0	126	77	2	0	0	75	0	0	0	32	0	0	0	0	5	0	0	0	41	113	0	0	106	0	0	0	85	24	0	0	118	168	8	0	0	0	0	0	0	65	0	0	0	5	0	71	0	0	61	0	0	0	74	0	66	14	0	0	0	0	1	0	0	0	0	20	0	275	0	99	205	0	47	87	59	36	13	0	11	18	0	0	0	0	14	0	30	0	0	0	2	31	0	0	0	0	50	0	205	0	0	0	16	0	2	0	76	0	3	0	44	0	0	0	164	0	116	88	87	0	55	0	147	67	0	0	0	0	0	78	52	0	0	164	0	0	7	0	26	1	0	131
21	0	0	0	0	0	0	0	0	0	0	0	0	0	0	0	0	0	0	0	0	0	0	0	0	0	0	0	0	0	0	0	0	0	0	0	0	0	0	0	0	0	0	0	0	0	0	0	0	0	0	0	0	0	0	0	0	0	0	0	0	0	0	0	0	0	0	0	0	0	0	0	0	0	0	0	0	0	0	0	0	0	0	0	34	0	0	0	0	0	0	0	0	0	0	0	0	0	0	0	0	0	0	0	0	0	0	0	0	0	0	0	0	0	0	0	0	0	0	0	0	0	0	24	0	0	0	0	0	0	2	0	0	0	0	0	3	0	0	0	0	0	0	1	0	0	0	0	0	0	0	0	0	0	1	0	10	0	0	0	0	0	0	0	0	0	0	0	68	0	0	0	0	0	0	0	0	0	0	0	0	0	0	0	0	0	1	0	0	0	59	0	0	25	4	0	0	0	0	0	0	0	0	0	0	0	0	0	55	0	19	41	2	0	1	0	0	0	0	0	0	0	0	0	0	0	0	0	0	0	50	0	0	0	0	0	0	0	0	1	0	0	0	0	0	0	0	0	0	2	0	0	0	0	0	0	0	19	0	0	0	6	0	15	0	0	0	0	0	35	0	0	0	0	5	0	0	0	0	0	0	0	50	0	0	0	0	0	0	12	0	0	0	0	0	0	1	0	0	0	0	0	0	0	0	0	0	0	0	0	3	0	22	0	0	0	0	1	0	0	0	0	6	4	1	0	1	0	1	0	0	0	0	0	0	0	0	0	0	0	0	0	0	0	0	0	0	0	0	0	0	0	0	0	0	0	0	0	0	0	0	0	0	0	0	0	0	0	0	0	0	0	2	0	0	0	0	0	0	0	0	0	0	1	0	0	0	1	0	0	5	0	0	0	0	2	0	0	0	0	0	7	11	0	0	0	0	0	0	0	0	0	0	0	0	0	0	0	0	0	142	0	0	0	0	0	0	0	0	0	0	0	7	0	0	0	0	74	0	0	0	0	8	47	2	0	0	3	0	0	0	0	0	7	1	1	44	0	0	0	9	0	10	0	0	0	0	1	0	0	5	1	0	0	0	0	0	0	3	0	0	1	0	49	0	0	0	0	0	0	0	0	0	0	0	0	0	0	3	0	0	0	0	0	0	8	0	146	0	0	7	0	0	0	36	2	0	113	0	1	0	0	9	0	0	17	49	0	0	0	0	0	0	1	0	8	1	0	20	3	0	0	0	0	0	0	0	0	0	0	0	0	31	41	0	0	0	0	0	82	0	0	0	0	0	0	6	0	0	0	0	0	47	0	9	0	0	0	0	0	138	0	0	0	0	0	0	0	0	0	2	1	37	0	0	0	0	0	39	0	0	0	0	0	0	0	0	3	0	23	21	3	0	0	49	129	0	0	0	0	0	45	0	0	0	0	0	20	3	0	0	0	0	0	0	2	0	0	0	1	0	2	5	53	0	0	40	161	1	0	0	0	5	0	270	0	0	0	0	119	15	1	0	26	194	0	1	0	1	0	0	4	0	0	0	0	0	90	0	0	0	0	0	9	0	59	0	0	10	132	82	4	23	0	0	0	0	0	78	0	50	0	0	12	27	0	5	57	0	0	0	52	0	58	72	0	0	0	0	0	1	0	0	0	0	0	31	0	238	119	0	7	68	21	8	0	19	41	170	0	0	0	0	143	0	0	2	0	0	0	15	0	0	0	0	0	3	36	8	0	0	0	0	1	0	75	0	0	0	18	0	0	2	27	0	268	155	85	0	106	0	120	262	0	0	0	0	0	37	98	0	0	114	0	0	118	0	135	13	0	99
22	0	0	0	0	0	0	0	0	0	0	0	0	0	0	0	0	0	0	0	0	0	0	0	0	0	0	0	0	0	0	0	0	0	0	0	0	0	0	0	0	0	0	0	0	0	0	0	0	0	0	0	0	0	0	54	0	0	0	0	68	0	0	0	0	0	0	0	0	0	0	0	0	0	0	0	0	0	0	0	0	0	30	0	0	0	0	0	0	0	0	0	0	0	0	0	0	0	0	0	0	0	0	0	0	0	0	0	0	3	0	0	0	0	0	0	0	1	0	0	0	0	0	0	0	0	0	0	0	0	0	0	0	0	0	0	1	0	0	0	0	0	0	0	0	0	0	0	0	0	0	0	0	0	12	0	0	0	0	0	0	0	0	0	0	0	0	0	14	0	0	3	0	0	0	0	0	0	0	0	0	0	0	0	15	0	7	0	0	0	0	0	0	39	0	0	0	0	0	0	0	0	65	0	0	0	0	0	6	0	0	0	0	0	0	0	0	0	0	81	0	0	0	0	0	0	0	0	0	0	0	0	0	0	0	0	0	0	0	1	0	0	0	0	1	0	0	0	1	0	0	0	0	0	0	0	0	3	0	0	0	0	0	73	0	0	0	10	0	0	0	0	0	0	0	0	0	0	0	0	2	0	0	0	0	0	0	0	0	0	0	0	0	0	0	0	0	0	0	0	0	0	0	0	4	0	0	0	0	0	0	0	0	0	0	0	0	46	0	0	0	0	0	0	0	0	0	0	0	0	0	0	11	0	0	0	0	0	0	0	0	1	0	0	16	0	0	0	0	0	0	0	0	0	0	0	0	6	0	0	0	0	0	40	0	7	0	0	1	0	0	0	0	0	0	0	0	0	0	0	0	0	0	0	0	0	0	0	0	0	20	0	0	0	0	0	0	0	0	7	0	0	2	18	0	0	0	0	0	1	0	0	0	0	0	0	3	1	0	0	27	0	0	0	0	0	0	13	0	0	0	0	0	0	0	0	0	0	0	0	0	0	0	0	0	0	0	0	0	0	0	0	0	0	9	11	66	0	0	0	0	0	0	0	0	0	0	0	0	0	0	0	1	0	0	0	0	0	2	0	0	0	0	0	0	0	21	0	0	0	1	4	0	0	0	0	0	0	13	0	0	0	0	0	0	83	0	160	0	0	0	0	0	0	0	0	0	155	0	0	0	0	2	0	0	186	196	54	26	0	0	0	0	0	0	0	0	0	0	0	0	0	0	22	0	0	0	163	5	0	0	0	0	141	0	0	6	0	0	166	0	0	0	0	0	0	0	0	0	0	0	0	48	0	38	0	0	0	0	0	42	0	0	0	0	0	11	0	0	0	0	152	0	1	0	22	1	0	0	0	7	0	7	1	0	0	0	0	0	13	51	0	0	0	67	63	0	0	0	0	0	168	0	8	0	0	0	34	238	0	10	0	0	0	0	0	0	11	33	0	0	0	0	36	4	0	35	84	0	2	0	0	0	0	89	0	0	5	0	238	43	0	0	0	81	0	0	18	0	0	0	0	0	25	0	0	0	79	0	0	0	0	0	0	3	92	0	0	3	94	61	0	0	0	0	5	0	0	52	0	0	0	1	0	40	6	0	38	1	0	0	149	0	185	45	0	0	0	11	0	32	0	0	0	0	0	162	0	91	18	0	130	63	35	10	0	0	94	80	0	0	0	0	96	0	1	0	0	0	0	108	6	0	0	70	0	3	51	0	0	0	17	0	0	0	142	0	63	2	10	0	0	0	20	0	58	1	7	0	165	0	36	107	0	0	0	0	0	267	129	0	0	42	0	0	58	0	53	0	0	69
23	0	0	0	0	0	0	0	0	0	0	0	0	0	0	0	0	0	0	0	0	0	0	0	0	0	0	0	0	20	0	0	0	0	0	0	0	0	0	0	0	0	0	0	0	0	0	0	0	0	0	0	0	0	0	0	0	0	0	0	0	0	0	0	0	0	0	0	0	0	0	0	0	0	0	0	0	0	55	0	0	0	0	21	0	0	30	0	0	0	0	0	0	0	0	0	0	0	0	0	0	0	0	0	0	0	0	0	0	0	0	0	0	0	47	49	0	2	0	0	0	0	0	0	0	0	0	0	43	0	2	0	45	0	0	0	0	0	0	0	0	0	0	0	0	0	0	0	0	0	0	0	2	0	0	0	0	0	0	0	0	0	0	0	0	0	17	0	0	0	0	0	0	0	0	0	0	0	0	0	0	0	0	0	0	0	0	0	0	0	0	0	0	0	0	0	0	4	0	0	0	0	0	0	0	0	0	0	0	0	0	0	0	0	0	0	0	0	0	0	0	0	0	0	0	0	0	4	0	0	0	0	0	0	0	0	0	0	0	12	0	0	0	0	0	0	0	11	0	0	0	0	0	0	0	0	0	0	0	0	0	0	0	0	0	0	0	0	0	0	0	0	0	0	0	0	0	0	0	0	4	0	0	0	0	1	0	0	5	0	0	0	0	0	0	0	0	2	0	0	1	0	0	0	1	0	2	7	0	0	0	0	0	0	0	0	0	10	0	0	0	0	22	0	0	0	0	0	1	1	0	0	0	0	0	0	0	0	0	3	0	0	0	0	0	0	0	35	0	0	0	0	0	0	0	0	0	0	0	0	0	0	0	0	0	0	0	0	0	0	4	0	0	0	0	0	0	0	0	0	0	0	14	0	0	4	0	0	0	0	3	0	0	0	0	0	0	4	0	0	13	0	0	0	0	64	0	0	0	0	0	0	0	0	5	0	0	0	54	0	39	1	0	0	0	0	0	15	0	0	0	0	0	0	0	2	0	0	0	0	0	0	2	0	0	0	7	0	0	4	0	0	1	30	0	19	3	0	0	0	0	22	0	0	9	0	0	95	0	0	0	0	0	44	0	0	0	0	0	0	0	0	0	1	0	0	117	0	0	5	0	0	0	0	0	0	0	0	0	0	1	42	0	0	1	8	0	223	0	0	0	0	1	0	0	0	0	21	0	0	0	0	0	5	0	57	12	223	0	0	0	0	0	0	4	51	0	0	0	0	0	0	0	47	0	0	0	19	0	0	0	0	0	41	0	0	0	0	0	109	0	0	0	0	0	0	0	2	0	0	0	0	56	10	0	0	0	0	10	0	123	0	4	0	0	0	96	0	0	2	44	0	0	0	0	0	24	0	0	13	0	0	43	0	0	1	9	0	0	0	157	7	0	0	95	35	0	0	0	0	0	83	0	6	0	48	0	107	20	0	0	0	0	0	0	0	0	0	104	0	1	0	0	161	2	0	56	124	0	0	0	0	5	0	172	0	0	0	0	79	24	1	0	0	19	0	0	0	2	0	0	0	0	0	0	0	0	3	0	0	0	202	0	0	97	15	6	0	0	67	73	0	0	17	2	2	0	0	188	1	56	13	1	1	36	0	0	428	10	0	25	170	0	85	48	0	0	0	0	0	0	0	0	0	1	0	62	1	164	44	0	51	12	26	54	0	0	75	1	0	0	0	0	78	0	0	0	0	0	7	50	0	0	0	0	0	5	215	0	0	0	15	0	0	0	49	0	0	0	72	0	0	3	235	0	99	93	156	48	270	21	69	59	0	0	0	0	6	59	78	0	0	58	5	0	18	25	192	0	0	59
24	0	0	0	0	0	0	0	0	0	0	0	0	0	0	0	0	0	0	0	0	0	0	0	0	0	0	0	0	0	0	16	0	0	0	0	0	0	0	0	0	0	0	0	0	0	0	0	0	0	0	0	0	0	0	0	0	0	0	0	0	0	0	0	0	0	0	0	0	0	0	0	0	0	0	0	0	0	0	0	0	0	0	0	0	0	0	0	0	0	0	0	55	0	0	0	0	0	0	0	0	0	0	0	0	0	0	0	0	0	0	0	0	0	3	0	0	0	0	0	0	0	0	0	0	0	36	0	0	0	0	0	0	0	10	1	0	0	0	0	0	0	0	0	0	0	0	4	0	0	0	0	0	0	0	0	0	0	0	0	0	0	0	0	0	0	0	0	0	0	0	0	0	0	0	0	0	0	0	0	0	0	16	0	0	0	0	0	0	0	0	0	0	0	10	0	0	0	0	0	3	0	0	0	0	0	0	0	0	0	0	1	0	0	0	0	0	0	0	0	0	0	0	0	0	0	0	0	0	0	0	2	0	0	0	0	0	0	0	0	0	0	0	0	0	0	0	0	0	0	0	0	0	0	0	0	0	0	0	0	0	4	0	1	0	0	0	0	5	0	0	0	0	0	0	0	0	29	0	0	0	0	0	1	0	0	0	10	0	0	0	30	0	0	0	0	0	0	0	0	0	0	51	0	0	0	0	0	0	0	6	0	0	0	0	0	0	101	0	0	0	1	0	0	0	17	0	0	0	0	0	0	0	0	0	0	0	3	0	0	0	0	0	0	0	0	0	0	0	0	0	0	0	0	1	0	0	0	0	0	0	0	0	0	0	64	0	0	0	0	0	0	0	0	0	0	0	0	0	8	0	4	0	0	0	0	0	5	0	0	7	0	0	0	0	0	0	0	0	6	0	0	0	0	0	0	0	0	0	0	0	0	0	0	0	0	0	0	13	0	123	1	0	0	0	2	0	1	0	0	0	3	23	2	0	0	0	0	0	0	0	17	0	0	0	12	0	58	0	0	0	0	0	0	0	0	82	0	0	0	0	0	75	5	0	0	0	0	0	3	0	0	0	0	0	0	1	0	0	2	0	0	0	0	0	0	12	0	0	2	0	0	0	1	0	0	0	67	0	0	0	0	0	0	0	0	0	176	0	0	0	0	0	0	0	0	0	80	1	0	0	0	0	0	0	57	66	0	0	0	0	0	0	2	5	0	0	0	25	73	0	0	0	0	0	0	0	4	0	0	0	0	0	114	0	0	0	0	0	143	0	0	0	0	0	0	2	0	0	0	0	0	50	0	0	0	0	0	0	0	27	0	0	105	0	0	36	0	0	0	0	0	0	0	0	17	31	0	0	47	0	0	0	0	0	44	0	0	0	0	214	41	0	0	71	91	0	12	0	0	0	210	0	0	0	0	0	44	2	0	10	0	0	0	0	0	9	0	3	0	0	0	0	31	0	0	10	79	0	0	0	0	0	0	113	0	0	0	0	63	163	0	0	1	90	8	0	4	0	1	0	0	0	0	0	0	0	193	0	0	0	0	0	0	0	126	8	8	0	159	48	0	0	8	0	0	0	0	56	4	49	0	0	0	72	1	0	33	5	0	0	17	0	132	44	0	0	0	0	37	0	0	0	0	0	2	34	2	171	38	0	36	28	181	72	0	0	97	206	23	10	0	1	46	0	0	0	0	0	2	46	0	49	0	4	0	10	123	0	29	0	27	0	6	0	89	0	4	0	93	0	16	0	42	1	215	113	49	0	151	0	4	45	0	0	0	1	0	80	143	0	0	111	0	0	74	0	167	0	0	117
