0	0	0	0	0	0	0	0	0	0	0	0	0	0	0	0	0	0	0	0	0	0	0	0	0	0	0	0	0	0	0	0	0	0	0	0	0	0	0	0	0	0	0	0	0	0	0	0	0	0	0	0	0	0	0	0	0	0	0	0	0	0	0	0	0	0	0	0	0	0	0	0	0	0	0	0	0	0	0	0	0	0	0	0	0	0	0	0	0	0	0	0	0	0	0	0	0	0	0	0	0	12	12	12	12	12	12	12	12	12	12	12	12	12	12	12	12	12	12	12	12	12	12	12	12	12	12	12	12	12	12	12	12	12	12	12	12	12	12	12	12	12	12	12	12	12	12	12	12	12	12	12	12	12	12	12	12	12	12	12	12	12	12	12	12	12	12	12	12	12	12	12	12	12	12	12	12	12	12	12	12	12	12	12	12	12	12	12	12	12	12	12	12	12	12	12	12	12	12	12	12	24	24	24	24	24	24	24	24	24	24	24	24	24	24	24	24	24	24	24	24	24	24	24	24	24	24	24	24	24	24	24	24	24	24	24	24	24	24	24	24	24	24	24	24	24	24	24	24	24	24	24	24	24	24	24	24	24	24	24	24	24	24	24	24	24	24	24	24	24	24	24	24	24	24	24	24	24	24	24	24	24	24	24	24	24	24	24	24	24	24	24	24	24	24	24	24	24	24	24	24	48	48	48	48	48	48	48	48	48	48	48	48	48	48	48	48	48	48	48	48	48	48	48	48	48	48	48	48	48	48	48	48	48	48	48	48	48	48	48	48	48	48	48	48	48	48	48	48	48	48	48	48	48	48	48	48	48	48	48	48	48	48	48	48	48	48	48	48	48	48	48	48	48	48	48	48	48	48	48	48	48	48	48	48	48	48	48	48	48	48	48	48	48	48	48	48	48	48	48	48	72	72	72	72	72	72	72	72	72	72	72	72	72	72	72	72	72	72	72	72	72	72	72	72	72	72	72	72	72	72	72	72	72	72	72	72	72	72	72	72	72	72	72	72	72	72	72	72	72	72	72	72	72	72	72	72	72	72	72	72	72	72	72	72	72	72	72	72	72	72	72	72	72	72	72	72	72	72	72	72	72	72	72	72	72	72	72	72	72	72	72	72	72	72	72	72	72	72	72	72	96	96	96	96	96	96	96	96	96	96	96	96	96	96	96	96	96	96	96	96	96	96	96	96	96	96	96	96	96	96	96	96	96	96	96	96	96	96	96	96	96	96	96	96	96	96	96	96	96	96	96	96	96	96	96	96	96	96	96	96	96	96	96	96	96	96	96	96	96	96	96	96	96	96	96	96	96	96	96	96	96	96	96	96	96	96	96	96	96	96	96	96	96	96	96	96	96	96	96	96	120	120	120	120	120	120	120	120	120	120	120	120	120	120	120	120	120	120	120	120	120	120	120	120	120	120	120	120	120	120	120	120	120	120	120	120	120	120	120	120	120	120	120	120	120	120	120	120	120	120	120	120	120	120	120	120	120	120	120	120	120	120	120	120	120	120	120	120	120	120	120	120	120	120	120	120	120	120	120	120	120	120	120	120	120	120	120	120	120	120	120	120	120	120	120	120	120	120	120	120	144	144	144	144	144	144	144	144	144	144	144	144	144	144	144	144	144	144	144	144	144	144	144	144	144	144	144	144	144	144	144	144	144	144	144	144	144	144	144	144	144	144	144	144	144	144	144	144	144	144	144	144	144	144	144	144	144	144	144	144	144	144	144	144	144	144	144	144	144	144	144	144	144	144	144	144	144	144	144	144	144	144	144	144	144	144	144	144	144	144	144	144	144	144	144	144	144	144	144	144
0	0	0	0	0	0	0	0	0	0	0	0	0	0	0	0	0	0	0	0	0	0	0	0	0	0	0	0	0	0	0	0	0	0	0	0	0	0	0	0	0	0	0	0	0	0	0	0	0	0	0	0	0	0	0	0	0	0	0	0	0	0	0	0	0	0	0	0	0	0	0	0	0	0	0	0	0	0	0	0	0	0	0	0	0	0	0	0	0	0	0	0	0	0	0	0	0	0	0	0	0	100	100	100	100	100	100	100	100	100	100	100	100	100	100	100	100	100	100	100	100	100	100	100	100	100	100	100	100	100	100	100	100	100	100	100	100	100	100	100	100	100	100	100	100	100	100	100	100	100	100	100	100	100	100	100	100	100	100	100	100	100	100	100	100	100	100	100	100	100	100	100	100	100	100	100	100	100	100	100	100	100	100	100	100	100	100	100	100	100	100	100	100	100	100	100	100	100	100	100	100	100	100	100	100	100	100	100	100	100	100	100	100	100	100	100	100	100	100	100	100	100	100	100	100	100	100	100	100	100	100	100	100	100	100	100	100	100	100	100	100	100	100	100	100	100	100	100	100	100	100	100	100	100	100	100	100	100	100	100	100	100	100	100	100	100	100	100	100	100	100	100	100	100	100	100	100	100	100	100	100	100	100	100	100	100	100	100	100	100	100	100	100	100	100	100	100	100	100	100	100	100	100	100	100	100	100	100	100	100	100	100	100	100	100	100	100	100	100	100	100	100	100	100	100	100	100	100	100	100	100	100	100	100	100	100	100	100	100	100	100	100	100	100	100	100	100	100	100	100	100	100	100	100	100	100	100	100	100	100	100	100	100	100	100	100	100	100	100	100	100	100	100	100	100	100	100	100	100	100	100	100	100	100	100	100	100	100	100	100	100	100	100	100	100	100	100	100	100	100	100	100	100	100	100	100	100	100	100	100	100	100	100	100	100	100	100	100	100	100	100	100	100	100	100	100	100	100	100	100	100	100	100	100	100	100	100	100	100	100	100	100	100	100	100	100	100	100	100	100	100	100	100	100	100	100	100	100	100	100	100	100	100	100	100	100	100	100	100	100	100	100	100	100	100	100	100	100	100	100	100	100	100	100	100	100	100	100	100	100	100	100	100	100	100	100	100	100	100	100	100	100	100	100	100	100	100	100	100	100	100	100	100	100	100	100	100	100	100	100	100	100	100	100	100	100	100	100	100	100	100	100	100	100	100	100	100	100	100	100	100	100	100	100	100	100	100	100	100	100	100	100	100	100	100	100	100	100	100	100	100	100	100	100	100	100	100	100	100	100	100	100	100	100	100	100	100	100	100	100	100	100	100	100	100	100	100	100	100	100	100	100	100	100	100	100	100	100	100	100	100	100	100	100	100	100	100	100	100	100	100	100	100	100	100	100	100	100	100	100	100	100	100	100	100	100	100	100	100	100	100	100	100	100	100	100	100	100	100	100	100	100	100	100	100	100	100	100	100	100	100	100	100	100	100	100	100	100	100	100	100	100	100	100	100	100	100	100	100	100	100	100	100	100	100	100	100	100	100	100	100	100	100	100	100	100	100	100	100	100	100	100	100	100	100	100	100	100	100	100	100	100	100	100	100	100	100	100	100	100	100	100	100	100	100	100	100	100	100	100	100	100	100	100	100	100	100	100	100	100	100	100	100	100	100	100	100	100	100	100	100	100	100	100	100	100	100	100	100	100	100	100	100	100	100	100	100	100	100	100	100	100	100	100	100	100	100	100	100	100	100	100	100	100	100	100	100	100	100	100	100	100	100	100	100	100	100	100	100	100	100	100	100	100	100	100	100	100	100	100	100
1	0	0	0	0	0	0	0	0	0	0	0	0	39	0	0	0	0	0	0	0	0	0	0	0	0	0	0	0	0	0	0	0	0	0	0	0	0	0	0	0	0	0	0	0	0	0	0	0	0	0	0	0	0	0	0	0	0	0	0	0	0	0	0	0	0	0	0	0	0	0	0	0	0	0	0	0	0	0	0	0	0	0	0	0	0	0	0	0	0	0	0	0	0	0	0	0	0	0	0	0	0	4	0	0	19	0	0	0	40	0	14	84	0	0	0	0	7	0	0	57	0	127	0	2	4	61	0	0	20	4	144	0	2	46	40	53	0	159	0	0	30	0	0	5	0	29	0	0	0	0	1	0	22	79	0	0	139	5	0	0	1	0	0	0	0	0	0	0	45	0	4	61	0	0	13	85	0	42	7	0	0	0	0	0	0	0	0	38	107	36	0	0	26	58	0	0	0	0	100	0	4	35	43	0	38	12	14	19	311	33	0	50	4	172	47	7	2	55	10	65	44	0	119	10	28	82	21	72	16	3	13	1	0	144	11	0	21	0	22	0	0	3	4	3	1	13	0	1	5	136	1	81	275	13	3	0	0	2	105	0	3	8	20	0	2	0	0	52	51	0	14	4	0	10	15	138	0	12	0	68	30	80	48	5	1	14	20	182	3	0	1	0	17	13	0	251	0	13	0	134	31	105	0	4	9	0	0	85	79	70	22	18	251	0	78	100	4	33	54	18	85	137	0	50	0	8	42	134	0	0	8	125	374	66	44	0	65	27	48	1	46	27	90	66	144	0	133	0	0	14	110	90	79	0	0	0	231	1	11	191	39	172	82	33	118	64	0	44	0	2	0	25	0	154	0	16	14	0	0	130	0	21	6	68	61	1	16	0	1	51	2	35	2	83	146	12	41	28	0	0	154	104	97	1	100	0	24	111	59	14	48	13	2	8	99	196	180	0	0	49	80	8	119	52	1	49	109	46	91	138	76	159	94	140	87	28	16	22	74	0	123	16	35	98	26	49	30	87	83	167	136	8	0	38	107	28	7	170	97	27	92	293	0	15	69	166	68	0	12	22	99	54	116	50	3	19	177	137	0	0	355	82	8	129	99	137	6	151	46	49	43	56	145	113	81	19	13	0	33	5	0	37	50	5	1	79	129	48	28	3	64	10	130	30	88	52	20	65	145	73	67	63	96	0	42	6	184	34	0	52	157	77	56	42	46	137	3	169	159	37	20	109	38	0	122	30	94	97	139	6	123	20	33	60	27	55	14	51	154	222	36	12	125	53	178	59	170	53	0	86	50	260	102	22	65	196	44	301	131	4	90	271	162	1	133	8	126	0	11	6	83	65	102	44	211	95	13	79	56	32	27	68	112	205	32	12	116	119	37	109	197	55	52	150	72	22	50	15	43	3	124	91	143	63	166	41	82	1	149	102	89	18	70	86	33	58	31	37	16	37	182	20	67	59	133	0	4	153	130	6	19	19	79	86	96	76	47	159	52	32	49	319	63	117	43	83	12	121	10	58	0	72	16	101	84	1	10	43	212	198	0	45	68	50	42	121	52	149	30	121	97	37	1	10	24	244	247	10	33	7	8	95	26	165	8	22	111	46	89	37	137	142	34	82	180	95	155	107	65	145	49	91	144	214	106	89	47	79	14	337	36	56	51	189	227	16	44	57	6	14	121	86	25	115	191	171	119	50	117	74	22	106	152	45	38	55	0	146	26	396	135	57	93	31	104	15	42	42	85	115	101	17	120	35	11	53	37	16	90	54	126	258	91	70	118	51	3	0	302	42	139	94	77	47	107	80	59	9	88	211
2	0	0	0	0	0	0	0	0	0	0	0	0	0	0	0	0	0	0	0	0	0	0	0	0	0	0	0	0	0	0	0	0	0	0	0	0	0	0	0	0	0	0	0	0	0	0	0	0	0	0	0	0	0	0	0	0	0	0	0	0	0	0	0	0	0	0	0	0	0	0	0	0	0	0	0	0	0	0	0	0	0	0	0	0	0	0	0	0	0	0	0	0	0	0	0	0	0	0	0	0	0	0	0	8	53	6	36	0	10	1	47	0	56	3	0	0	2	66	35	22	18	11	0	0	0	103	127	2	3	155	11	105	0	0	18	8	2	0	9	89	43	0	0	137	40	84	0	0	29	0	0	0	30	93	0	0	11	9	11	7	48	0	4	0	0	7	10	51	0	50	0	0	0	4	10	0	0	0	110	1	0	156	0	0	4	111	18	0	0	0	2	109	0	0	3	0	0	6	9	0	65	85	0	43	0	29	0	0	20	0	0	0	0	1	1	1	0	0	79	138	1	0	67	11	0	71	0	69	15	7	0	1	4	0	4	0	31	0	28	0	13	104	131	167	67	21	1	18	0	143	46	150	0	1	76	0	8	57	0	217	1	0	1	22	34	2	9	22	60	37	0	22	22	160	37	0	44	57	47	5	0	1	31	16	19	1	7	134	8	15	305	4	0	20	0	2	9	105	0	31	48	22	5	2	1	119	25	47	10	9	30	57	205	38	22	0	30	44	63	63	8	285	0	3	15	5	47	78	83	103	0	3	125	7	84	0	100	8	1	73	79	66	299	0	143	30	26	0	156	8	68	10	0	80	0	10	1	20	177	74	31	119	48	8	15	0	83	0	0	70	57	92	0	153	15	38	11	146	133	29	41	0	0	160	117	6	37	0	0	56	99	42	2	9	5	30	105	50	125	8	59	29	103	79	160	26	116	89	0	0	6	164	29	42	165	135	174	42	0	69	160	55	133	50	0	220	61	48	52	56	53	6	1	196	198	69	0	102	66	5	92	1	267	83	8	83	53	168	99	56	21	0	89	42	201	99	27	124	17	47	50	34	0	97	68	88	94	78	2	82	153	13	139	0	34	45	171	2	44	49	0	119	161	57	93	1	0	30	8	81	29	253	121	0	55	188	146	0	90	6	0	38	154	0	412	63	2	85	57	79	76	143	170	191	32	21	24	183	225	149	33	1	26	30	54	31	55	25	162	196	104	79	111	51	5	93	0	115	160	83	143	77	186	63	79	86	134	0	85	58	32	20	156	43	89	45	40	0	412	16	56	0	140	91	63	76	113	210	32	4	158	45	28	36	29	67	84	54	132	0	79	173	71	0	209	85	0	32	15	5	2	163	67	103	6	318	123	77	132	2	127	155	148	45	5	85	164	65	53	206	1	17	7	113	109	77	77	36	144	28	48	92	70	115	62	17	39	28	172	67	146	126	98	65	13	37	102	178	325	169	119	0	108	105	96	6	56	129	44	2	0	46	163	170	52	159	74	94	19	142	137	41	120	276	160	204	122	14	121	41	47	121	129	104	65	7	18	6	94	166	20	10	184	157	170	195	248	110	84	22	93	124	169	0	0	183	13	78	24	13	2	105	16	77	104	99	53	23	209	151	124	67	116	132	101	143	148	18	151	110	135	155	100	94	120	225	121	13	154	56	70	42	76	88	119	0	294	104	128	83	129	77	148	100	102	79	110	268	47	187	82	48	38	190	34	28	27	73	0	32	69	52	70	101	93	2	169	22	110	16	90	0	81	232	7	117	10	17	171	13	110	151	80	43	105	61	11	23	53	90	138	12	81	136	13	50	47	35	47	62
3	0	0	0	0	0	0	0	0	0	0	0	0	0	0	0	0	0	0	0	0	0	0	0	0	0	0	0	0	0	0	0	0	0	0	0	0	0	0	0	0	0	0	0	0	0	0	0	0	0	19	0	0	0	0	0	0	0	0	0	0	0	0	0	0	0	0	0	0	0	0	0	0	0	0	0	0	0	0	0	0	0	0	0	2	0	0	0	0	0	0	0	0	0	0	0	0	0	0	0	0	0	0	0	0	0	0	0	0	0	0	0	0	0	0	0	0	0	0	0	0	0	0	0	0	0	24	0	0	0	0	0	0	0	0	0	0	0	0	0	0	0	0	0	0	0	0	0	0	0	0	0	0	0	74	0	0	0	0	0	0	0	0	0	0	0	0	0	0	0	0	0	0	0	0	0	0	0	0	0	0	0	0	0	0	0	0	0	0	0	0	0	0	0	0	0	0	0	0	0	0	0	0	0	0	0	0	0	0	0	0	0	0	112	15	42	0	0	0	3	0	0	0	0	0	0	0	1	1	0	0	0	0	0	0	0	0	0	0	0	0	0	45	0	0	0	0	0	0	0	33	152	68	0	0	0	0	0	16	0	0	0	0	14	0	0	0	0	0	0	0	0	11	0	0	0	0	0	0	0	0	8	0	0	0	0	0	0	0	0	0	81	0	0	0	0	0	0	0	0	0	0	4	0	0	5	0	0	0	65	0	1	18	21	0	0	0	0	21	0	77	37	20	0	11	0	2	0	0	98	0	0	1	13	0	273	0	0	0	0	0	29	121	33	0	65	0	58	0	0	0	97	174	0	0	0	0	0	0	16	141	130	82	6	0	80	0	0	2	0	66	0	0	0	0	0	0	0	5	0	66	0	0	0	0	0	0	0	0	0	0	0	22	0	117	3	0	6	5	0	0	269	88	175	111	78	0	0	47	0	0	0	0	0	0	159	62	52	8	0	11	0	0	5	153	0	38	64	167	59	48	106	0	1	49	192	73	3	4	0	0	20	0	121	94	0	35	0	106	12	113	4	0	0	64	147	21	0	42	97	36	85	54	0	0	50	135	0	0	0	0	0	0	29	0	0	14	0	5	2	141	3	15	232	135	105	0	12	2	0	0	64	0	117	0	84	78	17	0	18	0	0	62	33	0	21	157	25	52	3	0	335	35	71	92	67	0	110	32	50	160	136	0	31	0	31	0	100	97	4	139	188	12	64	41	2	139	0	17	57	24	52	64	156	0	132	184	231	3	86	26	22	0	16	114	225	43	0	0	97	182	300	0	59	73	8	119	113	418	0	93	218	117	93	4	142	55	17	46	482	0	0	107	29	0	266	0	8	0	0	0	166	124	87	79	53	156	93	140	80	0	116	365	37	62	0	184	231	9	23	84	9	169	5	197	20	0	35	68	62	0	111	38	57	6	120	144	269	0	169	24	115	95	44	481	8	91	337	16	48	168	17	0	178	107	38	0	0	105	34	0	33	34	35	100	52	124	195	41	252	172	107	138	175	108	31	158	78	120	0	36	0	215	129	0	105	0	0	0	15	97	0	0	32	30	38	116	32	105	107	48	58	48	0	0	0	25	51	0	65	0	0	161	0	188	32	138	5	171	18	9	61	158	203	8	65	177	147	42	155	37	92	38	204	276	20	2	61	0	42	149	23	23	66	38	101	0	45	80	123	0	49	204	0	101	252	53	129	36	87	30	93	56	26	12	0	0	0	38	0	18	60	171	193	0	40	0	87	209	14	61	197	0	30	109	0	218	263	97	14	18	34	198	56	36	77	22	0	0	92	71	205	65	211	1	199	70	192	19	233	61
4	0	0	0	0	0	0	0	0	0	0	0	0	0	0	0	0	0	0	0	0	0	0	0	0	0	0	10	0	0	0	0	0	0	0	0	0	0	0	0	0	0	0	0	0	0	0	0	0	0	0	0	0	0	0	0	0	0	0	0	0	0	0	0	0	0	0	0	0	0	0	0	0	0	0	0	0	0	0	0	0	0	0	0	0	0	0	0	0	0	0	0	0	0	0	0	0	0	0	0	0	0	0	0	0	0	0	0	0	0	0	0	0	0	0	0	0	0	0	0	0	0	0	0	0	0	0	0	0	49	0	0	0	0	0	0	0	0	0	0	0	0	0	0	0	0	0	0	0	0	0	0	0	0	0	0	0	0	0	0	0	0	0	0	0	0	0	0	0	0	0	0	0	0	0	0	0	0	0	0	0	0	0	0	0	0	0	0	0	0	0	0	0	0	0	0	0	0	0	0	0	0	0	0	0	0	0	0	0	0	0	0	0	0	0	0	0	0	0	0	0	0	0	0	0	0	0	0	0	110	0	0	0	0	0	0	0	0	0	0	0	0	0	0	0	0	0	0	0	0	2	0	0	0	12	0	0	0	0	0	0	0	0	0	0	0	0	0	0	0	0	0	0	0	0	0	0	0	0	0	0	0	0	0	0	0	0	0	0	0	0	0	0	0	0	0	0	0	0	0	0	0	0	0	0	0	0	0	0	0	0	0	0	0	0	0	0	0	0	0	38	0	0	0	0	0	0	0	0	0	0	0	0	0	0	0	0	0	0	0	0	0	18	0	0	0	0	0	0	0	0	0	0	0	0	0	0	0	0	0	0	0	64	0	0	0	0	0	16	0	0	0	0	0	0	0	0	0	0	0	0	0	0	2	0	0	0	0	0	0	0	0	14	0	9	0	0	0	0	0	0	58	0	11	0	73	0	0	0	0	0	0	0	0	0	0	1	0	0	0	107	0	0	0	0	0	31	0	15	0	18	0	0	0	40	79	0	0	14	0	0	0	0	0	0	0	0	0	6	0	0	0	0	0	0	1	0	0	1	2	23	0	0	0	44	0	13	0	0	0	0	0	0	8	0	0	19	0	0	0	0	0	0	2	83	12	0	0	0	0	0	0	0	0	0	0	0	0	0	0	0	0	0	43	0	0	0	0	1	25	0	7	0	0	0	0	0	0	0	11	67	4	0	0	0	1	0	0	1	0	0	1	24	15	0	0	11	0	55	20	1	4	2	0	0	0	0	38	0	10	0	0	0	9	8	12	3	0	0	20	0	0	0	105	14	0	4	0	5	0	0	18	0	0	0	0	0	0	59	23	0	0	82	1	0	14	0	0	0	0	0	0	0	4	0	0	0	1	11	5	0	0	0	0	0	0	3	231	1	46	3	0	2	1	37	0	0	4	0	49	0	2	21	0	0	0	0	2	0	16	0	4	30	0	31	0	3	1	0	0	0	0	0	43	41	0	0	0	7	3	0	0	13	16	21	3	8	20	14	1	0	35	15	0	0	86	40	6	0	0	11	0	17	44	0	20	0	0	0	0	3	0	0	41	24	0	49	17	0	35	1	0	0	0	0	0	12	10	26	0	0	0	131	0	0	4	14	0	6	5	12	126	0	10	0	39	171	56	0	29	0	21	1	13	20	0	12	30	0	14	3	8	0	5	27	0	0	0	0	0	0	25	0	0	0	0	0	7	0	10	24	65	48	24	0	0	0	0	0	0	0	58	6	0	0	173	0	3	11	5	8	0	0	116	4	0	20	4	0	0	0	20	69	0	0	112	83	0	0	3	46	100	29	20	7	3	3	20	42	0	0
5	0	0	0	0	0	0	0	0	0	0	0	0	0	0	0	0	0	0	0	0	0	0	0	0	0	0	0	0	0	0	0	0	0	0	0	0	0	0	0	0	0	0	0	0	0	0	0	0	0	0	0	0	0	0	0	0	0	0	0	0	0	0	0	0	0	0	0	0	0	0	0	0	0	0	0	0	0	0	0	0	0	0	0	0	0	0	0	0	0	0	0	0	0	0	0	0	0	0	0	0	0	0	0	0	0	0	0	0	0	0	0	0	0	0	0	0	0	0	0	0	0	0	0	0	0	0	0	0	0	0	0	0	0	0	0	0	0	0	0	0	0	0	0	6	0	0	0	0	0	1	0	0	6	38	0	0	0	0	0	0	14	0	0	0	0	0	0	0	0	0	0	0	0	0	0	0	0	0	0	0	0	0	0	0	0	3	0	0	0	0	0	0	0	0	0	0	0	0	0	0	2	6	0	0	0	0	0	0	0	83	0	0	0	0	0	0	0	0	0	1	0	0	0	0	0	0	0	2	0	0	0	0	0	0	0	0	0	0	0	0	0	0	6	0	0	0	0	0	0	60	0	7	23	0	0	0	0	0	0	0	0	9	0	0	0	0	0	0	0	0	0	0	0	10	0	0	0	0	0	0	0	0	0	0	0	0	0	0	0	0	35	0	0	0	0	0	0	0	0	0	0	13	0	0	0	0	0	30	81	2	0	0	8	0	0	0	0	0	0	111	0	33	0	3	0	2	0	0	217	0	0	3	10	0	50	0	68	0	8	0	67	32	8	0	0	25	30	0	0	2	39	210	43	0	0	0	56	0	26	44	143	56	70	0	15	0	0	1	0	0	0	0	0	40	0	0	0	9	3	56	0	0	0	103	0	0	0	0	0	0	0	117	0	74	0	0	0	0	0	0	287	56	13	28	32	0	0	50	14	0	0	4	0	0	114	88	140	23	0	49	0	0	33	19	0	48	48	4	67	212	46	0	0	59	0	51	0	0	0	0	224	0	6	59	0	66	0	60	118	50	73	0	0	91	79	188	5	82	38	349	67	0	0	0	85	47	2	0	1	2	0	62	2	0	0	65	1	86	0	0	37	89	96	27	26	28	0	16	0	0	53	19	40	0	154	45	146	0	106	0	0	15	175	0	1	117	150	101	4	18	64	109	49	172	18	38	139	23	38	154	125	0	23	0	47	0	7	220	10	20	84	57	67	132	44	112	0	34	86	19	244	56	107	0	62	26	129	3	131	127	111	0	70	38	179	35	0	0	90	34	69	0	74	123	151	60	23	78	0	3	48	110	86	0	61	42	19	42	35	0	0	31	148	0	77	0	16	0	0	0	107	81	22	29	3	12	121	97	198	0	15	88	93	27	0	61	134	17	109	174	0	71	16	110	54	75	114	100	6	7	88	53	90	101	121	48	55	11	86	20	36	139	115	35	2	141	190	11	136	100	0	0	125	74	86	0	0	129	24	0	1	105	180	197	36	57	152	19	181	147	184	302	62	55	235	91	121	295	6	97	0	141	64	57	164	0	0	0	198	309	0	0	50	101	84	20	107	68	64	80	47	44	0	1	1	83	18	0	107	0	0	115	0	63	106	178	0	92	132	89	36	63	152	61	57	104	142	61	27	79	167	106	83	146	1	39	50	0	57	20	36	70	36	76	43	0	16	93	85	2	112	18	0	55	77	241	170	47	49	330	119	113	95	71	0	20	0	57	0	75	54	29	123	53	150	17	29	56	160	93	100	0	63	106	0	115	51	67	134	21	244	138	228	112	57	5	2	0	150	104	100	17	96	238	176	33	69	68	5	49
6	0	0	0	0	0	0	0	0	0	0	0	0	0	0	0	0	0	0	0	0	0	0	0	0	0	0	0	0	0	0	0	0	0	0	0	0	0	0	0	0	0	0	0	0	0	0	0	0	0	0	0	0	0	0	0	0	0	0	0	0	0	0	0	24	0	0	0	0	0	0	0	0	0	0	0	0	0	0	0	0	0	0	0	0	0	0	0	0	0	0	0	0	0	0	0	0	0	0	0	0	0	0	0	0	0	0	0	0	0	0	0	0	0	0	0	0	0	0	0	0	0	0	0	0	0	0	0	0	0	0	0	0	0	0	0	0	0	0	0	0	0	0	0	0	0	0	0	0	0	0	0	0	2	54	0	0	0	0	0	0	0	0	0	0	0	0	1	0	3	0	0	0	0	0	0	0	0	0	0	0	0	0	0	0	0	0	0	0	0	0	0	0	0	0	0	0	0	0	0	0	10	0	0	0	0	13	0	0	0	0	0	0	0	0	0	0	0	0	0	0	0	0	0	0	0	0	0	73	6	0	0	0	0	0	0	0	0	0	0	0	0	0	0	64	0	0	0	0	0	136	0	146	0	0	0	0	0	0	0	0	0	0	0	0	0	0	2	0	0	0	26	0	0	0	0	0	0	0	0	0	0	0	0	0	0	0	0	0	0	0	14	0	0	15	0	0	0	0	0	0	0	20	0	0	0	0	0	4	0	0	0	0	1	0	0	0	6	0	62	42	0	28	0	71	0	0	0	0	325	0	0	0	45	0	138	0	0	11	0	0	0	179	52	0	0	0	9	0	0	0	70	134	0	0	0	0	0	0	62	76	60	109	68	0	6	0	0	0	0	0	1	0	0	48	0	0	0	0	90	102	0	0	0	78	0	0	9	0	0	0	0	226	0	1	0	0	20	0	30	0	31	36	162	15	140	0	0	54	5	0	0	60	0	0	36	49	35	11	0	260	0	0	5	75	0	115	97	146	166	78	33	0	0	30	254	36	0	0	0	0	32	0	0	157	0	23	0	67	56	96	52	0	0	298	108	164	0	93	149	89	94	9	0	0	110	25	48	0	4	9	0	0	37	0	0	130	0	20	5	11	0	46	27	51	105	163	0	46	0	0	7	44	34	42	88	73	163	0	83	0	0	162	36	0	9	8	72	53	2	0	54	63	105	8	147	12	80	115	90	265	69	0	2	0	149	0	202	119	0	205	55	64	70	64	78	78	0	109	137	129	31	138	33	0	89	90	172	0	69	30	102	96	63	75	49	70	0	0	161	20	82	0	42	18	0	79	3	23	0	47	99	136	170	0	31	113	0	196	68	0	0	143	99	0	28	0	17	1	0	0	17	3	282	80	217	115	27	26	107	0	30	7	23	20	0	21	160	96	37	255	1	41	171	61	92	0	48	65	278	2	112	92	109	127	48	88	13	0	130	83	28	70	189	31	0	151	28	54	86	58	29	0	41	71	23	0	0	108	224	0	0	49	100	108	94	37	160	65	204	224	187	97	171	55	36	53	54	39	0	65	0	86	16	60	82	4	0	0	34	47	0	0	78	41	34	155	145	41	181	56	118	149	0	0	0	99	25	0	311	0	0	46	0	22	131	219	12	76	210	43	123	46	58	161	68	135	103	42	67	20	106	83	104	40	0	42	59	0	10	189	161	192	59	26	6	0	78	100	59	31	283	158	0	75	289	144	57	109	58	135	42	89	105	9	0	186	0	22	0	17	82	70	132	70	97	0	49	101	63	28	112	0	129	44	0	35	4	87	26	15	34	81	235	24	22	0	0	0	149	147	25	219	81	30	246	282	8	39	30	37
7	0	0	0	0	0	0	0	0	0	0	0	0	0	0	0	0	0	0	0	0	0	0	0	0	0	0	0	0	0	0	47	0	0	0	0	0	0	0	0	0	0	0	0	0	0	0	0	0	0	0	0	0	0	0	0	0	0	0	0	0	0	0	0	0	0	0	0	0	0	0	0	0	0	0	0	0	0	0	0	0	0	0	0	0	0	0	0	0	0	0	0	0	0	0	0	0	0	0	0	0	0	109	0	0	0	0	0	37	0	0	0	0	0	0	0	0	0	0	0	0	0	0	0	0	14	0	0	0	0	0	0	0	0	0	0	0	0	0	0	0	0	0	0	0	0	0	0	0	0	0	0	0	0	0	0	0	0	0	0	0	0	0	0	0	0	0	0	0	0	0	0	0	0	0	0	0	0	0	0	0	0	0	0	0	0	31	0	0	0	0	0	0	0	0	0	0	0	0	0	0	0	0	0	0	0	0	0	0	0	0	0	0	0	0	0	0	0	0	0	8	0	9	0	0	0	0	0	16	1	0	0	0	0	0	0	0	0	0	11	0	0	0	0	0	63	0	0	0	0	124	0	31	0	0	0	0	0	0	0	0	0	0	0	0	2	0	0	0	0	0	0	0	0	0	0	0	0	0	0	0	0	0	77	0	0	0	0	27	0	0	44	0	0	49	0	0	0	0	0	0	4	38	0	0	0	0	28	113	39	0	0	3	190	0	0	0	6	0	0	28	35	84	0	0	0	49	0	0	59	0	0	0	0	0	69	0	0	0	0	0	20	6	159	0	0	0	3	0	0	1	25	51	0	0	0	0	0	0	71	217	69	27	0	0	31	0	0	0	0	0	0	0	0	90	0	0	0	0	4	56	0	0	0	6	0	0	1	0	0	0	0	111	0	54	0	0	0	0	0	0	138	168	166	10	48	0	0	180	0	0	0	0	0	7	172	127	9	81	0	118	0	56	31	70	0	154	17	89	30	141	56	0	0	72	16	228	1	1	0	0	82	0	0	54	0	113	0	122	33	136	0	0	0	44	231	94	3	209	120	88	55	0	0	0	128	117	2	0	0	0	0	2	151	0	0	141	0	57	0	27	76	5	335	69	33	2	0	51	0	0	48	124	37	0	13	94	22	0	158	0	0	146	68	0	40	107	13	80	57	0	65	145	31	31	45	0	162	106	111	201	35	0	4	0	182	2	61	318	0	93	41	45	33	125	38	39	0	35	179	24	207	51	144	0	117	154	43	0	9	100	172	0	62	70	129	31	0	12	56	35	54	0	12	151	117	64	7	96	0	8	62	134	95	0	7	31	0	187	97	0	13	42	110	0	118	0	2	9	0	0	0	285	50	99	128	151	36	149	275	0	42	114	69	17	0	188	93	74	152	97	0	70	42	183	25	0	92	51	24	4	37	84	41	98	41	0	33	0	44	65	16	188	30	65	3	20	22	172	170	126	50	0	32	41	125	0	0	43	25	0	1	12	100	185	147	6	90	30	48	34	71	20	52	61	23	33	165	161	0	252	0	57	101	12	124	0	0	17	102	173	0	0	27	158	148	158	160	208	101	164	99	92	0	0	0	131	130	1	77	0	0	17	0	141	160	135	6	73	233	259	194	56	111	221	204	116	189	37	80	84	31	131	49	76	0	255	171	0	104	181	84	101	76	31	130	0	125	11	8	0	53	78	0	47	108	178	64	87	216	82	200	76	123	116	0	0	0	66	0	48	36	134	78	19	30	0	21	258	8	80	156	0	35	125	0	109	43	179	361	207	184	73	118	42	367	0	1	0	137	57	157	65	222	74	16	83	36	87	296	114
8	0	0	0	0	0	0	0	0	0	0	0	10	0	0	0	0	0	0	0	0	0	0	0	0	0	0	0	0	0	0	0	0	0	0	0	0	0	0	0	0	0	0	0	0	0	0	0	0	0	0	0	0	0	0	0	0	0	0	0	0	0	0	0	0	0	0	0	0	0	0	0	0	0	0	0	0	0	0	0	0	0	0	0	0	0	0	0	0	0	0	0	0	0	0	0	0	0	0	0	0	0	0	0	0	0	0	0	0	0	0	0	0	0	0	0	0	0	0	0	0	0	0	0	0	0	0	0	0	0	0	0	0	0	0	0	0	0	0	0	0	0	0	0	0	0	0	0	0	0	0	0	0	67	0	0	0	0	0	0	0	0	0	0	0	0	0	0	0	0	0	0	0	0	0	0	0	0	0	0	0	0	0	0	0	0	0	0	0	0	0	0	0	0	0	0	0	0	0	0	0	0	0	0	0	0	0	0	0	0	0	0	0	0	0	0	0	0	0	0	0	0	0	0	0	0	0	0	0	0	0	12	0	0	0	0	0	0	0	0	0	0	0	0	0	0	0	0	0	0	0	3	0	0	0	0	0	0	0	7	0	0	0	2	0	0	0	0	0	0	0	0	0	0	0	0	1	0	0	0	0	23	0	2	5	0	0	18	0	4	0	59	0	0	53	0	0	0	0	0	40	0	0	0	0	0	0	0	0	129	0	7	17	0	3	0	0	0	0	0	79	0	113	0	20	8	0	0	0	34	0	0	0	169	0	45	0	0	0	0	0	0	172	30	0	0	0	12	0	0	0	31	59	20	0	0	0	0	0	114	12	63	15	90	0	29	0	0	27	38	0	7	0	0	154	0	0	18	28	0	191	0	0	0	1	0	0	0	0	0	0	0	54	0	100	5	0	14	0	0	0	58	3	13	12	27	0	0	72	19	1	0	0	0	117	91	115	178	4	0	83	0	21	45	40	0	190	165	141	121	109	81	0	0	102	93	22	0	8	0	0	35	0	5	31	0	22	0	115	1	27	4	0	0	87	50	48	0	48	54	86	110	0	0	0	81	61	1	0	0	0	0	0	142	0	0	112	0	36	0	3	93	68	102	214	63	2	0	52	21	0	26	56	26	0	46	33	6	0	55	0	0	68	56	0	2	246	0	193	98	0	44	49	14	249	0	18	66	9	12	162	21	0	1	0	3	0	99	148	0	5	343	31	70	29	47	216	0	92	20	44	73	89	95	0	42	94	53	0	43	20	5	0	117	29	30	145	0	13	32	16	98	0	41	60	0	34	0	147	0	27	74	122	40	0	38	12	0	306	90	0	0	32	25	0	106	0	4	0	0	0	141	180	109	52	40	204	93	115	156	12	113	145	76	278	16	46	29	88	111	51	0	77	15	82	35	0	68	40	160	0	97	67	16	18	77	0	56	0	20	62	173	129	62	98	24	76	49	106	208	60	0	0	145	53	5	0	0	89	75	9	0	17	32	41	224	131	109	22	64	178	155	53	130	83	71	211	110	157	0	94	0	15	100	148	83	0	0	2	162	51	0	0	95	37	72	41	153	263	52	22	24	59	0	0	0	90	30	0	33	1	0	145	0	39	68	45	9	59	72	87	120	154	96	32	143	66	24	9	50	59	41	217	25	128	0	162	123	0	105	165	140	151	79	33	41	0	91	60	36	0	102	14	23	164	31	49	225	279	15	124	262	118	44	202	0	16	0	97	0	21	48	72	36	61	80	0	86	120	10	186	153	0	71	122	0	179	42	30	9	52	56	68	106	83	73	5	0	1	77	91	111	122	91	69	44	94	78	75	150	68
9	0	0	0	0	0	0	0	0	0	0	0	0	0	0	0	0	0	0	0	0	0	0	0	0	0	0	0	0	0	0	0	0	0	0	0	0	0	0	0	0	0	0	0	0	0	0	0	0	0	0	0	0	0	0	0	0	0	0	0	0	0	0	0	0	0	0	0	0	0	0	0	0	0	0	0	0	0	0	0	0	0	0	0	0	0	0	0	0	0	0	0	0	0	0	0	0	0	0	0	0	0	0	0	0	0	0	0	0	0	0	0	0	0	0	0	0	0	0	0	0	0	0	0	0	0	0	0	0	0	0	0	0	0	0	0	0	0	0	0	0	0	0	0	0	0	0	0	0	0	0	0	0	0	0	0	0	0	0	0	0	0	0	0	0	0	0	0	0	0	0	0	0	0	0	0	0	0	0	0	0	0	0	0	0	0	0	0	0	0	0	0	0	0	0	0	0	0	0	0	0	0	0	0	0	0	0	0	0	0	0	0	0	0	0	0	0	0	0	0	0	0	0	0	0	0	0	0	0	0	0	0	0	0	0	0	0	0	0	0	0	0	0	0	0	0	0	0	0	0	0	0	27	0	0	1	0	0	0	0	0	0	0	0	0	0	0	0	0	0	0	0	0	0	0	0	0	0	0	0	0	0	0	0	0	0	0	0	0	0	0	3	0	0	0	0	0	0	0	0	0	0	0	0	0	0	0	0	0	0	0	0	0	0	0	0	0	0	0	0	3	0	0	0	0	0	0	0	0	5	0	0	0	0	0	0	0	0	0	0	0	0	0	0	0	0	0	0	0	0	0	0	0	0	0	0	0	0	0	0	315	0	23	0	0	0	0	0	0	0	0	0	0	0	0	0	0	0	0	0	0	0	0	0	0	0	0	0	0	0	0	0	14	0	22	0	0	0	0	0	0	4	0	10	0	31	0	0	70	0	0	0	0	0	0	55	0	0	15	0	45	0	0	0	3	0	6	0	17	0	78	0	0	0	113	17	1	0	0	0	0	0	0	0	84	0	9	0	0	0	40	0	0	0	17	2	0	0	0	18	36	138	0	0	0	44	23	0	0	0	0	0	0	138	0	0	282	0	9	0	0	0	0	0	106	12	0	0	0	0	0	0	0	0	0	0	0	0	0	107	0	0	92	11	0	6	64	0	0	0	0	0	17	0	0	10	0	104	1	30	45	18	0	0	0	1	0	50	3	0	10	64	137	5	2	0	67	0	186	183	68	7	22	44	0	188	0	1	0	1	0	0	0	0	1	0	0	0	31	13	0	103	0	0	99	0	0	0	6	0	0	0	34	0	0	6	4	0	22	2	0	0	0	2	0	58	0	0	14	0	0	13	10	56	0	3	109	205	0	7	0	12	15	0	105	0	4	0	57	0	13	0	53	0	0	0	0	0	0	48	0	32	36	0	15	239	0	78	0	21	9	182	0	0	117	0	0	25	60	0	3	0	0	73	93	0	0	0	72	11	0	0	1	258	70	9	31	55	4	9	3	57	10	0	0	0	100	0	0	0	22	0	98	143	0	118	0	0	0	41	6	0	0	127	116	168	90	0	0	0	0	13	101	0	0	0	52	2	0	134	0	0	180	0	8	0	86	0	0	116	11	110	82	223	0	369	87	146	0	98	0	60	11	13	69	0	13	246	0	10	0	189	3	28	24	51	0	5	138	0	0	238	0	0	147	54	0	66	35	143	28	0	92	1	146	0	0	0	176	0	5	111	83	133	0	104	0	95	2	0	164	41	0	143	75	0	10	143	26	6	156	1	10	25	3	126	0	0	0	127	267	140	13	108	18	1	2	0	92	51	0
10	0	0	0	0	0	0	0	0	0	0	0	0	0	0	0	0	0	0	0	0	0	0	0	0	0	0	0	0	0	0	0	0	0	0	0	0	0	0	0	0	0	0	0	0	0	0	0	0	0	0	0	0	0	0	0	0	0	0	0	0	0	0	0	0	0	0	0	0	0	0	0	0	0	0	0	0	0	0	0	0	0	0	0	0	0	0	0	0	0	0	0	0	0	0	0	0	0	0	0	0	0	0	0	0	0	0	0	0	0	0	0	0	0	0	0	0	0	0	0	0	0	0	0	0	0	0	0	0	0	0	0	0	0	0	0	0	0	0	0	0	0	0	0	0	0	0	0	0	0	0	0	0	0	0	0	0	0	0	0	0	0	0	0	0	0	0	0	0	0	0	0	0	0	0	0	0	0	0	0	0	0	0	0	0	0	0	0	0	0	0	0	0	0	0	0	0	0	0	0	0	0	0	0	0	0	0	0	0	0	0	0	0	0	0	0	0	0	0	0	0	0	0	0	0	0	0	0	0	2	0	0	0	0	0	0	0	0	0	0	0	0	0	0	0	0	0	0	0	0	0	0	0	0	0	0	0	0	0	0	0	0	0	0	14	0	0	0	0	0	0	0	0	0	0	0	0	0	0	0	0	0	0	0	0	0	0	0	0	0	0	0	0	0	0	0	0	0	0	0	0	0	0	0	0	0	0	0	0	0	0	0	0	0	0	0	0	0	0	0	16	0	3	0	0	0	0	0	0	0	0	0	0	0	0	0	0	0	0	0	0	0	0	33	0	0	0	0	0	0	0	0	13	0	0	0	0	0	0	0	0	0	7	12	0	0	0	0	0	0	0	0	0	0	0	0	0	0	0	0	69	0	0	0	0	0	0	0	0	0	0	0	64	0	9	0	0	0	0	0	0	32	0	0	0	87	0	0	0	0	0	0	0	0	0	0	0	0	0	0	136	0	0	0	0	0	18	0	21	2	0	0	0	0	358	0	0	0	0	0	0	2	0	0	15	0	64	0	13	0	0	0	0	0	0	0	1	0	0	9	0	123	0	0	0	0	0	0	0	0	0	0	0	0	0	0	32	0	0	0	0	0	0	0	0	0	0	0	24	0	0	0	0	0	0	3	0	0	0	15	0	0	178	2	0	0	0	0	0	0	0	0	23	0	0	0	0	66	15	21	19	3	0	0	0	46	0	0	46	0	0	15	67	0	0	0	79	0	128	3	34	22	66	165	0	36	0	1	0	0	0	0	0	0	3	0	0	0	0	43	45	73	0	0	158	0	0	0	0	0	0	0	25	5	0	0	45	0	0	4	0	0	12	16	0	103	0	0	0	0	0	0	0	208	0	0	29	30	0	29	0	0	92	0	69	0	0	0	120	9	83	0	76	0	0	0	0	6	1	20	0	143	34	0	0	141	0	9	0	45	25	234	0	0	40	0	0	17	186	0	0	0	0	65	221	6	0	0	0	73	0	0	2	100	0	85	33	105	0	92	0	82	0	0	0	0	41	0	0	0	0	0	4	77	0	192	0	0	0	88	70	0	0	278	130	214	37	0	27	0	0	8	74	0	0	3	13	0	0	40	0	0	54	0	0	1	21	0	0	172	93	91	28	209	10	89	78	29	0	75	27	12	0	62	86	0	42	74	0	16	0	57	0	0	25	58	0	52	59	0	0	284	0	0	190	23	0	33	1	91	125	100	50	0	53	0	0	0	110	0	1	34	68	126	0	83	0	47	0	9	65	125	0	98	0	0	69	325	0	0	89	0	0	0	0	205	0	0	0	164	69	64	106	32	21	0	5	0	138	81	6
11	0	0	0	0	0	0	0	0	0	0	0	0	0	0	0	0	0	0	0	0	0	0	0	0	0	0	0	0	0	0	0	0	0	0	0	0	0	0	0	0	0	0	0	0	0	0	0	0	0	0	0	0	0	0	0	0	0	0	0	0	0	0	0	0	0	0	0	0	0	0	0	0	0	0	0	0	0	0	0	0	0	0	0	0	0	0	0	0	0	0	0	0	0	0	0	0	0	0	0	0	0	0	0	0	0	0	0	0	0	0	0	0	0	0	0	0	0	0	0	0	0	0	0	0	0	0	0	0	0	0	0	0	0	0	0	0	0	0	0	0	0	0	0	0	0	0	0	0	0	0	0	0	0	0	0	0	0	0	0	0	0	0	0	0	0	0	0	0	0	0	0	31	0	0	0	0	0	0	1	0	0	0	0	0	0	0	0	21	0	0	0	0	6	0	0	0	0	0	0	0	0	0	0	0	0	0	0	0	0	0	0	0	0	0	2	0	0	0	0	0	0	0	0	0	0	0	0	0	0	0	0	1	0	0	0	0	0	0	0	0	0	0	0	0	0	0	0	0	0	32	0	0	0	0	0	0	0	0	0	0	0	0	0	0	0	0	0	0	0	0	0	0	0	0	0	0	0	0	0	0	0	0	0	0	0	0	0	0	0	0	0	0	0	4	0	0	0	18	0	0	0	0	0	0	0	0	0	0	0	0	0	0	0	0	0	0	0	0	0	0	0	0	0	0	0	0	0	0	0	0	0	0	0	0	0	0	13	0	0	0	0	0	0	0	0	0	0	0	0	166	0	0	0	0	0	0	0	0	0	0	0	0	0	0	0	0	0	0	0	0	0	0	0	0	0	0	0	0	0	0	0	0	0	0	0	0	0	0	0	0	0	0	0	25	0	0	0	0	0	0	0	0	2	0	0	0	58	0	0	0	0	0	0	0	0	0	0	0	10	0	0	0	0	0	0	0	0	0	0	0	0	0	0	11	4	0	0	0	0	0	0	0	0	0	0	0	0	0	0	0	0	0	0	0	0	0	0	0	0	0	127	0	0	0	0	0	0	0	0	0	0	4	0	0	0	93	0	0	0	3	0	0	0	0	0	0	0	0	1	0	0	0	0	0	0	0	0	0	49	0	0	106	0	0	0	0	0	0	0	0	0	8	0	0	0	0	132	0	0	48	7	0	0	0	0	0	0	0	0	0	95	201	0	0	0	0	0	0	33	172	0	200	176	57	169	0	0	0	0	0	0	0	0	0	0	0	0	0	0	0	0	0	0	67	0	0	0	0	0	0	0	0	0	0	0	0	0	0	0	0	0	17	0	0	0	0	0	0	0	0	0	0	57	0	0	0	0	0	0	0	0	0	0	54	0	0	0	12	0	0	0	74	0	0	0	0	0	9	0	0	205	27	0	0	237	0	101	2	0	0	47	0	0	81	0	0	0	131	4	0	0	0	89	182	0	0	0	0	0	0	0	0	102	0	8	67	442	0	43	1	138	0	6	0	0	39	0	0	0	45	0	16	177	0	36	0	0	0	268	29	0	0	96	2	25	0	0	0	0	0	0	46	0	0	0	2	0	0	39	0	0	171	0	0	0	58	19	0	0	0	88	57	77	0	156	128	6	0	305	2	0	0	0	0	0	74	8	0	40	0	155	0	0	45	127	0	1	114	0	0	185	0	0	88	25	0	24	0	80	153	186	95	0	182	0	0	0	105	0	0	41	48	4	0	84	0	112	0	25	162	214	0	15	0	0	0	54	111	0	12	0	0	0	5	38	0	0	0	136	57	71	0	45	50	0	152	0	39	126	1
12	0	0	0	0	0	0	0	0	0	0	0	0	0	0	0	0	0	0	0	0	0	0	0	0	0	0	0	0	0	0	0	0	0	64	0	0	0	0	0	0	0	0	0	0	0	0	0	0	0	0	0	0	0	0	0	0	0	0	0	0	0	0	0	0	0	0	0	0	0	0	0	0	0	0	0	0	0	0	0	0	0	0	0	0	0	0	0	0	0	0	0	0	0	0	0	0	0	0	0	0	0	0	0	0	13	0	0	0	0	0	0	0	0	0	0	0	0	0	0	0	0	0	0	0	0	0	0	0	0	0	0	0	0	0	0	0	0	0	0	0	0	0	0	0	0	0	0	0	0	0	0	0	0	0	0	0	0	0	4	0	0	0	0	0	0	0	0	0	0	0	0	0	0	0	0	0	0	0	0	56	0	0	0	0	0	0	0	0	0	0	0	0	0	0	0	0	0	0	0	0	0	0	0	0	0	0	0	0	0	100	0	0	0	0	0	0	0	0	0	0	0	0	0	2	0	0	0	0	0	0	18	0	0	10	0	0	0	0	0	0	0	0	0	0	0	0	2	0	0	0	0	0	0	0	0	0	0	0	0	0	0	0	0	0	0	0	0	0	0	0	0	0	0	0	0	0	0	0	0	0	0	0	0	0	0	0	0	0	0	0	0	0	0	0	0	0	0	0	0	0	0	0	0	0	0	0	0	0	0	0	0	0	0	0	0	0	0	0	0	0	0	0	0	0	0	0	0	0	0	0	0	0	0	0	0	0	0	0	0	0	0	0	80	0	0	0	0	0	0	0	0	0	0	0	0	0	0	0	0	0	0	0	0	0	0	0	0	0	0	12	0	0	0	0	0	0	0	0	0	0	0	33	0	0	0	0	0	0	0	0	0	0	0	0	0	0	0	0	0	0	0	0	0	0	0	0	0	0	0	0	0	0	0	0	0	0	0	0	0	113	0	0	0	0	0	0	0	1	0	0	0	0	0	31	0	0	0	0	0	0	0	0	0	0	0	0	0	0	0	0	0	1	0	0	0	0	0	0	0	0	7	0	0	0	0	0	0	0	0	0	0	0	0	0	0	130	0	0	0	0	0	0	0	0	0	0	0	0	0	0	0	0	0	0	0	0	0	0	0	3	0	72	0	0	0	0	0	0	0	0	0	0	0	0	0	0	17	0	0	28	0	0	0	0	0	0	0	0	0	0	57	80	0	0	0	0	0	0	0	245	0	16	147	0	287	0	9	0	0	0	19	0	0	0	0	0	0	0	0	0	0	0	2	67	0	0	0	0	0	0	0	0	0	0	0	59	0	3	0	0	0	0	0	0	0	0	0	0	0	0	0	0	41	0	0	73	0	0	2	0	0	0	0	26	0	0	0	176	0	0	0	52	0	0	0	0	0	2	130	0	127	0	0	0	102	0	0	0	0	0	38	0	0	103	0	0	17	35	0	0	0	0	9	128	0	0	0	0	21	0	0	0	22	0	35	197	52	0	109	0	17	0	0	0	0	64	0	0	0	0	0	0	78	0	0	0	0	0	222	19	0	0	104	207	57	0	0	0	0	0	0	62	0	0	2	0	0	0	76	0	0	220	0	0	1	62	0	0	1	87	50	54	38	0	28	40	0	0	79	0	0	0	0	0	0	73	0	0	0	0	0	0	0	3	27	0	0	157	0	0	42	0	0	61	175	0	41	0	39	14	0	110	1	97	0	0	0	146	0	1	0	85	122	0	0	0	63	0	0	7	22	0	86	14	0	0	72	0	26	99	0	0	0	9	27	0	26	0	132	93	179	0	41	64	0	0	0	127	76	0
13	0	0	0	0	0	0	0	0	0	0	0	0	0	0	0	0	0	0	0	0	0	0	0	0	0	0	0	0	0	0	0	0	0	0	0	0	0	0	0	0	0	0	0	0	0	0	0	0	0	0	0	0	0	0	0	0	0	0	0	0	0	0	0	0	0	0	0	0	0	0	0	0	0	0	0	0	0	0	0	0	0	0	0	0	0	0	0	0	0	0	0	0	0	0	0	0	0	0	0	0	0	0	0	0	0	0	0	0	0	0	0	0	0	0	0	0	0	0	0	0	0	0	0	0	0	0	0	0	0	0	0	0	0	0	0	0	0	0	0	0	0	0	0	0	0	0	0	0	0	0	0	0	0	0	0	0	0	0	17	0	0	0	0	0	0	0	0	0	0	0	0	0	0	0	0	0	0	0	0	0	0	0	0	0	0	0	0	0	0	0	0	0	0	0	0	0	0	0	0	0	0	0	0	0	0	31	0	0	0	0	0	0	0	0	0	0	0	0	0	0	0	0	0	0	0	0	0	0	0	0	0	0	0	0	0	0	0	0	0	0	0	0	0	0	0	0	0	0	2	0	0	0	0	0	0	0	0	3	0	0	0	0	0	0	0	0	0	0	0	0	0	0	0	0	0	0	0	0	0	0	0	0	0	0	0	0	0	0	0	0	0	0	0	0	0	0	0	0	0	0	0	0	0	0	0	0	0	0	0	0	0	0	0	0	0	0	0	0	0	0	0	0	0	0	0	1	0	0	3	0	0	73	0	0	0	0	11	0	0	0	0	0	38	0	0	0	0	0	0	0	0	0	0	0	8	0	0	0	0	10	0	0	0	0	0	0	0	0	0	0	0	0	0	0	0	0	0	0	0	0	0	0	0	0	0	0	0	0	0	0	0	0	0	17	0	0	0	0	0	0	0	0	0	0	0	0	0	227	0	0	0	0	0	42	0	0	0	0	1	0	0	0	0	0	0	23	0	0	0	0	1	0	30	142	0	0	0	0	0	0	0	0	0	12	0	27	0	0	0	0	0	0	0	0	0	0	0	0	0	0	0	0	0	0	0	3	0	0	0	0	0	0	0	0	0	91	0	0	0	0	0	0	0	0	0	0	0	5	0	0	0	0	0	0	0	0	0	0	24	0	10	73	0	0	0	0	0	0	0	0	0	0	0	0	0	0	15	2	0	59	53	0	0	0	0	0	0	0	23	0	115	92	0	0	0	0	0	0	0	59	0	114	87	0	348	0	3	0	0	0	0	0	0	0	0	0	0	0	0	0	43	0	4	22	0	0	0	0	0	0	0	0	0	0	1	0	0	0	0	0	0	0	0	0	0	0	0	0	0	0	0	0	32	0	0	0	45	0	0	0	0	58	0	233	0	0	0	61	0	0	0	113	0	0	0	0	0	0	0	0	66	5	0	0	180	0	0	0	35	0	15	0	0	32	0	0	0	65	0	0	0	0	15	112	0	0	0	0	0	0	0	0	255	0	2	95	15	0	94	0	158	0	0	0	0	151	0	0	0	0	0	0	37	0	0	0	0	0	300	187	0	0	84	62	103	0	0	0	0	0	0	7	0	0	86	0	0	0	151	0	0	152	0	0	0	50	4	4	104	1	43	214	67	0	22	7	0	0	83	0	0	0	0	0	0	224	50	0	0	0	92	0	0	54	99	0	5	22	0	0	48	0	0	65	130	0	140	0	155	173	1	111	0	57	0	0	0	135	0	2	0	125	170	0	95	0	80	0	0	140	108	0	154	0	0	0	51	0	0	31	9	0	0	2	172	0	0	0	114	93	76	0	24	40	0	0	0	65	170	0
14	0	0	0	0	0	0	0	0	0	0	0	0	0	0	0	0	0	0	0	0	0	0	0	0	0	0	0	0	0	0	0	0	0	0	0	0	0	0	32	0	0	0	0	0	0	0	0	0	0	0	0	0	0	0	0	0	0	0	0	0	0	0	0	0	0	0	0	0	0	12	0	0	0	0	0	0	0	0	0	0	0	0	0	0	0	0	0	0	0	0	0	0	0	0	0	0	0	11	0	0	0	0	0	0	0	0	0	0	0	0	0	0	0	0	0	0	0	0	0	0	0	0	0	0	0	0	0	0	0	0	0	0	0	0	0	0	0	0	0	0	0	0	0	0	0	0	0	0	0	0	0	0	0	0	0	0	0	0	73	0	0	0	0	0	0	0	0	0	0	0	0	0	0	0	0	0	0	0	0	0	0	0	0	0	0	0	0	0	0	0	0	0	0	0	0	0	0	0	0	0	0	0	0	0	0	0	0	0	0	0	0	0	0	0	0	0	1	0	0	0	0	0	0	0	0	0	0	28	0	0	0	0	0	0	0	13	0	0	0	0	0	0	0	0	0	0	0	0	0	0	0	0	0	0	0	0	0	0	0	0	0	0	0	0	1	0	0	0	0	0	0	0	0	0	7	0	0	0	0	0	0	0	0	0	0	0	0	0	0	0	0	0	0	0	0	0	0	0	0	0	0	0	0	0	0	0	3	0	0	0	0	0	0	0	0	0	2	0	0	0	10	0	0	0	0	0	0	0	0	0	0	0	0	6	0	0	0	0	0	0	0	0	0	0	0	0	0	0	4	0	0	0	0	0	0	0	0	0	0	0	0	0	0	0	0	0	0	0	0	0	0	0	0	0	0	0	0	0	0	0	0	0	0	0	0	4	0	0	0	0	0	0	8	0	0	0	1	0	0	0	0	0	0	0	0	0	0	0	0	0	0	0	0	0	15	0	1	0	0	1	0	0	0	0	0	0	0	0	0	0	0	0	0	108	0	0	0	0	0	0	0	0	0	0	0	0	0	163	0	0	0	0	0	0	0	0	0	0	0	0	0	0	0	0	0	0	0	0	0	0	0	0	0	0	0	232	0	0	0	0	0	0	0	0	0	0	0	0	0	0	2	0	0	0	15	0	0	0	0	0	0	135	5	0	0	0	0	0	0	0	0	0	0	0	9	1	86	5	0	106	13	0	0	1	0	0	0	0	0	0	39	264	0	0	0	0	0	0	81	113	4	5	235	0	14	0	61	0	0	0	0	0	0	0	0	0	0	0	0	0	0	0	0	88	0	0	0	0	0	0	0	0	0	0	0	42	0	0	0	0	0	0	0	0	0	0	0	0	0	0	0	0	46	1	0	128	67	0	0	0	0	0	0	39	0	0	0	165	1	0	0	268	1	0	0	0	0	3	0	0	137	0	0	0	49	0	0	0	0	0	55	0	0	12	0	0	0	224	0	0	0	0	95	63	0	0	0	0	6	0	0	0	139	0	66	210	49	0	161	0	47	0	0	0	0	61	0	0	0	0	0	0	215	0	74	0	0	0	23	36	0	0	32	30	14	0	0	0	0	0	0	23	0	0	15	0	0	0	128	0	1	41	0	0	0	238	0	0	0	13	103	133	65	0	156	121	37	0	61	2	4	0	0	4	0	15	0	0	0	0	81	0	0	134	91	0	0	1	0	0	27	0	0	23	31	0	165	0	92	98	0	47	0	38	0	0	0	95	0	0	0	165	4	0	35	0	82	0	18	63	190	0	43	0	0	0	41	0	1	146	0	0	0	12	57	0	0	0	12	134	166	1	250	34	0	0	0	106	85	0
15	0	0	0	0	0	0	0	0	0	0	0	0	0	0	0	0	0	0	0	0	0	0	0	0	0	0	0	0	0	0	0	0	0	0	0	0	0	0	0	0	0	0	0	0	0	0	0	0	0	0	0	0	0	0	0	0	0	0	0	0	0	1	0	0	0	0	0	0	0	0	0	0	0	0	0	0	0	0	0	0	0	0	0	0	0	0	0	0	0	0	0	0	0	0	0	0	0	0	0	0	0	0	0	0	0	0	3	0	0	0	0	0	0	0	0	0	0	0	0	0	0	0	0	0	0	0	0	0	0	0	0	0	0	0	0	0	0	0	0	0	0	0	0	0	0	0	0	0	0	0	0	0	0	0	0	0	0	0	0	0	0	0	0	0	0	0	0	0	0	0	0	0	0	0	0	0	0	0	0	0	0	0	0	0	0	0	0	0	0	0	0	0	0	0	0	0	0	0	0	0	0	0	0	0	0	0	0	0	0	0	0	0	0	0	0	0	0	0	0	0	0	0	0	0	0	6	2	0	0	0	0	0	0	0	0	0	0	0	0	0	0	0	0	0	0	0	0	0	0	0	0	0	0	0	0	0	0	0	0	0	98	0	0	0	0	0	0	0	0	0	0	0	0	0	0	0	0	0	0	0	0	0	0	0	0	0	0	0	0	0	0	0	0	0	0	0	0	0	0	0	0	0	0	0	0	0	0	0	0	0	0	0	0	0	0	0	0	0	0	0	0	0	0	0	0	0	0	0	0	0	0	0	0	0	0	0	0	0	0	0	2	0	0	0	0	0	0	0	0	0	0	0	0	0	0	0	0	0	0	0	0	1	0	0	0	0	0	0	0	0	0	0	0	0	0	0	0	0	0	0	0	0	0	0	0	0	0	0	0	0	0	0	0	0	0	0	0	3	0	0	0	0	0	0	54	0	0	0	0	0	0	0	0	1	0	0	0	0	0	0	0	0	0	0	0	0	0	0	0	0	0	0	0	11	0	0	0	0	0	0	0	0	0	0	0	3	0	0	0	0	0	0	0	0	0	0	1	0	0	0	0	0	0	0	0	0	0	0	0	0	0	0	0	0	0	120	0	0	0	0	0	0	0	0	0	0	0	0	0	0	0	0	0	0	0	0	0	0	142	0	0	60	0	0	0	0	0	0	0	0	0	0	0	0	11	0	220	0	0	85	0	0	0	0	0	0	0	0	0	0	74	82	0	0	0	11	0	0	0	85	0	193	26	0	63	0	187	0	0	0	0	0	0	0	0	0	0	0	0	0	0	0	0	97	0	0	0	0	0	0	0	0	0	0	0	0	0	0	0	0	0	0	0	0	0	0	0	0	0	0	0	0	28	0	5	0	0	0	0	0	0	0	0	135	0	0	0	173	0	0	0	110	0	0	0	0	0	4	0	0	45	0	0	0	221	0	0	0	0	0	104	0	0	53	0	0	38	38	0	0	0	0	106	24	0	0	0	101	0	0	0	0	7	0	67	69	0	0	46	0	95	0	0	0	0	200	0	0	0	0	0	17	56	0	0	0	0	0	73	145	0	0	100	48	19	0	0	0	0	0	0	214	0	0	0	0	0	0	115	0	0	165	0	0	0	141	0	0	0	0	61	62	229	0	50	24	83	50	73	0	0	0	0	0	0	71	0	0	0	49	18	0	0	9	102	0	33	11	0	0	99	0	0	70	79	0	22	0	105	42	0	39	0	160	0	0	0	83	0	0	0	207	115	0	116	0	35	0	0	104	128	0	45	0	0	0	99	0	2	80	0	0	0	5	0	0	0	0	121	60	49	0	34	68	0	0	0	32	125	0
16	0	0	0	0	0	0	0	0	0	0	0	0	0	0	0	0	0	0	0	0	0	0	0	0	0	0	0	0	0	0	0	0	0	0	0	0	0	0	0	0	0	0	0	0	0	0	0	0	0	0	34	0	0	0	0	0	0	0	0	0	0	0	0	0	0	0	0	0	0	0	0	0	0	0	0	0	0	0	0	0	0	0	0	0	0	0	0	0	0	0	0	0	0	0	0	0	0	0	0	0	0	0	0	0	0	0	0	0	0	0	0	0	0	0	0	0	0	0	0	0	0	0	0	0	0	0	0	0	0	0	0	0	0	0	0	0	0	0	0	0	0	0	0	0	0	2	0	0	0	0	0	0	0	0	0	0	0	0	8	0	0	0	0	0	0	0	0	0	0	0	0	0	0	0	0	0	0	0	0	0	0	2	0	0	0	0	0	0	0	0	0	0	0	0	0	0	0	0	0	0	0	0	0	0	106	0	0	0	0	0	0	0	0	0	0	0	0	0	0	0	0	0	0	0	0	0	0	0	7	0	0	0	0	0	0	0	0	0	0	95	0	0	0	0	0	0	0	0	0	0	2	0	0	0	0	0	0	0	0	0	0	0	0	21	0	0	0	0	0	0	0	0	0	0	0	0	0	0	0	0	0	0	0	3	0	0	0	20	0	0	0	0	0	13	0	0	0	0	0	0	0	0	0	0	0	0	0	0	0	0	2	0	0	0	0	0	0	0	0	0	0	0	0	0	0	0	0	0	4	0	0	0	0	0	0	0	0	0	0	0	0	0	0	0	0	0	0	0	0	0	0	0	0	0	0	0	0	0	0	0	0	0	0	0	0	0	0	0	0	0	0	0	0	0	0	0	0	0	0	0	0	0	0	0	0	0	0	0	0	0	0	0	0	0	0	0	0	0	0	0	0	0	0	0	0	0	0	0	0	0	0	0	0	0	0	0	0	0	0	12	0	0	0	0	0	0	0	0	0	0	0	0	0	78	3	0	0	0	0	0	0	0	0	0	0	0	0	0	0	0	0	0	0	0	0	0	0	0	0	0	0	0	0	0	0	0	0	0	0	0	0	0	17	0	0	185	0	0	0	0	0	0	0	0	0	0	0	0	0	0	0	0	0	0	0	0	0	0	89	0	0	115	0	0	0	0	0	0	0	0	0	0	0	0	4	0	179	0	0	12	0	0	0	0	0	0	0	0	0	17	157	23	2	0	0	0	0	0	0	52	0	101	56	0	151	0	6	0	0	0	3	0	0	0	0	0	0	0	0	0	12	0	0	195	0	0	31	0	0	0	0	0	0	0	0	109	0	0	0	0	0	0	0	0	0	0	0	0	11	0	0	0	253	0	0	3	0	0	0	0	0	0	0	29	0	0	0	17	3	0	22	70	0	0	0	0	19	1	42	0	132	4	0	0	163	0	0	0	0	0	81	0	0	57	0	0	0	124	8	0	0	0	39	198	0	0	0	2	0	0	0	0	7	0	20	84	45	0	74	2	77	0	0	0	0	65	0	0	0	25	0	15	77	0	24	3	0	0	52	123	0	0	110	160	51	0	1	0	0	0	0	80	0	0	7	0	0	0	64	0	0	64	0	0	0	56	0	0	0	1	81	106	54	4	137	15	156	0	22	13	0	0	0	0	0	98	51	0	0	0	141	0	0	26	19	0	0	25	0	0	148	0	0	265	116	0	215	0	65	148	0	28	0	173	0	0	0	40	0	0	0	261	146	0	103	0	44	0	47	43	19	0	144	0	0	9	21	0	0	91	0	0	0	7	0	0	3	0	151	79	72	0	219	266	0	7	0	34	77	0
17	0	0	0	0	0	0	0	0	0	0	0	0	0	0	0	0	0	0	0	0	0	0	0	0	0	0	0	0	0	0	0	0	0	0	0	0	0	0	0	0	0	0	0	0	0	0	0	0	0	0	0	0	0	0	0	0	0	0	0	0	0	0	0	0	0	0	0	0	0	0	0	0	0	0	0	0	0	0	0	0	0	0	0	0	0	0	0	0	0	0	0	0	0	0	0	0	0	0	0	0	0	0	0	0	0	0	0	4	0	0	0	2	0	0	0	0	0	0	0	0	0	0	0	0	0	0	0	0	0	0	0	0	0	0	0	0	0	0	0	0	0	0	0	0	0	0	0	0	0	0	0	0	0	0	0	0	0	0	0	0	0	12	7	0	0	0	0	0	0	0	31	0	0	0	0	0	0	0	0	0	0	0	0	0	0	0	0	0	0	0	0	52	0	0	0	0	0	0	0	0	0	0	0	0	0	0	0	0	0	0	0	0	0	0	0	0	0	0	0	0	0	0	0	0	0	0	43	0	0	0	0	0	0	0	0	0	0	0	0	0	0	0	0	0	0	0	0	0	0	0	5	0	0	0	0	0	0	0	0	6	0	0	0	0	0	0	0	0	0	0	0	0	0	0	0	0	0	0	0	0	0	0	0	0	0	0	0	0	0	0	0	0	0	0	0	41	1	0	0	0	0	0	31	0	0	0	0	0	0	0	0	0	0	0	0	0	0	0	33	72	0	0	0	0	0	13	0	0	0	0	0	0	0	1	0	0	0	0	0	0	1	0	0	0	0	0	3	0	0	0	0	1	0	0	0	0	0	0	0	0	0	0	35	2	0	0	0	0	0	0	0	0	0	0	0	31	0	0	133	0	0	0	0	0	43	0	24	0	0	0	0	10	0	36	0	0	0	0	0	0	0	0	0	0	5	0	0	0	0	0	0	0	0	79	1	4	0	0	0	80	0	0	0	0	0	14	0	0	0	4	0	0	0	42	0	0	0	0	0	4	0	0	0	0	0	0	0	0	0	0	0	0	0	0	12	0	10	0	0	0	0	2	8	0	0	0	0	0	9	0	0	0	0	1	0	62	0	0	0	0	18	0	0	0	0	0	0	0	0	0	0	0	0	0	0	3	0	0	0	0	0	80	0	0	0	0	0	0	0	0	0	0	0	0	0	0	0	74	0	24	0	0	0	0	10	0	0	0	0	0	127	209	25	0	0	0	0	0	0	152	0	33	21	0	79	0	0	0	0	0	0	0	0	0	0	0	0	0	0	0	26	48	0	81	0	0	0	0	0	0	0	0	0	0	0	21	0	4	0	0	0	0	9	0	8	0	0	0	1	0	0	0	140	0	0	1	99	0	2	2	0	0	0	40	0	0	0	91	5	0	0	119	0	0	0	0	6	0	0	4	68	0	0	0	98	0	0	1	24	0	98	0	0	66	0	0	0	31	0	0	5	0	25	7	4	80	0	0	0	0	0	0	256	0	0	139	27	0	91	0	20	0	0	0	38	61	0	141	0	13	0	0	75	5	4	0	0	0	2	133	0	0	87	25	51	16	0	0	0	0	0	124	0	0	0	140	0	0	31	0	0	68	0	0	4	219	0	0	22	0	57	64	62	0	91	135	47	0	68	0	0	0	6	0	0	35	0	0	0	0	0	0	0	0	23	17	0	53	0	0	11	0	1	138	61	0	142	0	270	103	97	193	54	194	0	0	1	83	3	57	129	138	86	0	46	0	34	0	0	134	23	27	428	0	2	1	95	4	25	165	0	0	0	10	266	0	2	0	160	120	70	0	168	190	0	60	0	127	35	0
18	0	0	0	0	0	0	0	0	0	0	0	0	0	0	0	0	0	0	0	0	0	0	0	0	0	0	0	0	0	0	0	0	0	0	0	0	0	0	0	0	0	0	0	0	0	0	0	0	0	0	0	0	0	0	0	0	0	0	0	0	0	0	0	0	0	0	0	0	0	0	0	0	0	0	0	0	0	0	0	0	0	0	0	0	0	0	0	0	0	0	0	0	0	0	0	0	0	0	0	0	0	0	0	0	0	0	0	0	0	0	0	1	0	0	0	0	0	0	0	0	0	0	0	0	0	0	0	0	0	0	0	0	0	0	0	0	0	0	0	0	0	0	0	0	0	0	0	0	0	0	0	0	0	18	0	0	0	0	0	0	0	0	0	2	0	0	0	0	0	0	0	0	0	0	0	0	0	0	0	0	0	0	0	0	0	0	0	0	0	0	0	0	0	0	0	0	0	0	0	0	0	0	0	39	0	0	0	0	0	0	0	0	0	0	0	0	2	0	0	0	0	0	0	0	0	0	0	0	0	0	0	0	1	0	0	0	0	0	0	0	0	0	0	0	0	0	0	0	0	0	0	0	9	0	0	2	0	0	0	0	0	0	0	0	0	0	0	0	0	0	0	0	0	0	0	0	0	0	0	0	1	0	48	0	0	0	0	0	0	0	0	1	0	0	0	0	0	0	0	0	0	0	0	0	0	0	0	0	0	0	0	4	0	0	0	0	0	0	17	0	0	0	0	0	0	0	0	0	0	0	0	0	0	0	0	0	0	0	0	10	0	0	0	0	0	0	6	0	4	0	0	0	0	0	0	0	0	0	0	0	0	0	4	17	0	0	0	18	0	0	0	0	0	0	0	0	0	0	0	0	0	0	0	0	1	0	0	0	0	0	78	12	0	48	0	0	0	0	0	0	0	0	0	0	0	0	0	11	0	0	3	0	0	0	8	0	0	0	0	0	0	0	0	0	0	0	0	0	0	0	0	0	0	30	0	0	0	1	0	0	3	0	0	0	0	0	0	0	0	0	0	0	0	0	36	0	0	0	0	0	0	0	0	0	0	0	0	0	0	0	1	0	0	0	0	78	0	0	0	0	0	0	0	0	0	0	0	0	0	0	0	57	0	0	1	7	0	0	0	0	0	115	0	0	0	0	0	0	0	0	0	1	0	0	0	0	0	2	0	4	148	0	0	0	0	0	0	0	0	1	162	38	14	0	7	0	1	0	0	79	0	46	46	0	16	0	1	0	0	0	0	0	0	14	0	0	0	0	0	1	0	0	0	48	0	11	1	0	0	0	0	0	0	0	0	111	0	0	0	0	0	2	17	0	0	2	6	0	0	26	0	0	64	0	0	0	44	0	4	0	0	0	0	49	0	1	1	41	0	0	0	89	78	0	0	0	96	4	18	0	39	0	0	0	168	0	0	0	0	0	16	0	0	34	14	0	0	3	14	1	0	0	34	59	228	64	0	0	0	0	0	0	34	0	1	51	139	0	12	0	37	0	0	0	0	220	0	79	0	0	0	2	129	1	25	1	0	0	87	84	0	0	45	0	118	0	13	9	0	0	0	25	0	8	1	26	1	0	126	0	0	85	0	0	0	112	0	0	15	5	4	77	71	0	40	78	72	0	49	3	4	0	20	0	0	91	0	0	0	6	61	0	0	0	99	0	4	47	0	0	253	0	0	228	61	0	90	29	26	36	124	28	10	183	0	0	0	109	0	15	41	174	62	0	33	3	51	58	0	29	181	54	101	0	0	43	135	9	0	138	0	0	2	0	0	0	0	0	188	39	51	0	246	39	0	166	0	254	118	0
19	0	0	0	0	82	0	0	0	0	0	0	0	0	0	0	0	0	0	0	0	0	0	0	0	0	0	0	0	0	0	0	0	0	0	0	0	0	7	0	0	0	0	0	0	0	0	0	41	0	0	0	0	0	42	0	0	0	0	0	0	0	0	0	0	0	0	0	0	0	0	0	0	0	0	0	0	0	0	0	0	0	0	0	0	0	0	0	0	0	0	0	0	0	0	0	3	0	0	0	0	0	0	4	0	0	0	0	0	108	0	0	0	0	0	0	0	0	0	0	0	0	0	0	0	0	0	16	0	0	0	0	0	6	0	0	0	0	0	15	0	0	0	0	0	0	0	0	0	0	0	0	0	0	0	0	0	0	0	0	0	0	1	0	0	0	0	0	0	0	0	0	0	0	0	0	0	0	0	0	0	0	52	0	0	0	9	0	0	0	0	0	0	0	0	0	0	0	0	0	0	0	0	0	0	0	0	0	0	0	0	0	0	0	0	0	0	0	0	0	0	124	0	0	0	9	4	0	0	0	0	0	11	2	0	0	0	0	0	0	0	0	10	3	0	0	0	0	0	0	5	0	0	0	0	0	0	0	0	0	0	0	1	0	0	28	0	0	0	0	0	0	0	0	0	0	0	2	0	0	0	0	0	0	0	0	0	0	0	0	0	0	2	0	0	0	0	1	20	0	0	0	0	18	0	0	0	0	0	0	0	0	0	6	0	0	0	0	0	0	9	0	3	0	0	0	0	10	0	0	0	0	0	0	0	0	15	0	0	0	0	0	0	0	0	13	0	8	0	14	1	0	0	0	0	0	0	0	0	0	0	0	0	0	0	0	0	6	0	0	0	0	19	0	0	0	0	0	0	134	0	0	0	0	16	0	18	3	8	0	0	0	0	0	0	0	0	2	0	0	0	2	0	0	25	0	0	0	0	0	0	16	0	0	0	0	0	7	0	0	5	0	0	0	0	0	0	0	0	0	0	0	1	0	146	0	0	2	0	0	0	2	0	0	0	20	0	0	0	0	0	0	0	0	0	0	0	0	0	0	0	0	11	0	0	0	0	0	0	63	0	0	0	0	8	0	137	0	0	0	39	0	0	1	0	0	0	0	0	0	0	0	15	0	0	0	0	14	4	0	0	0	53	0	0	18	0	0	0	0	0	0	0	0	0	0	0	0	1	0	7	30	0	0	0	0	0	0	1	0	10	32	106	46	0	0	35	2	3	0	25	0	0	0	0	0	0	1	0	0	0	1	0	3	33	0	0	0	0	0	0	0	2	0	5	0	0	62	1	1	0	24	17	0	0	0	0	0	0	0	0	1	0	0	0	0	0	31	0	66	0	1	0	0	0	0	28	0	0	0	0	0	0	0	192	0	0	0	17	0	0	0	126	0	0	0	0	3	3	0	0	128	0	0	0	272	2	0	0	0	0	68	9	0	166	3	0	22	0	0	1	0	22	0	12	84	160	0	0	0	0	0	0	73	0	0	0	136	0	2	0	100	0	0	50	5	4	0	40	0	0	0	0	89	17	0	0	0	166	32	90	0	0	71	0	102	0	0	11	0	0	0	4	0	0	0	26	1	0	23	0	0	82	0	0	0	187	3	0	38	0	0	206	56	0	95	0	0	40	74	0	0	0	6	0	0	24	0	0	0	46	0	0	0	0	79	0	1	46	0	0	14	0	1	63	280	0	88	0	59	28	18	144	0	69	0	0	0	77	0	210	0	23	33	0	0	0	43	17	0	162	117	128	59	0	15	0	37	44	0	165	0	0	0	6	47	0	0	0	51	91	0	0	7	130	0	109	1	58	73	0
20	0	0	0	0	0	0	0	0	0	0	0	0	0	0	0	0	0	0	0	0	0	0	0	0	0	0	11	45	0	0	0	0	0	0	0	70	0	0	0	0	0	0	0	0	0	0	0	0	0	0	0	0	0	0	0	0	0	0	0	0	0	0	0	0	0	0	0	0	0	0	0	0	0	0	0	0	0	0	0	0	0	0	0	0	0	0	0	0	0	0	0	0	0	0	0	0	0	0	0	0	0	0	0	0	0	0	0	0	0	0	0	0	0	0	0	0	0	0	0	0	0	0	0	0	0	0	0	0	0	0	0	0	0	0	0	0	0	0	65	22	3	0	0	0	0	0	0	0	19	0	0	0	0	0	0	0	0	0	0	0	0	26	0	0	0	0	0	0	0	0	0	0	0	0	0	0	0	0	0	0	0	0	0	0	0	30	0	0	69	0	0	0	0	0	0	0	0	0	0	0	0	0	0	0	0	38	0	0	0	0	0	0	0	0	0	0	0	0	0	0	0	0	0	0	5	0	0	0	0	0	0	2	0	8	0	0	0	0	0	0	0	0	8	0	14	0	82	0	0	0	0	0	17	0	0	0	0	0	0	0	0	0	0	0	0	0	0	0	0	0	0	0	0	0	0	0	9	0	0	0	13	0	0	0	0	28	0	0	0	0	0	0	0	0	0	0	0	0	0	0	3	0	0	12	0	0	0	0	0	0	0	5	0	0	0	0	0	0	13	5	0	0	18	0	0	0	0	0	0	0	0	0	0	0	1	0	0	0	1	0	26	0	0	0	0	0	0	0	0	0	0	0	0	0	22	0	0	0	0	0	1	0	0	0	0	3	0	0	0	0	9	0	0	0	8	0	0	0	0	0	0	0	0	14	0	0	0	1	89	0	1	0	0	0	0	0	12	0	0	0	0	0	0	0	0	0	0	0	0	0	31	0	0	0	1	33	0	0	6	0	0	0	0	0	0	0	0	0	0	0	2	1	0	0	0	0	0	0	0	0	0	0	0	0	0	0	0	0	0	0	0	2	0	0	0	0	0	0	7	0	0	0	0	0	0	5	0	0	0	0	8	0	0	0	0	0	0	0	0	0	27	0	0	0	6	0	18	0	9	0	0	0	4	0	2	3	0	0	0	0	0	249	0	0	5	0	0	0	0	0	0	0	0	0	0	0	0	43	0	1	4	0	1	0	0	0	0	0	0	2	41	196	33	0	0	0	0	0	0	54	0	47	0	0	0	0	38	0	0	0	0	0	0	0	10	0	58	0	0	0	0	1	0	0	0	0	0	0	0	2	0	0	9	0	0	0	0	0	0	0	40	0	130	0	6	1	1	0	0	0	0	0	7	0	3	1	0	1	0	0	0	0	0	117	0	0	3	54	2	0	0	423	0	0	0	0	5	0	0	3	65	0	0	12	360	0	0	0	0	0	3	0	0	29	6	6	94	1	0	1	0	0	17	123	6	241	0	0	0	0	0	0	280	0	0	7	8	0	0	0	147	0	0	74	0	16	2	196	1	0	2	0	59	5	0	0	0	0	193	53	0	0	158	0	133	0	0	0	0	0	0	0	0	0	0	57	0	0	0	0	0	97	38	0	0	104	0	0	0	0	0	86	253	2	24	0	0	7	102	0	0	0	4	0	0	25	8	0	0	24	0	0	0	0	193	0	0	15	0	0	87	0	3	171	65	0	103	0	27	106	87	120	64	79	0	0	0	65	0	50	0	52	82	0	11	0	122	0	0	65	7	145	128	0	0	0	66	1	12	25	0	0	13	0	3	4	0	0	186	149	1	0	22	71	1	70	0	116	52	0
21	0	0	0	0	0	0	0	0	0	0	0	0	0	0	0	0	0	0	0	0	0	0	0	5	0	0	0	0	0	0	0	0	0	0	0	0	0	0	0	0	0	0	0	0	0	0	0	0	0	0	0	0	0	0	0	0	0	0	0	25	0	0	0	0	0	0	0	0	0	0	0	0	0	0	0	0	0	37	0	0	0	0	0	0	0	32	0	0	0	0	0	0	0	0	0	0	0	0	0	0	0	0	0	0	0	0	0	0	0	0	0	0	0	6	0	0	0	0	0	0	0	0	0	0	12	0	0	0	0	0	0	0	0	0	0	0	3	0	48	0	0	21	0	0	0	0	0	0	0	0	0	0	0	1	0	0	0	0	0	0	0	0	0	0	0	0	4	21	0	0	0	0	0	0	0	0	0	15	0	0	0	0	0	0	0	0	5	0	0	0	0	0	0	0	0	9	0	0	1	0	0	0	0	0	0	0	0	0	0	15	1	0	0	23	0	0	0	0	0	0	0	0	0	2	21	0	1	0	1	0	0	0	0	0	0	0	0	0	0	0	0	0	3	0	0	0	0	0	0	0	0	4	0	0	0	0	0	39	0	0	0	0	0	0	11	0	0	43	0	0	0	0	0	0	0	12	0	0	0	0	0	0	0	26	0	0	1	0	3	0	0	3	0	0	0	0	0	0	0	0	6	0	3	0	0	0	0	0	0	0	0	0	82	0	0	0	0	1	0	0	0	1	0	2	0	0	1	3	0	0	3	0	0	0	0	1	0	2	0	1	0	0	0	0	0	0	0	0	0	0	0	0	0	0	0	8	10	0	0	0	0	0	2	11	4	0	0	0	0	0	0	0	16	0	0	0	42	0	0	0	1	7	0	2	17	0	0	0	38	0	0	10	0	0	9	0	0	0	0	0	0	0	0	0	0	0	0	0	0	27	5	1	0	0	0	2	0	0	0	0	0	0	0	3	0	0	0	0	0	0	3	0	0	19	8	0	0	0	0	0	0	0	0	0	0	0	0	0	0	0	0	0	0	4	0	0	0	0	0	1	0	0	87	0	0	0	0	0	2	0	1	0	0	0	0	23	0	0	0	0	0	29	0	17	5	0	0	0	0	0	0	0	0	0	0	0	0	0	0	0	0	181	0	14	0	0	0	0	0	0	0	0	0	0	1	0	0	0	0	0	265	0	0	22	0	0	0	0	0	2	91	76	96	0	0	0	0	0	0	165	0	0	8	0	0	0	0	4	0	0	1	0	0	0	0	0	0	0	0	0	0	0	0	4	2	0	32	0	0	0	0	0	0	0	0	0	0	0	29	0	0	2	0	0	1	0	45	0	71	0	0	0	0	2	0	1	0	0	2	0	0	0	13	25	6	0	11	13	0	0	0	7	0	0	0	0	0	0	0	0	101	11	0	0	30	0	0	1	0	4	41	0	0	27	0	10	2	0	0	0	2	0	34	39	181	122	0	0	0	0	0	0	122	0	0	31	21	0	0	0	36	73	0	0	9	90	0	150	0	0	0	0	57	1	0	0	0	13	85	128	0	4	73	0	9	0	0	0	0	0	0	1	0	0	0	0	0	11	0	0	0	106	1	0	0	113	0	0	0	0	50	125	64	0	58	0	13	7	63	0	11	0	0	0	0	115	0	0	0	0	0	0	0	0	254	0	0	63	0	0	109	0	0	99	246	0	53	0	25	127	45	168	5	69	0	0	0	57	5	31	0	0	144	0	0	0	179	0	0	115	280	45	11	0	0	0	41	0	0	27	0	0	0	0	0	0	0	0	165	58	0	0	52	31	0	17	0	16	132	0
22	0	0	0	0	0	0	0	0	0	0	0	0	0	0	0	0	0	0	0	0	0	0	0	0	0	0	0	0	0	0	0	0	0	0	0	0	0	0	0	0	0	0	0	0	0	0	0	0	0	0	0	0	0	0	0	0	0	0	0	0	0	0	0	0	0	0	62	0	0	0	0	0	0	0	0	0	0	0	0	0	0	0	0	4	0	0	0	0	0	0	0	0	0	0	0	0	0	0	0	0	0	0	0	0	4	0	0	0	0	0	0	1	0	0	0	0	0	0	0	8	0	0	0	0	0	0	13	0	0	0	0	0	0	0	0	2	0	0	25	0	0	0	0	0	0	3	0	0	0	0	0	0	0	7	0	0	0	0	3	0	0	6	0	0	0	0	141	0	0	11	0	0	0	0	0	0	0	0	0	0	0	0	0	0	0	0	0	0	0	0	0	0	33	0	0	0	0	0	0	0	0	0	0	0	18	0	0	0	0	0	0	0	0	3	0	0	0	20	0	0	0	0	0	0	0	1	0	0	0	0	0	0	0	0	0	0	0	0	0	0	0	0	0	0	0	0	0	0	0	0	0	0	0	0	0	0	0	0	0	1	0	0	0	0	0	0	0	0	0	0	0	0	0	0	1	0	0	0	0	0	0	0	0	0	0	0	0	0	0	94	0	0	0	21	0	0	0	0	3	0	0	0	60	0	0	0	0	0	34	0	0	0	10	0	0	0	0	0	0	7	0	0	0	0	0	0	0	0	1	0	0	0	0	0	0	0	0	0	0	0	0	0	0	0	0	0	9	66	0	0	0	0	0	0	0	0	1	0	0	0	0	0	0	0	0	0	0	0	16	0	0	0	0	0	11	0	0	0	0	0	0	0	0	0	10	10	1	0	0	0	0	0	0	0	2	0	0	0	0	0	0	0	5	0	0	0	0	0	0	0	72	0	0	0	0	0	2	0	0	0	0	0	0	0	0	0	0	0	0	1	0	0	0	24	0	0	0	0	0	0	28	0	1	2	0	0	0	0	0	0	0	0	0	0	0	0	0	33	0	2	0	43	0	0	0	0	0	0	0	6	3	0	0	1	0	80	0	16	0	2	0	6	0	0	0	0	0	0	1	0	0	0	0	0	0	0	3	0	0	0	0	104	0	0	0	0	0	0	0	0	0	0	0	0	9	4	0	0	0	0	123	0	0	1	0	1	0	0	0	0	12	12	299	0	7	51	4	0	0	23	0	0	24	0	0	0	0	0	0	0	0	0	0	0	0	21	0	0	0	0	0	0	8	14	0	0	21	9	115	17	0	0	0	0	0	0	0	0	0	0	0	0	0	0	0	0	19	0	2	0	2	0	0	0	0	56	0	0	0	0	0	0	0	106	0	1	0	66	2	0	7	23	0	10	0	0	6	0	0	12	73	0	0	27	97	0	0	1	0	0	40	0	2	47	0	1	0	0	0	0	1	0	0	66	75	62	0	3	0	0	0	0	122	0	0	81	0	0	51	0	84	0	0	0	0	41	0	84	0	0	0	0	345	75	0	0	0	0	85	41	0	2	19	0	32	0	0	45	0	0	0	0	0	0	0	0	0	0	0	0	0	226	0	10	0	148	0	0	3	0	0	131	17	0	80	41	0	0	14	0	0	0	0	0	10	9	0	0	0	0	0	0	0	0	64	0	9	125	0	0	0	3	0	76	140	0	145	0	79	36	32	76	0	21	0	0	0	119	3	88	0	0	39	0	7	14	141	6	0	11	317	61	0	0	4	0	35	3	0	84	0	2	0	0	3	0	0	0	137	88	1	0	29	55	0	11	0	95	72	0
23	0	0	0	0	0	0	0	0	0	0	0	0	0	0	0	0	0	0	0	0	0	0	0	0	0	0	0	0	0	0	0	0	0	0	0	0	0	0	0	0	0	0	0	0	0	0	0	0	0	0	0	0	0	0	0	0	0	0	0	0	0	0	0	0	0	0	0	0	0	0	0	0	0	0	0	0	0	0	0	0	0	0	0	0	0	0	0	0	0	0	0	0	0	0	0	0	0	0	0	0	0	40	0	0	0	0	0	0	5	0	0	0	0	0	0	0	0	0	0	0	0	0	2	0	0	0	0	0	0	0	0	0	0	0	0	0	0	0	0	0	0	0	0	0	0	0	0	0	0	0	0	0	0	0	0	0	27	0	0	0	0	0	0	0	0	0	0	0	0	0	0	0	0	0	0	0	0	0	0	0	0	0	0	0	0	0	0	0	0	0	0	0	0	16	0	0	0	69	0	0	0	0	0	0	0	0	0	0	0	0	0	0	0	1	0	0	10	0	0	0	0	0	0	0	0	11	0	8	2	0	0	17	1	0	0	0	0	0	0	0	0	0	0	0	0	0	0	3	0	0	0	0	0	0	0	0	0	0	0	0	0	0	0	0	0	0	0	0	0	0	1	0	0	66	1	0	0	0	0	0	0	0	0	13	0	0	0	0	0	5	0	1	0	0	0	0	0	2	0	0	0	0	0	0	0	0	0	0	0	0	0	0	28	0	0	0	0	0	0	0	0	0	0	0	0	0	6	0	0	0	0	8	0	0	6	0	8	0	0	1	0	0	0	0	0	0	0	0	0	0	0	0	0	0	0	0	4	0	3	0	0	0	0	0	1	0	3	0	0	0	0	0	0	2	0	0	0	0	2	0	0	8	1	0	2	0	0	0	0	0	0	0	0	0	155	0	0	0	0	0	0	0	0	0	1	0	2	0	0	12	0	0	0	0	0	0	0	0	0	0	0	1	0	0	0	0	0	0	15	0	0	0	0	0	5	0	0	0	0	0	0	0	0	0	0	0	0	0	0	0	11	39	2	0	0	0	0	0	0	0	0	25	0	0	0	0	0	23	10	0	13	0	0	1	0	74	0	1	0	0	0	0	0	0	0	0	0	0	0	0	0	0	0	16	0	0	0	0	0	2	0	7	0	1	0	0	1	0	0	6	0	0	0	0	0	0	162	0	3	0	67	0	0	0	0	0	0	0	0	70	37	108	20	0	0	0	0	0	2	33	0	13	0	0	0	0	0	0	0	0	0	0	1	1	0	0	67	0	0	0	0	0	0	0	0	0	37	2	0	0	0	0	0	0	0	0	0	0	1	0	0	0	0	0	0	6	1	0	0	0	0	87	12	0	0	0	0	1	0	0	0	0	0	1	0	0	0	0	0	0	0	38	0	5	0	2	0	0	0	0	166	0	0	0	48	0	0	0	1	0	63	0	0	54	0	0	0	0	0	0	0	5	0	184	113	13	0	0	0	0	0	0	81	0	0	169	42	0	24	0	200	0	0	14	51	74	0	43	2	0	0	0	406	1	0	0	0	0	230	56	0	0	48	0	140	0	0	0	0	0	1	0	0	0	0	0	21	0	98	0	0	38	2	0	0	75	0	0	8	0	1	96	68	0	193	0	0	0	122	105	0	0	53	0	0	71	0	0	5	4	0	0	0	0	35	0	0	38	0	0	0	0	0	165	93	0	72	0	14	31	55	16	0	118	0	0	0	26	0	30	0	0	191	0	0	0	117	0	0	83	28	30	42	0	0	0	71	59	0	168	0	103	0	0	0	0	0	0	186	44	0	0	48	135	0	99	28	377	171	0
24	0	0	0	0	0	0	0	0	0	0	0	0	0	0	0	0	0	0	0	0	0	0	0	0	0	0	0	0	0	0	0	0	0	0	0	0	4	0	0	0	0	0	0	0	0	0	0	0	0	0	0	0	0	0	0	0	0	0	0	0	0	0	0	0	0	0	87	0	0	0	0	0	0	0	0	0	0	29	0	0	0	0	0	0	0	0	0	0	0	0	0	0	0	0	0	0	0	0	0	0	0	0	0	0	0	0	0	0	0	0	0	32	0	0	0	0	0	0	9	0	0	0	0	0	0	0	4	18	1	1	0	0	0	0	0	0	0	0	0	0	0	0	0	0	0	0	0	0	0	0	0	0	0	0	0	0	0	0	0	0	0	0	0	0	0	0	0	0	0	0	0	0	0	0	0	0	0	0	0	0	0	0	0	0	0	0	0	0	0	0	0	0	0	0	0	0	0	0	0	0	0	0	0	0	15	1	0	0	0	0	0	0	5	0	0	0	0	0	0	0	0	0	0	0	0	1	6	1	0	0	118	0	0	0	0	0	47	0	0	0	0	59	0	1	0	0	0	0	0	0	35	0	0	0	0	0	0	2	0	0	0	0	0	0	0	0	1	0	0	0	0	1	0	0	0	0	1	0	0	0	0	0	0	0	0	2	0	0	0	1	0	6	0	0	0	0	3	0	0	0	0	0	0	0	0	0	0	0	10	0	0	4	4	0	0	0	0	0	0	0	0	1	0	0	0	0	0	0	0	0	0	0	0	0	0	11	0	0	0	0	0	0	0	0	0	0	11	0	0	0	0	0	0	0	0	0	0	0	12	0	0	0	0	2	18	9	0	0	2	0	0	0	2	0	0	46	0	0	6	0	0	96	0	0	137	0	0	0	0	25	0	0	0	0	0	0	0	2	0	0	0	0	11	0	0	0	0	0	0	1	0	0	5	0	0	0	0	1	5	0	0	0	0	0	0	0	0	0	0	0	11	0	0	0	2	0	0	5	0	7	0	0	0	0	0	0	0	5	1	0	0	0	0	11	0	0	0	0	0	0	0	0	0	0	0	0	0	0	0	0	0	0	0	0	0	5	0	49	0	0	0	0	0	0	0	0	33	0	0	0	0	0	0	0	0	0	0	3	0	0	4	209	0	0	0	0	49	0	0	0	0	0	0	0	0	0	0	0	0	8	87	0	2	0	0	0	0	0	0	0	76	57	63	1	0	1	0	0	0	408	0	6	0	0	0	0	0	0	0	1	1	0	0	0	0	0	0	0	0	0	0	0	7	0	0	0	28	0	0	0	0	0	0	0	0	3	0	13	36	0	0	0	0	0	1	0	0	7	0	0	0	0	14	0	0	0	0	7	0	0	0	0	0	72	0	0	0	0	0	0	0	49	0	1	0	0	0	0	0	0	28	0	0	0	42	0	0	0	0	7	120	0	0	160	42	0	22	0	0	0	0	7	98	86	107	144	0	1	0	0	0	0	33	0	0	89	0	0	0	0	79	0	0	0	3	34	0	32	3	0	0	0	46	16	0	0	0	0	173	35	0	0	64	0	102	0	0	0	0	0	0	0	53	0	0	0	0	1	2	0	1	189	0	0	0	117	4	0	10	0	0	0	23	0	65	0	0	0	147	0	0	27	0	104	0	27	0	0	0	14	0	0	0	0	80	0	127	101	0	0	0	0	0	250	93	0	106	0	134	29	75	24	0	128	0	0	0	28	13	28	0	36	37	3	0	0	84	0	0	65	87	275	38	4	0	0	186	0	0	76	0	0	1	0	30	0	0	0	61	58	4	0	9	168	0	37	0	6	95	0
